Mod:Item:MetaData, Localized Name
minecraft:stone, Stone
minecraft:grass, Grass Block
minecraft:dirt:0, Dirt
minecraft:dirt:1, Barren Dirt
minecraft:dirt:2, Podzol
minecraft:cobblestone, Cobblestone
minecraft:planks:0, Oak Wood Planks
minecraft:planks:1, Spruce Wood Planks
minecraft:planks:2, Birch Wood Planks
minecraft:planks:3, Jungle Wood Planks
minecraft:planks:4, Acacia Wood Planks
minecraft:planks:5, Dark Oak Wood Planks
minecraft:sapling:0, Oak Sapling
minecraft:sapling:1, Spruce Sapling
minecraft:sapling:2, Birch Sapling
minecraft:sapling:3, Jungle Sapling
minecraft:sapling:4, Acacia Sapling
minecraft:sapling:5, Dark Oak Sapling
minecraft:bedrock, Bedrock
minecraft:flowing_water, Water
minecraft:water, Water
minecraft:flowing_lava, Lava
minecraft:lava, Lava
minecraft:sand:0, Sand
minecraft:sand:1, Red Sand
minecraft:gravel, Gravel
minecraft:gold_ore, Gold Ore
minecraft:iron_ore, Iron Ore
minecraft:coal_ore, Coal Ore
minecraft:log:0, Oak Wood
minecraft:log:1, Spruce Wood
minecraft:log:2, Birch Wood
minecraft:log:3, Jungle Wood
minecraft:leaves:0, Oak Leaves
minecraft:leaves:1, Spruce Leaves
minecraft:leaves:2, Birch Leaves
minecraft:leaves:3, Jungle Leaves
minecraft:sponge, Sponge
minecraft:glass, Glass
minecraft:lapis_ore, Lapis Lazuli Ore
minecraft:lapis_block, Lapis Lazuli Block
minecraft:dispenser, Dispenser
minecraft:sandstone:0, Sandstone
minecraft:sandstone:1, Chiseled Sandstone
minecraft:sandstone:2, Smooth Sandstone
minecraft:noteblock, Note Block
minecraft:golden_rail, Booster Track
minecraft:detector_rail, Detector Track
minecraft:sticky_piston, Sticky Piston
minecraft:web, Cobweb
minecraft:tallgrass:1, Grass
minecraft:tallgrass:2, Fern
minecraft:deadbush, Dead Bush
minecraft:piston, Piston
minecraft:wool:0, Wool
minecraft:wool:1, Orange Wool
minecraft:wool:2, Magenta Wool
minecraft:wool:3, Light Blue Wool
minecraft:wool:4, Yellow Wool
minecraft:wool:5, Lime Wool
minecraft:wool:6, Pink Wool
minecraft:wool:7, Gray Wool
minecraft:wool:8, Light Gray Wool
minecraft:wool:9, Cyan Wool
minecraft:wool:10, Purple Wool
minecraft:wool:11, Blue Wool
minecraft:wool:12, Brown Wool
minecraft:wool:13, Green Wool
minecraft:wool:14, Red Wool
minecraft:wool:15, Black Wool
minecraft:yellow_flower:0, Dandelion
minecraft:red_flower:0, Poppy
minecraft:red_flower:1, Blue Orchid
minecraft:red_flower:2, Allium
minecraft:red_flower:3, Azure Bluet
minecraft:red_flower:4, Red Tulip
minecraft:red_flower:5, Orange Tulip
minecraft:red_flower:6, White Tulip
minecraft:red_flower:7, Pink Tulip
minecraft:red_flower:8, Oxeye Daisy
minecraft:brown_mushroom, Mushroom
minecraft:red_mushroom, Mushroom
minecraft:gold_block, Block of Gold
minecraft:iron_block, Block of Iron
minecraft:stone_slab:0, Stone Slab
minecraft:stone_slab:1, Sandstone Slab
minecraft:stone_slab:3, Cobblestone Slab
minecraft:stone_slab:4, Bricks Slab
minecraft:stone_slab:5, Stone Bricks Slab
minecraft:stone_slab:6, Nether Brick Slab
minecraft:stone_slab:7, Quartz Slab
minecraft:brick_block, Bricks
minecraft:tnt, TNT
minecraft:bookshelf, Bookshelf
minecraft:mossy_cobblestone, Moss Stone
minecraft:obsidian, Obsidian
minecraft:torch, Torch
minecraft:fire, Fire
minecraft:mob_spawner:0, Monster Spawner
minecraft:oak_stairs, Oak Wood Stairs
minecraft:chest, Chest
minecraft:diamond_ore, Diamond Ore
minecraft:diamond_block, Block of Diamond
minecraft:crafting_table, Crafting Table
minecraft:farmland, Farmland
minecraft:furnace, Furnace
minecraft:lit_furnace, Furnace
minecraft:ladder, Ladder
minecraft:rail, Track
minecraft:stone_stairs, Cobblestone Stairs
minecraft:lever, Lever
minecraft:stone_pressure_plate, Pressure Plate
minecraft:wooden_pressure_plate, Pressure Plate
minecraft:redstone_ore, Redstone Ore
minecraft:redstone_torch, Redstone Torch
minecraft:stone_button, Button
minecraft:snow_layer:0, Snow
minecraft:ice, Ice
minecraft:snow, Snow
minecraft:cactus, Cactus
minecraft:clay, Clay
minecraft:jukebox, Jukebox
minecraft:fence:0, Oak Wood Fence
minecraft:fence:1, Spruce Wood Fence
minecraft:fence:2, Birch Wood Fence
minecraft:fence:3, Jungle Wood Fence
minecraft:fence:4, Acacia Wood Fence
minecraft:fence:5, Dark Oak Wood Fence
minecraft:pumpkin, Pumpkin
minecraft:netherrack, Netherrack
minecraft:soul_sand, Soul Sand
minecraft:glowstone, Glowstone
minecraft:portal, Portal
minecraft:lit_pumpkin, Jack o'Lantern
minecraft:stained_glass:0, White Stained Glass
minecraft:stained_glass:1, Orange Stained Glass
minecraft:stained_glass:2, Magenta Stained Glass
minecraft:stained_glass:3, Light Blue Stained Glass
minecraft:stained_glass:4, Yellow Stained Glass
minecraft:stained_glass:5, Lime Stained Glass
minecraft:stained_glass:6, Pink Stained Glass
minecraft:stained_glass:7, Gray Stained Glass
minecraft:stained_glass:8, Light Gray Stained Glass
minecraft:stained_glass:9, Cyan Stained Glass
minecraft:stained_glass:10, Purple Stained Glass
minecraft:stained_glass:11, Blue Stained Glass
minecraft:stained_glass:12, Brown Stained Glass
minecraft:stained_glass:13, Green Stained Glass
minecraft:stained_glass:14, Red Stained Glass
minecraft:stained_glass:15, Black Stained Glass
minecraft:trapdoor, Trapdoor
minecraft:monster_egg:0, Silverfish Block
minecraft:monster_egg:1, Silverfish Block
minecraft:monster_egg:2, Silverfish Block
minecraft:monster_egg:3, Silverfish Block
minecraft:monster_egg:4, Silverfish Block
minecraft:monster_egg:5, Silverfish Block
minecraft:stonebrick:0, Stone Bricks
minecraft:stonebrick:1, Mossy Stone Bricks
minecraft:stonebrick:2, Cracked Stone Bricks
minecraft:stonebrick:3, Chiseled Stone Bricks
minecraft:brown_mushroom_block, Mushroom
minecraft:red_mushroom_block, Mushroom
minecraft:iron_bars, Iron Bars
minecraft:glass_pane, Glass Pane
minecraft:melon_block, Melon
minecraft:vine, Vines
minecraft:fence_gate, Fence Gate
minecraft:brick_stairs, Brick Stairs
minecraft:stone_brick_stairs, Stone Brick Stairs
minecraft:mycelium, Mycelium
minecraft:waterlily, Lily Pad
minecraft:nether_brick, Nether Brick
minecraft:nether_brick_fence, Nether Brick Fence
minecraft:nether_brick_stairs, Nether Brick Stairs
minecraft:enchanting_table, Enchantment Table
minecraft:end_portal, Unnamed Block, report to mod author.
minecraft:end_portal_frame, End Portal
minecraft:end_stone, End Stone
minecraft:dragon_egg, Dragon Egg
minecraft:redstone_lamp, Redstone Lamp
minecraft:wooden_slab:0, Oak Wood Slab
minecraft:wooden_slab:1, Spruce Wood Slab
minecraft:wooden_slab:2, Birch Wood Slab
minecraft:wooden_slab:3, Jungle Wood Slab
minecraft:wooden_slab:4, Acacia Wood Slab
minecraft:wooden_slab:5, Dark Oak Wood Slab
minecraft:cocoa, Cocoa
minecraft:sandstone_stairs, Sandstone Stairs
minecraft:emerald_ore, Emerald Ore
minecraft:ender_chest, Ender Chest
minecraft:tripwire_hook, Tripwire Hook
minecraft:emerald_block, Block of Emerald
minecraft:spruce_stairs, Spruce Wood Stairs
minecraft:birch_stairs, Birch Wood Stairs
minecraft:jungle_stairs, Jungle Wood Stairs
minecraft:command_block, Command Block
minecraft:beacon, Beacon
minecraft:cobblestone_wall:0, Cobblestone Wall
minecraft:cobblestone_wall:1, Mossy Cobblestone Wall
minecraft:carrots, Carrots
minecraft:potatoes, Potatoes
minecraft:wooden_button, Button
minecraft:anvil:0, Anvil
minecraft:anvil:1, Slightly Damaged Anvil
minecraft:anvil:2, Very Damaged Anvil
minecraft:trapped_chest, Trapped Chest
minecraft:light_weighted_pressure_plate, Weighted Pressure Plate (Light)
minecraft:heavy_weighted_pressure_plate, Weighted Pressure Plate (Heavy)
minecraft:daylight_detector, Daylight Sensor
minecraft:redstone_block, Block of Redstone
minecraft:quartz_ore, Nether Quartz Ore
minecraft:hopper, Hopper
minecraft:quartz_block:0, Block of Quartz
minecraft:quartz_block:1, Chiseled Quartz Block
minecraft:quartz_block:2, Pillar Quartz Block
minecraft:quartz_stairs, Quartz Stairs
minecraft:activator_rail, Activator Track
minecraft:dropper, Dropper
minecraft:stained_hardened_clay:0, White Stained Clay
minecraft:stained_hardened_clay:1, Orange Stained Clay
minecraft:stained_hardened_clay:2, Magenta Stained Clay
minecraft:stained_hardened_clay:3, Light Blue Stained Clay
minecraft:stained_hardened_clay:4, Yellow Stained Clay
minecraft:stained_hardened_clay:5, Lime Stained Clay
minecraft:stained_hardened_clay:6, Pink Stained Clay
minecraft:stained_hardened_clay:7, Gray Stained Clay
minecraft:stained_hardened_clay:8, Light Gray Stained Clay
minecraft:stained_hardened_clay:9, Cyan Stained Clay
minecraft:stained_hardened_clay:10, Purple Stained Clay
minecraft:stained_hardened_clay:11, Blue Stained Clay
minecraft:stained_hardened_clay:12, Brown Stained Clay
minecraft:stained_hardened_clay:13, Green Stained Clay
minecraft:stained_hardened_clay:14, Red Stained Clay
minecraft:stained_hardened_clay:15, Black Stained Clay
minecraft:stained_glass_pane:0, White Stained Glass Pane
minecraft:stained_glass_pane:1, Orange Stained Glass Pane
minecraft:stained_glass_pane:2, Magenta Stained Glass Pane
minecraft:stained_glass_pane:3, Light Blue Stained Glass Pane
minecraft:stained_glass_pane:4, Yellow Stained Glass Pane
minecraft:stained_glass_pane:5, Lime Stained Glass Pane
minecraft:stained_glass_pane:6, Pink Stained Glass Pane
minecraft:stained_glass_pane:7, Gray Stained Glass Pane
minecraft:stained_glass_pane:8, Light Gray Stained Glass Pane
minecraft:stained_glass_pane:9, Cyan Stained Glass Pane
minecraft:stained_glass_pane:10, Purple Stained Glass Pane
minecraft:stained_glass_pane:11, Blue Stained Glass Pane
minecraft:stained_glass_pane:12, Brown Stained Glass Pane
minecraft:stained_glass_pane:13, Green Stained Glass Pane
minecraft:stained_glass_pane:14, Red Stained Glass Pane
minecraft:stained_glass_pane:15, Black Stained Glass Pane
minecraft:leaves2:0, Acacia Leaves
minecraft:leaves2:1, Dark Oak Leaves
minecraft:log2:0, Acacia Wood
minecraft:log2:1, Dark Oak Wood
minecraft:acacia_stairs, Acacia Wood Stairs
minecraft:dark_oak_stairs, Dark Oak Wood Stairs
lotr:tile.lotr:rock:0, Mordor Rock
lotr:tile.lotr:rock:1, Gondor Rock
lotr:tile.lotr:rock:2, Rohan Rock
lotr:tile.lotr:rock:3, Sarlluin
lotr:tile.lotr:rock:4, Sarncaran
lotr:tile.lotr:rock:5, Chalk
lotr:tile.lotr:oreCopper, Copper Ore
lotr:tile.lotr:oreTin, Tin Ore
lotr:tile.lotr:oreSilver, Silver Ore
lotr:tile.lotr:oreMithril, Mithril Ore
minecraft:hay_block, Hay Bale
minecraft:carpet:0, Carpet
minecraft:carpet:1, Orange Carpet
minecraft:carpet:2, Magenta Carpet
minecraft:carpet:3, Light Blue Carpet
minecraft:carpet:4, Yellow Carpet
minecraft:carpet:5, Lime Carpet
minecraft:carpet:6, Pink Carpet
minecraft:carpet:7, Gray Carpet
minecraft:carpet:8, Light Gray Carpet
minecraft:carpet:9, Cyan Carpet
minecraft:carpet:10, Purple Carpet
minecraft:carpet:11, Blue Carpet
minecraft:carpet:12, Brown Carpet
minecraft:carpet:13, Green Carpet
minecraft:carpet:14, Red Carpet
minecraft:carpet:15, Black Carpet
minecraft:hardened_clay, Hardened Clay
minecraft:coal_block, Block of Coal
minecraft:packed_ice, Packed Ice
minecraft:double_plant:0, Sunflower
minecraft:double_plant:1, Lilac
minecraft:double_plant:2, Double Tallgrass
minecraft:double_plant:3, Large Fern
minecraft:double_plant:4, Rose Bush
minecraft:double_plant:5, Peony
lotr:tile.lotr:beacon, Beacon of Gondor
lotr:tile.lotr:simbelmyne, Simbelmynë
lotr:tile.lotr:wood:0, Shire Pine Wood
lotr:tile.lotr:wood:1, Mallorn Wood
lotr:tile.lotr:wood:2, Mirk-oak Wood
lotr:tile.lotr:wood:3, Charred Wood
lotr:tile.lotr:leaves:0, Shire Pine Leaves
lotr:tile.lotr:leaves:1, Mallorn Leaves
lotr:tile.lotr:leaves:2, Mirk-oak Leaves
lotr:tile.lotr:leaves:3, Red Mirk-oak Leaves
lotr:tile.lotr:planks:0, Shire Pine Wood Planks
lotr:tile.lotr:planks:1, Mallorn Wood Planks
lotr:tile.lotr:planks:2, Mirk-oak Wood Planks
lotr:tile.lotr:planks:3, Charred Wood Planks
lotr:tile.lotr:planks:4, Apple Wood Planks
lotr:tile.lotr:planks:5, Pear Wood Planks
lotr:tile.lotr:planks:6, Cherry Wood Planks
lotr:tile.lotr:planks:7, Mango Wood Planks
lotr:tile.lotr:planks:8, Lebethron Wood Planks
lotr:tile.lotr:planks:9, Beech Wood Planks
lotr:tile.lotr:planks:10, Holly Wood Planks
lotr:tile.lotr:planks:11, Banana Wood Planks
lotr:tile.lotr:planks:12, Maple Wood Planks
lotr:tile.lotr:planks:13, Larch Wood Planks
lotr:tile.lotr:planks:14, Date Palm Wood Planks
lotr:tile.lotr:planks:15, Mangrove Wood Planks
lotr:tile.lotr:sapling:0, Shire Pine Sapling
lotr:tile.lotr:sapling:1, Mallorn Sapling
lotr:tile.lotr:sapling:2, Mirk-oak Sapling
lotr:tile.lotr:sapling:3, Red Mirk-oak Sapling
lotr:tile.lotr:woodSlabSingle:0, Shire Pine Wood Slab
lotr:tile.lotr:woodSlabSingle:1, Mallorn Wood Slab
lotr:tile.lotr:woodSlabSingle:2, Mirk-oak Wood Slab
lotr:tile.lotr:woodSlabSingle:3, Charred Wood Slab
lotr:tile.lotr:woodSlabSingle:4, Apple Wood Slab
lotr:tile.lotr:woodSlabSingle:5, Pear Wood Slab
lotr:tile.lotr:woodSlabSingle:6, Cherry Wood Slab
lotr:tile.lotr:woodSlabSingle:7, Mango Wood Slab
lotr:tile.lotr:stairsPine, Shire Pine Wood Stairs
lotr:tile.lotr:shireHeather, Shire Heather
lotr:tile.lotr:brick:0, Mordor Brick
lotr:tile.lotr:brick:1, Gondor Brick
lotr:tile.lotr:brick:2, Mossy Gondor Brick
lotr:tile.lotr:brick:3, Cracked Gondor Brick
lotr:tile.lotr:brick:4, Rohan Brick
lotr:tile.lotr:brick:5, Carved Gondor Brick
lotr:tile.lotr:brick:6, Dwarven Brick
lotr:tile.lotr:brick:7, Cracked Mordor Brick
lotr:tile.lotr:brick:8, Silver-trimmed Dwarven Brick
lotr:tile.lotr:brick:9, Gold-trimmed Dwarven Brick
lotr:tile.lotr:brick:10, Mithril-trimmed Dwarven Brick
lotr:tile.lotr:brick:11, Galadhrim Brick
lotr:tile.lotr:brick:12, Mossy Galadhrim Brick
lotr:tile.lotr:brick:13, Cracked Galadhrim Brick
lotr:tile.lotr:brick:14, Sarlluin Brick
lotr:tile.lotr:brick:15, Near Harad Brick
lotr:tile.lotr:appleCrumble, tile.lotr:appleCrumble.name
lotr:tile.lotr:hobbitOven, Hobbit Oven
lotr:tile.lotr:oreStorage:0, Block of Copper
lotr:tile.lotr:oreStorage:1, Block of Tin
lotr:tile.lotr:oreStorage:2, Block of Bronze
lotr:tile.lotr:oreStorage:3, Block of Silver
lotr:tile.lotr:oreStorage:4, Block of Mithril
lotr:tile.lotr:oreStorage:5, Block of Orc Steel
lotr:tile.lotr:oreStorage:6, Block of Quendite
lotr:tile.lotr:oreStorage:7, Block of Dwarven Steel
lotr:tile.lotr:oreStorage:8, Block of Galvorn
lotr:tile.lotr:oreStorage:9, Block of Uruk Steel
lotr:tile.lotr:oreStorage:10, Block of Naurite
lotr:tile.lotr:oreStorage:11, Block of Gulduril
lotr:tile.lotr:oreStorage:12, Block of Morgul Steel
lotr:tile.lotr:oreStorage:13, Block of Sulfur
lotr:tile.lotr:oreStorage:14, Block of Saltpeter
lotr:tile.lotr:oreStorage:15, Block of Blue Dwarven Steel
lotr:tile.lotr:oreNaurite, Naurite Ore
lotr:tile.lotr:oreMorgulIron:0, Morgul Iron Ore
lotr:tile.lotr:oreMorgulIron:1, Morgul Iron Ore
lotr:tile.lotr:morgulCraftingTable, Morgul Crafting Table
lotr:tile.lotr:chandelier:0, Bronze Chandelier
lotr:tile.lotr:chandelier:1, Iron Chandelier
lotr:tile.lotr:chandelier:2, Silver Chandelier
lotr:tile.lotr:chandelier:3, Gold Chandelier
lotr:tile.lotr:chandelier:4, Mithril Chandelier
lotr:tile.lotr:chandelier:5, Galadhrim Chandelier
lotr:tile.lotr:chandelier:6, Wood-elven Chandelier
lotr:tile.lotr:chandelier:7, Orc Chandelier
lotr:tile.lotr:chandelier:8, Dwarven Chandelier
lotr:tile.lotr:chandelier:9, Uruk Chandelier
lotr:tile.lotr:chandelier:10, High Elven Chandelier
lotr:tile.lotr:chandelier:11, Blue Dwarven Chandelier
lotr:tile.lotr:chandelier:12, Morgul Chandelier
lotr:tile.lotr:pipeweedPlant, Pipeweed Plant
lotr:tile.lotr:pipeweed, tile.lotr:pipeweed.name
lotr:tile.lotr:slabSingle:0, Mordor Rock Slab
lotr:tile.lotr:slabSingle:1, Mordor Brick Slab
lotr:tile.lotr:slabSingle:2, Gondor Rock Slab
lotr:tile.lotr:slabSingle:3, Gondor Brick Slab
lotr:tile.lotr:slabSingle:4, Mossy Gondor Brick Slab
lotr:tile.lotr:slabSingle:5, Cracked Gondor Brick Slab
lotr:tile.lotr:slabSingle:6, Rohan Brick Slab
lotr:tile.lotr:slabSingle:7, Dwarven Brick Slab
lotr:tile.lotr:stairsMordorBrick, Mordor Brick Stairs
lotr:tile.lotr:stairsGondorBrick, Gondor Brick Stairs
lotr:tile.lotr:wallStone:0, Mordor Rock Wall
lotr:tile.lotr:wallStone:1, Mordor Brick Wall
lotr:tile.lotr:wallStone:2, Gondor Rock Wall
lotr:tile.lotr:wallStone:3, Gondor Brick Wall
lotr:tile.lotr:wallStone:4, Mossy Gondor Brick Wall
lotr:tile.lotr:wallStone:5, Cracked Gondor Brick Wall
lotr:tile.lotr:wallStone:6, Rohan Brick Wall
lotr:tile.lotr:wallStone:7, Dwarven Brick Wall
lotr:tile.lotr:wallStone:8, Rohan Rock Wall
lotr:tile.lotr:wallStone:9, Cracked Mordor Brick Wall
lotr:tile.lotr:wallStone:10, Galadhrim Brick Wall
lotr:tile.lotr:wallStone:11, Mossy Galadhrim Brick Wall
lotr:tile.lotr:wallStone:12, Cracked Galadhrim Brick Wall
lotr:tile.lotr:wallStone:13, Sarlluin Wall
lotr:tile.lotr:wallStone:14, Sarlluin Brick Wall
lotr:tile.lotr:wallStone:15, Near Harad Brick Wall
lotr:tile.lotr:barrel, Barrel
lotr:tile.lotr:lettuce, tile.lotr:lettuce.name
lotr:tile.lotr:orcBomb:0, Orc Bomb
lotr:tile.lotr:orcBomb:1, Orc Bomb
lotr:tile.lotr:orcBomb:2, Orc Bomb
lotr:tile.lotr:orcBomb:8, Orc Bomb
lotr:tile.lotr:orcBomb:9, Orc Bomb
lotr:tile.lotr:orcBomb:10, Orc Bomb
lotr:tile.lotr:orcTorch, tile.lotr:orcTorch.name
lotr:tile.lotr:elanor, Elanor
lotr:tile.lotr:niphredil, Niphredil
lotr:tile.lotr:stairsMallorn, Mallorn Wood Stairs
lotr:tile.lotr:elvenCraftingTable, Galadhrim Crafting Table
lotr:tile.lotr:mobSpawner:1, Mob Spawner
lotr:tile.lotr:mobSpawner:2, Mob Spawner
lotr:tile.lotr:mobSpawner:3, Mob Spawner
lotr:tile.lotr:mobSpawner:4, Mob Spawner
lotr:tile.lotr:mobSpawner:5, Mob Spawner
lotr:tile.lotr:mobSpawner:6, Mob Spawner
lotr:tile.lotr:mobSpawner:8, Mob Spawner
lotr:tile.lotr:mobSpawner:9, Mob Spawner
lotr:tile.lotr:mobSpawner:10, Mob Spawner
lotr:tile.lotr:mobSpawner:11, Mob Spawner
lotr:tile.lotr:mobSpawner:12, Mob Spawner
lotr:tile.lotr:mobSpawner:13, Mob Spawner
lotr:tile.lotr:mobSpawner:14, Mob Spawner
lotr:tile.lotr:mobSpawner:15, Mob Spawner
lotr:tile.lotr:mobSpawner:16, Mob Spawner
lotr:tile.lotr:mobSpawner:17, Mob Spawner
lotr:tile.lotr:mobSpawner:18, Mob Spawner
lotr:tile.lotr:mobSpawner:19, Mob Spawner
lotr:tile.lotr:mobSpawner:20, Mob Spawner
lotr:tile.lotr:mobSpawner:21, Mob Spawner
lotr:tile.lotr:mobSpawner:22, Mob Spawner
lotr:tile.lotr:mobSpawner:23, Mob Spawner
lotr:tile.lotr:mobSpawner:24, Mob Spawner
lotr:tile.lotr:mobSpawner:25, Mob Spawner
lotr:tile.lotr:mobSpawner:26, Mob Spawner
lotr:tile.lotr:mobSpawner:27, Mob Spawner
lotr:tile.lotr:mobSpawner:28, Mob Spawner
lotr:tile.lotr:mobSpawner:29, Mob Spawner
lotr:tile.lotr:mobSpawner:30, Mob Spawner
lotr:tile.lotr:mobSpawner:31, Mob Spawner
lotr:tile.lotr:mobSpawner:32, Mob Spawner
lotr:tile.lotr:mobSpawner:33, Mob Spawner
lotr:tile.lotr:mobSpawner:34, Mob Spawner
lotr:tile.lotr:mobSpawner:35, Mob Spawner
lotr:tile.lotr:mobSpawner:36, Mob Spawner
lotr:tile.lotr:mobSpawner:37, Mob Spawner
lotr:tile.lotr:mobSpawner:38, Mob Spawner
lotr:tile.lotr:mobSpawner:39, Mob Spawner
lotr:tile.lotr:mobSpawner:40, Mob Spawner
lotr:tile.lotr:mobSpawner:41, Mob Spawner
lotr:tile.lotr:mobSpawner:42, Mob Spawner
lotr:tile.lotr:mobSpawner:43, Mob Spawner
lotr:tile.lotr:mobSpawner:44, Mob Spawner
lotr:tile.lotr:mobSpawner:45, Mob Spawner
lotr:tile.lotr:mobSpawner:46, Mob Spawner
lotr:tile.lotr:mobSpawner:47, Mob Spawner
lotr:tile.lotr:mobSpawner:48, Mob Spawner
lotr:tile.lotr:mobSpawner:49, Mob Spawner
lotr:tile.lotr:mobSpawner:50, Mob Spawner
lotr:tile.lotr:mobSpawner:51, Mob Spawner
lotr:tile.lotr:mobSpawner:52, Mob Spawner
lotr:tile.lotr:mobSpawner:53, Mob Spawner
lotr:tile.lotr:mobSpawner:54, Mob Spawner
lotr:tile.lotr:mobSpawner:55, Mob Spawner
lotr:tile.lotr:mobSpawner:56, Mob Spawner
lotr:tile.lotr:mobSpawner:58, Mob Spawner
lotr:tile.lotr:mobSpawner:59, Mob Spawner
lotr:tile.lotr:mobSpawner:60, Mob Spawner
lotr:tile.lotr:mobSpawner:61, Mob Spawner
lotr:tile.lotr:mobSpawner:62, Mob Spawner
lotr:tile.lotr:mobSpawner:63, Mob Spawner
lotr:tile.lotr:mobSpawner:64, Mob Spawner
lotr:tile.lotr:mobSpawner:65, Mob Spawner
lotr:tile.lotr:mobSpawner:67, Mob Spawner
lotr:tile.lotr:mobSpawner:68, Mob Spawner
lotr:tile.lotr:mobSpawner:69, Mob Spawner
lotr:tile.lotr:mobSpawner:70, Mob Spawner
lotr:tile.lotr:mobSpawner:71, Mob Spawner
lotr:tile.lotr:mobSpawner:72, Mob Spawner
lotr:tile.lotr:mobSpawner:73, Mob Spawner
lotr:tile.lotr:mobSpawner:74, Mob Spawner
lotr:tile.lotr:mobSpawner:75, Mob Spawner
lotr:tile.lotr:mobSpawner:76, Mob Spawner
lotr:tile.lotr:mobSpawner:77, Mob Spawner
lotr:tile.lotr:mobSpawner:78, Mob Spawner
lotr:tile.lotr:mobSpawner:79, Mob Spawner
lotr:tile.lotr:mobSpawner:80, Mob Spawner
lotr:tile.lotr:mobSpawner:81, Mob Spawner
lotr:tile.lotr:mobSpawner:82, Mob Spawner
lotr:tile.lotr:mobSpawner:83, Mob Spawner
lotr:tile.lotr:mobSpawner:84, Mob Spawner
lotr:tile.lotr:mobSpawner:85, Mob Spawner
lotr:tile.lotr:mobSpawner:86, Mob Spawner
lotr:tile.lotr:mobSpawner:87, Mob Spawner
lotr:tile.lotr:mobSpawner:88, Mob Spawner
lotr:tile.lotr:mobSpawner:89, Mob Spawner
lotr:tile.lotr:mobSpawner:90, Mob Spawner
lotr:tile.lotr:mobSpawner:91, Mob Spawner
lotr:tile.lotr:mobSpawner:92, Mob Spawner
lotr:tile.lotr:mobSpawner:93, Mob Spawner
lotr:tile.lotr:mobSpawner:94, Mob Spawner
lotr:tile.lotr:mobSpawner:95, Mob Spawner
lotr:tile.lotr:mobSpawner:96, Mob Spawner
lotr:tile.lotr:mobSpawner:97, Mob Spawner
lotr:tile.lotr:mobSpawner:98, Mob Spawner
lotr:tile.lotr:mobSpawner:99, Mob Spawner
lotr:tile.lotr:mobSpawner:100, Mob Spawner
lotr:tile.lotr:mobSpawner:101, Mob Spawner
lotr:tile.lotr:mobSpawner:102, Mob Spawner
lotr:tile.lotr:mobSpawner:103, Mob Spawner
lotr:tile.lotr:mobSpawner:104, Mob Spawner
lotr:tile.lotr:mobSpawner:105, Mob Spawner
lotr:tile.lotr:mobSpawner:106, Mob Spawner
lotr:tile.lotr:mobSpawner:107, Mob Spawner
lotr:tile.lotr:mobSpawner:108, Mob Spawner
lotr:tile.lotr:mobSpawner:109, Mob Spawner
lotr:tile.lotr:mobSpawner:110, Mob Spawner
lotr:tile.lotr:mobSpawner:111, Mob Spawner
lotr:tile.lotr:mobSpawner:112, Mob Spawner
lotr:tile.lotr:mobSpawner:113, Mob Spawner
lotr:tile.lotr:mobSpawner:114, Mob Spawner
lotr:tile.lotr:mobSpawner:115, Mob Spawner
lotr:tile.lotr:mobSpawner:116, Mob Spawner
lotr:tile.lotr:mobSpawner:117, Mob Spawner
lotr:tile.lotr:mobSpawner:118, Mob Spawner
lotr:tile.lotr:mobSpawner:119, Mob Spawner
lotr:tile.lotr:mobSpawner:120, Mob Spawner
lotr:tile.lotr:mobSpawner:121, Mob Spawner
lotr:tile.lotr:mobSpawner:122, Mob Spawner
lotr:tile.lotr:mobSpawner:123, Mob Spawner
lotr:tile.lotr:mobSpawner:124, Mob Spawner
lotr:tile.lotr:mobSpawner:125, Mob Spawner
lotr:tile.lotr:mobSpawner:126, Mob Spawner
lotr:tile.lotr:mobSpawner:127, Mob Spawner
lotr:tile.lotr:mobSpawner:128, Mob Spawner
lotr:tile.lotr:mobSpawner:129, Mob Spawner
lotr:tile.lotr:mobSpawner:130, Mob Spawner
lotr:tile.lotr:mobSpawner:131, Mob Spawner
lotr:tile.lotr:mobSpawner:132, Mob Spawner
lotr:tile.lotr:mobSpawner:133, Mob Spawner
lotr:tile.lotr:mobSpawner:134, Mob Spawner
lotr:tile.lotr:mobSpawner:135, Mob Spawner
lotr:tile.lotr:mobSpawner:136, Mob Spawner
lotr:tile.lotr:mobSpawner:137, Mob Spawner
lotr:tile.lotr:mobSpawner:138, Mob Spawner
lotr:tile.lotr:mobSpawner:139, Mob Spawner
lotr:tile.lotr:mobSpawner:140, Mob Spawner
lotr:tile.lotr:mobSpawner:141, Mob Spawner
lotr:tile.lotr:mobSpawner:142, Mob Spawner
lotr:tile.lotr:mobSpawner:143, Mob Spawner
lotr:tile.lotr:mobSpawner:144, Mob Spawner
lotr:tile.lotr:mobSpawner:145, Mob Spawner
lotr:tile.lotr:mobSpawner:146, Mob Spawner
lotr:tile.lotr:mobSpawner:147, Mob Spawner
lotr:tile.lotr:mobSpawner:148, Mob Spawner
lotr:tile.lotr:mobSpawner:149, Mob Spawner
lotr:tile.lotr:mobSpawner:150, Mob Spawner
lotr:tile.lotr:mobSpawner:151, Mob Spawner
lotr:tile.lotr:mobSpawner:152, Mob Spawner
lotr:tile.lotr:mobSpawner:153, Mob Spawner
lotr:tile.lotr:mobSpawner:154, Mob Spawner
lotr:tile.lotr:mobSpawner:155, Mob Spawner
lotr:tile.lotr:mobSpawner:156, Mob Spawner
lotr:tile.lotr:mobSpawner:157, Mob Spawner
lotr:tile.lotr:mobSpawner:158, Mob Spawner
lotr:tile.lotr:mobSpawner:159, Mob Spawner
lotr:tile.lotr:mobSpawner:160, Mob Spawner
lotr:tile.lotr:mobSpawner:161, Mob Spawner
lotr:tile.lotr:mobSpawner:162, Mob Spawner
lotr:tile.lotr:mobSpawner:163, Mob Spawner
lotr:tile.lotr:mobSpawner:164, Mob Spawner
lotr:tile.lotr:mobSpawner:165, Mob Spawner
lotr:tile.lotr:mobSpawner:166, Mob Spawner
lotr:tile.lotr:mobSpawner:167, Mob Spawner
lotr:tile.lotr:mobSpawner:168, Mob Spawner
lotr:tile.lotr:mobSpawner:169, Mob Spawner
lotr:tile.lotr:mobSpawner:170, Mob Spawner
lotr:tile.lotr:mobSpawner:171, Mob Spawner
lotr:tile.lotr:mobSpawner:172, Mob Spawner
lotr:tile.lotr:mobSpawner:173, Mob Spawner
lotr:tile.lotr:mobSpawner:174, Mob Spawner
lotr:tile.lotr:mobSpawner:175, Mob Spawner
lotr:tile.lotr:mobSpawner:177, Mob Spawner
lotr:tile.lotr:mobSpawner:178, Mob Spawner
lotr:tile.lotr:mobSpawner:179, Mob Spawner
lotr:tile.lotr:mobSpawner:180, Mob Spawner
lotr:tile.lotr:mobSpawner:181, Mob Spawner
lotr:tile.lotr:mobSpawner:182, Mob Spawner
lotr:tile.lotr:mobSpawner:183, Mob Spawner
lotr:tile.lotr:mobSpawner:184, Mob Spawner
lotr:tile.lotr:mobSpawner:185, Mob Spawner
lotr:tile.lotr:mobSpawner:186, Mob Spawner
lotr:tile.lotr:mobSpawner:187, Mob Spawner
lotr:tile.lotr:mobSpawner:188, Mob Spawner
lotr:tile.lotr:mobSpawner:189, Mob Spawner
lotr:tile.lotr:mobSpawner:190, Mob Spawner
lotr:tile.lotr:mobSpawner:191, Mob Spawner
lotr:tile.lotr:mobSpawner:192, Mob Spawner
lotr:tile.lotr:mobSpawner:193, Mob Spawner
lotr:tile.lotr:mobSpawner:194, Mob Spawner
lotr:tile.lotr:mobSpawner:195, Mob Spawner
lotr:tile.lotr:mobSpawner:196, Mob Spawner
lotr:tile.lotr:mobSpawner:197, Mob Spawner
lotr:tile.lotr:mobSpawner:198, Mob Spawner
lotr:tile.lotr:mobSpawner:199, Mob Spawner
lotr:tile.lotr:mobSpawner:200, Mob Spawner
lotr:tile.lotr:mobSpawner:201, Mob Spawner
lotr:tile.lotr:mobSpawner:202, Mob Spawner
lotr:tile.lotr:mobSpawner:203, Mob Spawner
lotr:tile.lotr:mobSpawner:204, Mob Spawner
lotr:tile.lotr:mobSpawner:205, Mob Spawner
lotr:tile.lotr:mobSpawner:206, Mob Spawner
lotr:tile.lotr:mobSpawner:207, Mob Spawner
lotr:tile.lotr:mobSpawner:208, Mob Spawner
lotr:tile.lotr:mobSpawner:209, Mob Spawner
lotr:tile.lotr:mobSpawner:210, Mob Spawner
lotr:tile.lotr:mobSpawner:211, Mob Spawner
lotr:tile.lotr:mobSpawner:212, Mob Spawner
lotr:tile.lotr:mobSpawner:213, Mob Spawner
lotr:tile.lotr:mobSpawner:214, Mob Spawner
lotr:tile.lotr:mobSpawner:215, Mob Spawner
lotr:tile.lotr:mobSpawner:216, Mob Spawner
lotr:tile.lotr:mobSpawner:217, Mob Spawner
lotr:tile.lotr:mobSpawner:218, Mob Spawner
lotr:tile.lotr:mobSpawner:219, Mob Spawner
lotr:tile.lotr:mobSpawner:220, Mob Spawner
lotr:tile.lotr:mobSpawner:800, Mob Spawner
lotr:tile.lotr:mobSpawner:801, Mob Spawner
lotr:tile.lotr:mobSpawner:802, Mob Spawner
lotr:tile.lotr:mobSpawner:803, Mob Spawner
lotr:tile.lotr:mobSpawner:804, Mob Spawner
lotr:tile.lotr:mobSpawner:805, Mob Spawner
lotr:tile.lotr:mobSpawner:806, Mob Spawner
lotr:tile.lotr:mobSpawner:807, Mob Spawner
lotr:tile.lotr:mobSpawner:808, Mob Spawner
lotr:tile.lotr:mobSpawner:809, Mob Spawner
lotr:tile.lotr:mobSpawner:1001, Mob Spawner
lotr:tile.lotr:mobSpawner:1002, Mob Spawner
lotr:tile.lotr:mallornLadder, Mallorn Ladder
lotr:tile.lotr:plate, tile.lotr:plate.name
lotr:tile.lotr:orcSteelBars, Orc Steel Bars
lotr:tile.lotr:stairsGondorBrickMossy, Mossy Gondor Brick Stairs
lotr:tile.lotr:stairsGondorBrickCracked, Cracked Gondor Brick Stairs
lotr:tile.lotr:athelas, Athelas
lotr:tile.lotr:stalactite:0, Stalactite
lotr:tile.lotr:stalactite:1, Stalagmite
lotr:tile.lotr:stairsRohanBrick, Rohan Brick Stairs
lotr:tile.lotr:oreQuendite, Quendite Ore
lotr:tile.lotr:mallornTorch, Mallorn Torch
lotr:tile.lotr:spawnerChest, tile.lotr:spawnerChest.name
lotr:tile.lotr:quenditeGrass, Quendite Grass
lotr:tile.lotr:pressurePlateMordorRock, Pressure Plate
lotr:tile.lotr:pressurePlateGondorRock, Pressure Plate
lotr:tile.lotr:buttonMordorRock, Button
lotr:tile.lotr:buttonGondorRock, Button
lotr:tile.lotr:elvenPortal, tile.lotr:elvenPortal.name
lotr:tile.lotr:flowerPot, tile.lotr:flowerPot.name
lotr:tile.lotr:stairsDwarvenBrick, Dwarven Brick Stairs
lotr:tile.lotr:elvenBed, tile.lotr:elvenBed.name
lotr:tile.lotr:pillar:0, Dwarven Pillar
lotr:tile.lotr:pillar:1, Galadhrim Pillar
lotr:tile.lotr:pillar:2, Cracked Galadhrim Pillar
lotr:tile.lotr:pillar:3, Sarlluin Pillar
lotr:tile.lotr:pillar:4, Sarncaran Pillar
lotr:tile.lotr:pillar:5, Near Harad Pillar
lotr:tile.lotr:pillar:6, Gondor Pillar
lotr:tile.lotr:pillar:7, Mordor Pillar
lotr:tile.lotr:pillar:8, Rohan Pillar
lotr:tile.lotr:pillar:9, Black Gondor Pillar
lotr:tile.lotr:pillar:10, High Elven Pillar
lotr:tile.lotr:pillar:11, Cracked High Elven Pillar
lotr:tile.lotr:pillar:12, Wood-elven Pillar
lotr:tile.lotr:pillar:13, Cracked Wood-elven Pillar
lotr:tile.lotr:pillar:14, Tauredain Pillar
lotr:tile.lotr:pillar:15, Red Near Harad Pillar
lotr:tile.lotr:oreGlowstone, Glowstone Ore
lotr:tile.lotr:fruitWood:0, Apple Wood
lotr:tile.lotr:fruitWood:1, Pear Wood
lotr:tile.lotr:fruitWood:2, Cherry Wood
lotr:tile.lotr:fruitWood:3, Mango Wood
lotr:tile.lotr:fruitLeaves:0, Apple Leaves
lotr:tile.lotr:fruitLeaves:1, Pear Leaves
lotr:tile.lotr:fruitLeaves:2, Cherry Leaves
lotr:tile.lotr:fruitLeaves:3, Mango Leaves
lotr:tile.lotr:fruitSapling:0, Apple Sapling
lotr:tile.lotr:fruitSapling:1, Pear Sapling
lotr:tile.lotr:fruitSapling:2, Cherry Sapling
lotr:tile.lotr:fruitSapling:3, Mango Sapling
lotr:tile.lotr:stairsApple, Apple Wood Stairs
lotr:tile.lotr:stairsPear, Pear Wood Stairs
lotr:tile.lotr:stairsCherry, Cherry Wood Stairs
lotr:tile.lotr:dwarvenCraftingTable, Dwarven Crafting Table
lotr:tile.lotr:bluebell, Bluebell
lotr:tile.lotr:dwarvenForge, Dwarven Forge
lotr:tile.lotr:hearth, Hearth Block
lotr:tile.lotr:morgulShroom, Morgul-shroom
lotr:tile.lotr:urukCraftingTable, Uruk Crafting Table
lotr:tile.lotr:cherryPie, tile.lotr:cherryPie.name
lotr:tile.lotr:clover:0, Clover
lotr:tile.lotr:clover:1, Four-leaf Clover
lotr:tile.lotr:slabSingle2:0, Dwarven Pillar Slab
lotr:tile.lotr:slabSingle2:1, Rohan Rock Slab
lotr:tile.lotr:slabSingle2:2, Cracked Mordor Brick Slab
lotr:tile.lotr:slabSingle2:3, Galadhrim Brick Slab
lotr:tile.lotr:slabSingle2:4, Mossy Galadhrim Brick Slab
lotr:tile.lotr:slabSingle2:5, Cracked Galadhrim Brick Slab
lotr:tile.lotr:slabSingle2:6, Galadhrim Pillar Slab
lotr:tile.lotr:slabSingle2:7, Cracked Galadhrim Pillar Slab
lotr:tile.lotr:stairsMirkOak, Mirk-oak Wood Stairs
lotr:tile.lotr:webUngoliant, Web of Ungoliant
lotr:tile.lotr:woodElvenCraftingTable, Wood-elven Crafting Table
lotr:tile.lotr:woodElvenBed, tile.lotr:woodElvenBed.name
lotr:tile.lotr:gondorianCraftingTable, Gondorian Crafting Table
lotr:tile.lotr:woodElvenTorch, Wood-elven Torch
lotr:tile.lotr:marshLights, tile.lotr:marshLights.name
lotr:tile.lotr:rohirricCraftingTable, Rohirric Crafting Table
minecraft:iron_shovel, Iron Shovel
minecraft:iron_pickaxe, Iron Pickaxe
minecraft:iron_axe, Iron Axe
minecraft:flint_and_steel, Flint and Steel
minecraft:apple, Apple
minecraft:bow, Bow
minecraft:arrow, Arrow
minecraft:coal:0, Coal
minecraft:coal:1, Charcoal
minecraft:diamond, Diamond
minecraft:iron_ingot, Iron Ingot
minecraft:gold_ingot, Gold Ingot
minecraft:iron_sword, Iron Sword
minecraft:wooden_sword, Wooden Sword
minecraft:wooden_shovel, Wooden Shovel
minecraft:wooden_pickaxe, Wooden Pickaxe
minecraft:wooden_axe, Wooden Axe
minecraft:stone_sword, Stone Sword
minecraft:stone_shovel, Stone Shovel
minecraft:stone_pickaxe, Stone Pickaxe
minecraft:stone_axe, Stone Axe
minecraft:diamond_sword, Diamond Sword
minecraft:diamond_shovel, Diamond Shovel
minecraft:diamond_pickaxe, Diamond Pickaxe
minecraft:diamond_axe, Diamond Axe
minecraft:stick, Stick
minecraft:bowl, Bowl
minecraft:mushroom_stew, Mushroom Stew
minecraft:golden_sword, Golden Sword
minecraft:golden_shovel, Golden Shovel
minecraft:golden_pickaxe, Golden Pickaxe
minecraft:golden_axe, Golden Axe
minecraft:string, String
minecraft:feather, Feather
minecraft:gunpowder, Gunpowder
minecraft:wooden_hoe, Wooden Hoe
minecraft:stone_hoe, Stone Hoe
minecraft:iron_hoe, Iron Hoe
minecraft:diamond_hoe, Diamond Hoe
minecraft:golden_hoe, Golden Hoe
minecraft:wheat_seeds, Seeds
minecraft:wheat, Wheat
minecraft:bread, Bread
minecraft:leather_helmet, Leather Cap
minecraft:leather_chestplate, Leather Tunic
minecraft:leather_leggings, Leather Pants
minecraft:leather_boots, Leather Boots
minecraft:chainmail_helmet, Chain Helmet
minecraft:chainmail_chestplate, Chain Chestplate
minecraft:chainmail_leggings, Chain Leggings
minecraft:chainmail_boots, Chain Boots
minecraft:iron_helmet, Iron Helmet
minecraft:iron_chestplate, Iron Chestplate
minecraft:iron_leggings, Iron Leggings
minecraft:iron_boots, Iron Boots
minecraft:diamond_helmet, Diamond Helmet
minecraft:diamond_chestplate, Diamond Chestplate
minecraft:diamond_leggings, Diamond Leggings
minecraft:diamond_boots, Diamond Boots
minecraft:golden_helmet, Golden Helmet
minecraft:golden_chestplate, Golden Chestplate
minecraft:golden_leggings, Golden Leggings
minecraft:golden_boots, Golden Boots
minecraft:flint, Flint
minecraft:porkchop, Raw Porkchop
minecraft:cooked_porkchop, Cooked Porkchop
minecraft:painting, Painting
minecraft:golden_apple:0, Golden Apple
minecraft:golden_apple:1, Golden Apple
minecraft:sign, Sign
minecraft:wooden_door, Wooden Door
minecraft:bucket, Bucket
minecraft:water_bucket, Water Bucket
minecraft:lava_bucket, Lava Bucket
minecraft:minecart, Minecart
minecraft:saddle, Saddle
minecraft:iron_door, Iron Door
minecraft:redstone, Redstone
minecraft:snowball, Snowball
minecraft:boat, Boat
minecraft:leather, Leather
minecraft:milk_bucket, Milk
minecraft:brick, Brick
minecraft:clay_ball, Clay
minecraft:reeds, Sugar Canes
minecraft:paper, Paper
minecraft:book, Book
minecraft:slime_ball, Slimeball
minecraft:chest_minecart, Chest Cart
minecraft:furnace_minecart, Furnace Cart
minecraft:egg, Egg
minecraft:compass, Compass
minecraft:fishing_rod, Fishing Rod
minecraft:clock, Clock
minecraft:glowstone_dust, Glowstone Dust
minecraft:fish:0, Raw Fish
minecraft:fish:1, Raw Salmon
minecraft:fish:2, Clownfish
minecraft:fish:3, Pufferfish
minecraft:cooked_fished:0, Cooked Fish
minecraft:cooked_fished:1, Cooked Salmon
minecraft:dye:0, Ink Sac
minecraft:dye:1, Rose Red
minecraft:dye:2, Cactus Green
minecraft:dye:3, Cocoa Beans
minecraft:dye:4, Lapis Lazuli
minecraft:dye:5, Purple Dye
minecraft:dye:6, Cyan Dye
minecraft:dye:7, Light Gray Dye
minecraft:dye:8, Gray Dye
minecraft:dye:9, Pink Dye
minecraft:dye:10, Lime Dye
minecraft:dye:11, Dandelion Yellow
minecraft:dye:12, Light Blue Dye
minecraft:dye:13, Magenta Dye
minecraft:dye:14, Orange Dye
minecraft:dye:15, Bone Meal
minecraft:bone, Bone
minecraft:sugar, Sugar
minecraft:cake, Cake
minecraft:bed, Bed
minecraft:repeater, Redstone Repeater
minecraft:cookie, Cookie
minecraft:filled_map:0, Map
minecraft:shears, Shears
minecraft:melon, Melon
minecraft:pumpkin_seeds, Pumpkin Seeds
minecraft:melon_seeds, Melon Seeds
minecraft:beef, Raw Beef
minecraft:cooked_beef, Steak
minecraft:chicken, Raw Chicken
minecraft:cooked_chicken, Cooked Chicken
minecraft:rotten_flesh, Rotten Flesh
minecraft:ender_pearl, Ender Pearl
minecraft:blaze_rod, Blaze Rod
minecraft:ghast_tear, Ghast Tear
minecraft:gold_nugget, Gold Nugget
minecraft:nether_wart, Nether Wart
minecraft:potion:0, Water Bottle
minecraft:potion:8193, Potion of Regeneration
minecraft:potion:8225, Potion of Regeneration
minecraft:potion:8257, Potion of Regeneration
minecraft:potion:16385, Splash Potion of Regeneration
minecraft:potion:16417, Splash Potion of Regeneration
minecraft:potion:16449, Splash Potion of Regeneration
minecraft:potion:8194, Potion of Swiftness
minecraft:potion:8226, Potion of Swiftness
minecraft:potion:8258, Potion of Swiftness
minecraft:potion:16386, Splash Potion of Swiftness
minecraft:potion:16418, Splash Potion of Swiftness
minecraft:potion:16450, Splash Potion of Swiftness
minecraft:potion:8227, Potion of Fire Resistance
minecraft:potion:8259, Potion of Fire Resistance
minecraft:potion:16419, Splash Potion of Fire Resistance
minecraft:potion:16451, Splash Potion of Fire Resistance
minecraft:potion:8196, Potion of Poison
minecraft:potion:8228, Potion of Poison
minecraft:potion:8260, Potion of Poison
minecraft:potion:16388, Splash Potion of Poison
minecraft:potion:16420, Splash Potion of Poison
minecraft:potion:16452, Splash Potion of Poison
minecraft:potion:8261, Potion of Healing
minecraft:potion:8229, Potion of Healing
minecraft:potion:16453, Splash Potion of Healing
minecraft:potion:16421, Splash Potion of Healing
minecraft:potion:8230, Potion of Night Vision
minecraft:potion:8262, Potion of Night Vision
minecraft:potion:16422, Splash Potion of Night Vision
minecraft:potion:16454, Splash Potion of Night Vision
minecraft:potion:8232, Potion of Weakness
minecraft:potion:8264, Potion of Weakness
minecraft:potion:16424, Splash Potion of Weakness
minecraft:potion:16456, Splash Potion of Weakness
minecraft:potion:8201, Potion of Strength
minecraft:potion:8233, Potion of Strength
minecraft:potion:8265, Potion of Strength
minecraft:potion:16393, Splash Potion of Strength
minecraft:potion:16425, Splash Potion of Strength
minecraft:potion:16457, Splash Potion of Strength
minecraft:potion:8234, Potion of Slowness
minecraft:potion:8266, Potion of Slowness
minecraft:potion:16426, Splash Potion of Slowness
minecraft:potion:16458, Splash Potion of Slowness
minecraft:potion:8267, Potion of Leaping
minecraft:potion:8235, Potion of Leaping
minecraft:potion:16459, Splash Potion of Leaping
minecraft:potion:16427, Splash Potion of Leaping
minecraft:potion:8268, Potion of Harming
minecraft:potion:8236, Potion of Harming
minecraft:potion:16460, Splash Potion of Harming
minecraft:potion:16428, Splash Potion of Harming
minecraft:potion:8237, Potion of Water Breathing
minecraft:potion:8269, Potion of Water Breathing
minecraft:potion:16429, Splash Potion of Water Breathing
minecraft:potion:16461, Splash Potion of Water Breathing
minecraft:potion:8238, Potion of Invisibility
minecraft:potion:8270, Potion of Invisibility
minecraft:potion:16430, Splash Potion of Invisibility
minecraft:potion:16462, Splash Potion of Invisibility
minecraft:glass_bottle, Glass Bottle
minecraft:spider_eye, Spider Eye
minecraft:fermented_spider_eye, Fermented Spider Eye
minecraft:blaze_powder, Blaze Powder
minecraft:magma_cream, Magma Cream
minecraft:brewing_stand, Brewing Stand
minecraft:cauldron, Cauldron
minecraft:ender_eye, Eye of Ender
minecraft:speckled_melon, Glistering Melon
minecraft:spawn_egg:50, Spawn Creeper
minecraft:spawn_egg:51, Spawn Skeleton
minecraft:spawn_egg:52, Spawn Spider
minecraft:spawn_egg:54, Spawn Zombie
minecraft:spawn_egg:55, Spawn Slime
minecraft:spawn_egg:56, Spawn Ghast
minecraft:spawn_egg:57, Spawn Zombie Pigman
minecraft:spawn_egg:58, Spawn Enderman
minecraft:spawn_egg:59, Spawn Cave Spider
minecraft:spawn_egg:60, Spawn Silverfish
minecraft:spawn_egg:61, Spawn Blaze
minecraft:spawn_egg:62, Spawn Magma Cube
minecraft:spawn_egg:65, Spawn Bat
minecraft:spawn_egg:66, Spawn Witch
minecraft:spawn_egg:90, Spawn Pig
minecraft:spawn_egg:91, Spawn Sheep
minecraft:spawn_egg:92, Spawn Cow
minecraft:spawn_egg:93, Spawn Chicken
minecraft:spawn_egg:94, Spawn Squid
minecraft:spawn_egg:95, Spawn Wolf
minecraft:spawn_egg:96, Spawn Mooshroom
minecraft:spawn_egg:98, Spawn Ocelot
minecraft:spawn_egg:100, Spawn Horse
minecraft:spawn_egg:120, Spawn Villager
minecraft:spawn_egg:2500, Spawn Ender Watcher
minecraft:spawn_egg:2501, Spawn Crab
minecraft:spawn_egg:2502, Spawn Undead Miner
minecraft:spawn_egg:2503, Spawn King Crab
minecraft:spawn_egg:2504, Spawn Desert Crawler
minecraft:spawn_egg:2505, Spawn Cave Crawler
minecraft:spawn_egg:2506, Spawn Jungle Dramcryx
minecraft:spawn_egg:2507, Spawn Jungle Spider
minecraft:spawn_egg:2508, Spawn Cyclops
minecraft:spawn_egg:2509, Spawn Caveclops
minecraft:spawn_egg:2510, Spawn Ancient Entity
minecraft:spawn_egg:2511, Spawn Whale
minecraft:spawn_egg:2512, Spawn Hell Spider
minecraft:spawn_egg:2513, Spawn Scorcher
minecraft:spawn_egg:2514, Spawn Ender Spider
minecraft:spawn_egg:2515, Spawn Ender Triplets
minecraft:spawn_egg:2516, Spawn Arid Warrior
minecraft:spawn_egg:2517, Spawn Ayeraco Blue
minecraft:spawn_egg:2518, Spawn Ayeraco Green
minecraft:spawn_egg:2519, Spawn Ayeraco Purple
minecraft:spawn_egg:2520, Spawn Ayeraco Red
minecraft:spawn_egg:2521, Spawn Ayeraco Yellow
minecraft:spawn_egg:2522, Spawn Enthralled Dramcryx
minecraft:spawn_egg:2523, Spawn The Eye
minecraft:spawn_egg:2524, Spawn Frost
minecraft:spawn_egg:2525, Spawn King Of Scorchers
minecraft:spawn_egg:2526, Spawn Rainbour
minecraft:spawn_egg:2527, Spawn Rotatick
minecraft:spawn_egg:2528, Spawn Shark
minecraft:spawn_egg:2529, Spawn The Watcher
minecraft:spawn_egg:2530, Spawn Wildfire
minecraft:spawn_egg:2531, Spawn Glacon
minecraft:spawn_egg:2532, Spawn Jack O Man
minecraft:spawn_egg:2533, Spawn Livestock Merchant
minecraft:spawn_egg:2534, Spawn Jungle Bat
minecraft:spawn_egg:2535, Spawn Hell Pig
minecraft:spawn_egg:2536, Spawn Kobblin
minecraft:spawn_egg:2537, Spawn The Grue
minecraft:spawn_egg:2538, Spawn Saguaro Worm
minecraft:spawn_egg:2539, Spawn Pumpkin Spider
minecraft:spawn_egg:2540, Spawn Liopleurodon
minecraft:spawn_egg:2547, Spawn Eden Cadillion
minecraft:spawn_egg:2548, Spawn Eden Tomo
minecraft:spawn_egg:2549, Spawn Bunny
minecraft:spawn_egg:2550, Spawn Angry Bunny
minecraft:spawn_egg:2551, Spawn Weak Cori
minecraft:spawn_egg:2552, Spawn Madivel
minecraft:spawn_egg:2553, Spawn Greenfeet
minecraft:spawn_egg:2554, Spawn Sun Archer
minecraft:spawn_egg:2555, Spawn Wildwood Golem
minecraft:spawn_egg:2556, Spawn Wildwood Tomo
minecraft:spawn_egg:2557, Spawn Wildwood Cadillion
minecraft:spawn_egg:2558, Spawn Epiphite
minecraft:spawn_egg:2559, Spawn Behemoth
minecraft:spawn_egg:2560, Spawn Mage
minecraft:spawn_egg:2561, Spawn Spellbinder
minecraft:spawn_egg:2562, Spawn Mystic
minecraft:spawn_egg:2563, Spawn Sorcerer
minecraft:spawn_egg:2564, Spawn Verek
minecraft:spawn_egg:2565, Spawn Moon Wolf
minecraft:spawn_egg:2566, Spawn Apalachia Cadillion
minecraft:spawn_egg:2567, Spawn Apalachia Tomo
minecraft:spawn_egg:2568, Spawn Apalachia Golem
minecraft:spawn_egg:2569, Spawn Enchanted Warrior
minecraft:spawn_egg:2570, Spawn Skythern Archer
minecraft:spawn_egg:2571, Spawn Enchanted Archer
minecraft:spawn_egg:2572, Spawn Twilight Archer
minecraft:spawn_egg:2573, Spawn Samek
minecraft:spawn_egg:2574, Spawn Skythern Golem
minecraft:spawn_egg:2575, Spawn Skythern Cori
minecraft:spawn_egg:2576, Spawn Skythern Fiend
minecraft:spawn_egg:2577, Spawn Megalith
minecraft:spawn_egg:2578, Spawn Mortum Cadillion
minecraft:spawn_egg:2579, Spawn Demon Of Darkness
minecraft:spawn_egg:2580, Spawn Baslisk
minecraft:spawn_egg:2581, Spawn Soul Stealer
minecraft:spawn_egg:2582, Spawn Densos
minecraft:spawn_egg:2583, Spawn Reyvor
minecraft:spawn_egg:2584, Spawn Twilight Demon
minecraft:spawn_egg:2585, Spawn Soul Fiend
minecraft:spawn_egg:2586, Spawn Vamacheron
minecraft:spawn_egg:2587, Spawn Karot
minecraft:spawn_egg:2588, Spawn Eternal Archer
minecraft:spawn_egg:2589, Spawn Soul Spider
minecraft:spawn_egg:2590, Spawn Alicanto
minecraft:spawn_egg:2591, Spawn Fractite
minecraft:spawn_egg:2592, Spawn Glacide
minecraft:spawn_egg:2593, Spawn Hastreus
minecraft:spawn_egg:2594, Spawn Frost Archer
minecraft:spawn_egg:2595, Spawn Rollum
minecraft:spawn_egg:2596, Spawn Frosty
minecraft:spawn_egg:2597, Spawn Workshop Tinkerer
minecraft:spawn_egg:2598, Spawn Workshop Merchant
minecraft:spawn_egg:2599, Spawn Vermenous
minecraft:spawn_egg:2600, Spawn Ent
minecraft:spawn_egg:2601, Spawn Cymesoid
minecraft:spawn_egg:2602, Spawn Dreamwrecker
minecraft:spawn_egg:2603, Spawn Tocaxin
minecraft:spawn_egg:2604, Spawn Shadahier
minecraft:spawn_egg:2605, Spawn Acid Hag
minecraft:spawn_egg:2606, Spawn Kazrotic
minecraft:spawn_egg:2607, Spawn Helio
minecraft:spawn_egg:2608, Spawn Gorgosion
minecraft:spawn_egg:2609, Spawn Hoverstinger
minecraft:spawn_egg:2610, Spawn Zone
minecraft:spawn_egg:2611, Spawn Zoragon
minecraft:spawn_egg:2612, Spawn Dissiment
minecraft:spawn_egg:2613, Spawn Vhraak
minecraft:spawn_egg:2614, Spawn Galroid
minecraft:spawn_egg:2615, Spawn Lady Luna
minecraft:spawn_egg:2616, Spawn Bohemite
minecraft:spawn_egg:2617, Spawn Wreck
minecraft:spawn_egg:2618, Spawn Biphron
minecraft:spawn_egg:2619, Spawn Hive Queen
minecraft:spawn_egg:2620, Spawn Hive Soldier
minecraft:spawn_egg:2621, Spawn L Heiva
minecraft:spawn_egg:2622, Spawn Mandragora
minecraft:spawn_egg:2623, Spawn Twins
minecraft:spawn_egg:2624, Spawn Karos
minecraft:spawn_egg:2625, Spawn Raglok
minecraft:spawn_egg:2626, Spawn Quadro
minecraft:spawn_egg:2627, Spawn Duo
minecraft:spawn_egg:2628, Spawn Lorga
minecraft:spawn_egg:2629, Spawn Lorga Flight
minecraft:spawn_egg:2630, Spawn Mysterious Man1
minecraft:spawn_egg:2631, Spawn Mysterious Man2
minecraft:spawn_egg:2632, Spawn Mysterious Man3
minecraft:spawn_egg:2633, Spawn The Hunger
minecraft:spawn_egg:2634, Spawn Crypt Keeper
minecraft:spawn_egg:2635, Spawn Temple Guardian
minecraft:spawn_egg:2636, Spawn Captain Merik
minecraft:spawn_egg:2637, Spawn Dungeon Constructor
minecraft:spawn_egg:2638, Spawn Datticon
minecraft:spawn_egg:2639, Spawn War General
minecraft:spawn_egg:2640, Spawn Deathcryx
minecraft:spawn_egg:2641, Spawn Death Hound
minecraft:spawn_egg:2642, Spawn Dramix
minecraft:spawn_egg:2643, Spawn Dungeon Prisoner
minecraft:spawn_egg:2644, Spawn Dungeon Demon
minecraft:spawn_egg:2645, Spawn Leorna
minecraft:spawn_egg:2646, Spawn Living Statue
minecraft:spawn_egg:2647, Spawn Parasecta
minecraft:spawn_egg:2648, Spawn Razorback
minecraft:spawn_egg:2649, Spawn Lord Vatticus
minecraft:spawn_egg:2650, Spawn Zelus
minecraft:spawn_egg:2651, Spawn Roamer
minecraft:spawn_egg:183, Spawn entity.Rock.name
minecraft:spawn_egg:201, Spawn Ghost
minecraft:experience_bottle, Bottle o' Enchanting
minecraft:fire_charge, Fire Charge
minecraft:writable_book, Book and Quill
minecraft:written_book, Written Book
minecraft:emerald, Emerald
minecraft:item_frame, Item Frame
minecraft:flower_pot, Flower Pot
minecraft:carrot, Carrot
minecraft:potato, Potato
minecraft:baked_potato, Baked Potato
minecraft:poisonous_potato, Poisonous Potato
minecraft:map, Empty Map
minecraft:golden_carrot, Golden Carrot
minecraft:skull:0, Skeleton Skull
minecraft:skull:1, Wither Skeleton Skull
minecraft:skull:2, Zombie Head
minecraft:skull:3, Head
minecraft:skull:4, Creeper Head
minecraft:carrot_on_a_stick, Carrot on a Stick
minecraft:nether_star, Nether Star
minecraft:pumpkin_pie, Pumpkin Pie
minecraft:fireworks, Firework Rocket
minecraft:firework_charge, Firework Star
minecraft:enchanted_book, Enchanted Book
minecraft:comparator, Redstone Comparator
minecraft:netherbrick, Nether Brick
minecraft:quartz, Nether Quartz
minecraft:tnt_minecart, TNT Cart
minecraft:hopper_minecart, Hopper Cart
lotr:tile.lotr:pressurePlateRohanRock, Pressure Plate
lotr:tile.lotr:remains, Remains
lotr:tile.lotr:deadMarshPlant, Dead Marsh Plant
lotr:tile.lotr:oreGulduril:0, Gulduril Ore
lotr:tile.lotr:oreGulduril:1, Gulduril Ore
lotr:tile.lotr:guldurilBrick:0, Gulduril Mordor Brick
lotr:tile.lotr:guldurilBrick:1, Gulduril Cracked Mordor Brick
lotr:tile.lotr:guldurilBrick:2, Gulduril Angmar Brick
lotr:tile.lotr:guldurilBrick:3, Gulduril Cracked Angmar Brick
lotr:tile.lotr:guldurilBrick:4, Gulduril Dol Guldur Brick
lotr:tile.lotr:guldurilBrick:5, Gulduril Cracked Dol Guldur Brick
lotr:tile.lotr:guldurilBrick:6, Gulduril Gondor Brick
lotr:tile.lotr:guldurilBrick:7, Gulduril Mossy Gondor Brick
lotr:tile.lotr:guldurilBrick:8, Gulduril Cracked Gondor Brick
lotr:tile.lotr:guldurilBrick:9, Gulduril Black Gondor Brick
lotr:tile.lotr:dwarvenDoor, tile.lotr:dwarvenDoor.name
lotr:tile.lotr:stairsCharred, Charred Wood Stairs
lotr:tile.lotr:dwarvenBed, tile.lotr:dwarvenBed.name
minecraft:iron_horse_armor, Iron Horse Armor
minecraft:golden_horse_armor, Gold Horse Armor
minecraft:diamond_horse_armor, Diamond Horse Armor
minecraft:lead, Lead
minecraft:name_tag, Name Tag
minecraft:command_block_minecart, Minecart with Command Block
lotr:tile.lotr:morgulPortal, tile.lotr:morgulPortal.name
lotr:tile.lotr:armorStand, tile.lotr:armorStand.name
lotr:tile.lotr:buttonRohanRock, Button
lotr:tile.lotr:asphodel, Asphodel
lotr:tile.lotr:wood2:0, Lebethron Wood
lotr:tile.lotr:wood2:1, Beech Wood
lotr:tile.lotr:wood2:2, Holly Wood
lotr:tile.lotr:wood2:3, Banana Wood
lotr:tile.lotr:leaves2:0, Lebethron Leaves
lotr:tile.lotr:leaves2:1, Beech Leaves
lotr:tile.lotr:leaves2:2, Holly Leaves
lotr:tile.lotr:leaves2:3, Banana Leaves
lotr:tile.lotr:sapling2:0, Lebethron Sapling
lotr:tile.lotr:sapling2:1, Beech Sapling
lotr:tile.lotr:sapling2:2, Holly Sapling
lotr:tile.lotr:sapling2:3, Banana Sapling
lotr:tile.lotr:stairsLebethron, Lebethron Wood Stairs
lotr:tile.lotr:woodSlabSingle2:0, Lebethron Wood Slab
lotr:tile.lotr:woodSlabSingle2:1, Beech Wood Slab
lotr:tile.lotr:woodSlabSingle2:2, Holly Wood Slab
lotr:tile.lotr:woodSlabSingle2:3, Banana Wood Slab
lotr:tile.lotr:woodSlabSingle2:4, Maple Wood Slab
lotr:tile.lotr:woodSlabSingle2:5, Larch Wood Slab
lotr:tile.lotr:woodSlabSingle2:6, Date Palm Wood Slab
lotr:tile.lotr:woodSlabSingle2:7, Mangrove Wood Slab
lotr:tile.lotr:dwarfHerb, Dwarfwort
lotr:tile.lotr:mug, tile.lotr:mug.name
lotr:tile.lotr:dunlendingCraftingTable, Dunlending Crafting Table
lotr:tile.lotr:stairsBeech, Beech Wood Stairs
lotr:tile.lotr:entJar, Ent Jar
lotr:tile.lotr:mordorThorn, Stabbing Thorn
lotr:tile.lotr:mordorMoss, Withered Moss
lotr:tile.lotr:stairsMordorBrickCracked, Cracked Mordor Brick Stairs
lotr:tile.lotr:orcForge, Orc Forge
lotr:tile.lotr:trollTotem:0, Troll Totem Head
lotr:tile.lotr:trollTotem:1, Troll Totem Body
lotr:tile.lotr:trollTotem:2, Troll Totem Base
lotr:tile.lotr:orcBed, tile.lotr:orcBed.name
lotr:tile.lotr:stairsElvenBrick, Galadhrim Brick Stairs
lotr:tile.lotr:stairsElvenBrickMossy, Mossy Galadhrim Brick Stairs
lotr:tile.lotr:stairsElvenBrickCracked, Cracked Galadhrim Brick Stairs
lotr:tile.lotr:stairsHolly, Holly Wood Stairs
lotr:tile.lotr:pressurePlateBlueRock, Pressure Plate
lotr:tile.lotr:buttonBlueRock, Button
lotr:tile.lotr:slabSingle3:0, Sarlluin Slab
lotr:tile.lotr:slabSingle3:1, Sarlluin Brick Slab
lotr:tile.lotr:slabSingle3:2, Sarlluin Pillar Slab
lotr:tile.lotr:slabSingle3:3, Angmar Brick Slab
lotr:tile.lotr:slabSingle3:4, Cracked Angmar Brick Slab
lotr:tile.lotr:slabSingle3:5, Sarncaran Slab
lotr:tile.lotr:slabSingle3:6, Sarncaran Brick Slab
lotr:tile.lotr:slabSingle3:7, Sarncaran Pillar Slab
lotr:tile.lotr:stairsBlueRockBrick, Sarlluin Brick Stairs
lotr:tile.lotr:fence:0, Shire Pine Wood Fence
lotr:tile.lotr:fence:1, Mallorn Wood Fence
lotr:tile.lotr:fence:2, Mirk-oak Wood Fence
lotr:tile.lotr:fence:3, Charred Wood Fence
lotr:tile.lotr:fence:4, Apple Wood Fence
lotr:tile.lotr:fence:5, Pear Wood Fence
lotr:tile.lotr:fence:6, Cherry Wood Fence
lotr:tile.lotr:fence:7, Mango Wood Fence
lotr:tile.lotr:fence:8, Lebethron Wood Fence
lotr:tile.lotr:fence:9, Beech Wood Fence
lotr:tile.lotr:fence:10, Holly Wood Fence
lotr:tile.lotr:fence:11, Banana Wood Fence
lotr:tile.lotr:fence:12, Maple Wood Fence
lotr:tile.lotr:fence:13, Larch Wood Fence
lotr:tile.lotr:fence:14, Date Palm Wood Fence
lotr:tile.lotr:fence:15, Mangrove Wood Fence
lotr:tile.lotr:doubleFlower:1, Yellow Iris
lotr:tile.lotr:doubleFlower:2, Hibiscus
lotr:tile.lotr:doubleFlower:3, Flame of Harad
lotr:tile.lotr:oreSulfur, Sulfur Ore
lotr:tile.lotr:oreSaltpeter, Saltpeter Ore
lotr:tile.lotr:quagmire, Quagmire
lotr:tile.lotr:angmarCraftingTable, Angmar Crafting Table
lotr:tile.lotr:brick2:0, Angmar Brick
lotr:tile.lotr:brick2:1, Cracked Angmar Brick
lotr:tile.lotr:brick2:2, Sarncaran Brick
lotr:tile.lotr:brick2:3, Arnor Brick
lotr:tile.lotr:brick2:4, Mossy Arnor Brick
lotr:tile.lotr:brick2:5, Cracked Arnor Brick
lotr:tile.lotr:brick2:6, Carved Arnor Brick
lotr:tile.lotr:brick2:7, Uruk Brick
lotr:tile.lotr:brick2:8, Dol Guldur Brick
lotr:tile.lotr:brick2:9, Cracked Dol Guldur Brick
lotr:tile.lotr:brick2:10, Carved Mordor Brick
lotr:tile.lotr:brick2:11, Black Gondor Brick
lotr:tile.lotr:brick2:12, Carved Dwarven Brick
lotr:tile.lotr:brick2:13, Carved High Elven Brick
lotr:tile.lotr:brick2:14, Carved Wood-elven Brick
lotr:tile.lotr:brick2:15, Carved Galadhrim Brick
lotr:tile.lotr:wallStone2:0, Angmar Brick Wall
lotr:tile.lotr:wallStone2:1, Cracked Angmar Brick Wall
lotr:tile.lotr:wallStone2:2, Sarncaran Wall
lotr:tile.lotr:wallStone2:3, Sarncaran Brick Wall
lotr:tile.lotr:wallStone2:4, Arnor Brick Wall
lotr:tile.lotr:wallStone2:5, Mossy Arnor Brick Wall
lotr:tile.lotr:wallStone2:6, Cracked Arnor Brick Wall
lotr:tile.lotr:wallStone2:7, Uruk Brick Wall
lotr:tile.lotr:wallStone2:8, Dol Guldur Brick Wall
lotr:tile.lotr:wallStone2:9, Cracked Dol Guldur Brick Wall
lotr:tile.lotr:wallStone2:10, Black Gondor Brick Wall
lotr:tile.lotr:wallStone2:11, High Elven Brick Wall
lotr:tile.lotr:wallStone2:12, Mossy High Elven Brick Wall
lotr:tile.lotr:wallStone2:13, Cracked High Elven Brick Wall
lotr:tile.lotr:wallStone2:14, Dol Amroth Brick Wall
lotr:tile.lotr:wallStone2:15, Moredain Brick Wall
lotr:tile.lotr:stairsAngmarBrick, Angmar Brick Stairs
lotr:tile.lotr:stairsAngmarBrickCracked, Cracked Angmar Brick Stairs
lotr:tile.lotr:stairsMango, Mango Wood Stairs
lotr:tile.lotr:stairsBanana, Banana Wood Stairs
lotr:tile.lotr:banana, tile.lotr:banana.name
lotr:tile.lotr:bananaCake, tile.lotr:bananaCake.name
lotr:tile.lotr:lionBed, tile.lotr:lionBed.name
lotr:tile.lotr:wood3:0, Maple Wood
lotr:tile.lotr:wood3:1, Larch Wood
lotr:tile.lotr:wood3:2, Date Palm Wood
lotr:tile.lotr:wood3:3, Mangrove Wood
lotr:tile.lotr:leaves3:0, Maple Leaves
lotr:tile.lotr:leaves3:1, Larch Leaves
lotr:tile.lotr:leaves3:2, Date Palm Leaves
lotr:tile.lotr:leaves3:3, Mangrove Leaves
lotr:tile.lotr:sapling3:0, Maple Sapling
lotr:tile.lotr:sapling3:1, Larch Sapling
lotr:tile.lotr:sapling3:2, Date Palm Sapling
lotr:tile.lotr:sapling3:3, Mangrove Sapling
lotr:tile.lotr:stairsMaple, Maple Wood Stairs
lotr:tile.lotr:stairsLarch, Larch Wood Stairs
lotr:tile.lotr:nearHaradCraftingTable, Near Harad Crafting Table
lotr:tile.lotr:highElvenCraftingTable, High Elven Crafting Table
lotr:tile.lotr:highElvenTorch, High Elven Torch
lotr:tile.lotr:highElvenBed, tile.lotr:highElvenBed.name
lotr:tile.lotr:pressurePlateRedRock, Pressure Plate
lotr:tile.lotr:buttonRedRock, Button
lotr:tile.lotr:stairsRedRockBrick, Sarncaran Brick Stairs
lotr:tile.lotr:slabSingle4:0, Near Harad Brick Slab
lotr:tile.lotr:slabSingle4:1, Arnor Brick Slab
lotr:tile.lotr:slabSingle4:2, Mossy Arnor Brick Slab
lotr:tile.lotr:slabSingle4:3, Cracked Arnor Brick Slab
lotr:tile.lotr:slabSingle4:4, Uruk Brick Slab
lotr:tile.lotr:slabSingle4:5, Dol Guldur Brick Slab
lotr:tile.lotr:slabSingle4:6, Cracked Dol Guldur Brick Slab
lotr:tile.lotr:slabSingle4:7, Near Harad Pillar Slab
lotr:tile.lotr:stairsNearHaradBrick, Near Harad Brick Stairs
lotr:tile.lotr:stairsDatePalm, Date Palm Wood Stairs
lotr:tile.lotr:date, tile.lotr:date.name
lotr:tile.lotr:blueDwarvenCraftingTable, Blue Mountains Crafting Table
lotr:tile.lotr:goran, tile.lotr:goran.name
lotr:tile.lotr:thatch:0, Thatch Block
lotr:tile.lotr:thatch:1, Reed Block
lotr:tile.lotr:slabSingleThatch:0, Thatch Slab
lotr:tile.lotr:slabSingleThatch:1, Reed Slab
lotr:tile.lotr:stairsThatch, Thatch Stairs
lotr:tile.lotr:fangornPlant:0, Tears of Yavanna
lotr:tile.lotr:fangornPlant:1, Fangorn's Beard
lotr:tile.lotr:fangornPlant:2, Huorn Leaf
lotr:tile.lotr:fangornPlant:3, Elfsong
lotr:tile.lotr:fangornPlant:4, Sunfruit
lotr:tile.lotr:fangornPlant:5, Moonflower
lotr:tile.lotr:fangornRiverweed, Riverweed
lotr:tile.lotr:morgulTorch, Morgul Torch
lotr:tile.lotr:rangerCraftingTable, Ranger Crafting Table
lotr:tile.lotr:stairsArnorBrick, Arnor Brick Stairs
lotr:tile.lotr:stairsArnorBrickMossy, Mossy Arnor Brick Stairs
lotr:tile.lotr:stairsArnorBrickCracked, Cracked Arnor Brick Stairs
lotr:tile.lotr:stairsUrukBrick, Uruk Brick Stairs
lotr:tile.lotr:strawBed, tile.lotr:strawBed.name
lotr:tile.lotr:stairsDolGuldurBrick, Dol Guldur Brick Stairs
lotr:tile.lotr:stairsDolGuldurBrickCracked, Cracked Dol Guldur Brick Stairs
lotr:tile.lotr:dolGuldurCraftingTable, Dol Guldur Crafting Table
lotr:tile.lotr:fallenLeaves:0, Fallen Oak Leaves
lotr:tile.lotr:fallenLeaves:1, Fallen Spruce Leaves
lotr:tile.lotr:fallenLeaves:2, Fallen Birch Leaves
lotr:tile.lotr:fallenLeaves:3, Fallen Jungle Leaves
lotr:tile.lotr:fallenLeaves:4, Fallen Acacia Leaves
lotr:tile.lotr:fallenLeaves:5, Fallen Dark Oak Leaves
lotr:tile.lotr:fallenLeavesLOTR:0, Fallen Shire Pine Leaves
lotr:tile.lotr:fallenLeavesLOTR:1, Fallen Mallorn Leaves
lotr:tile.lotr:fallenLeavesLOTR:2, Fallen Mirk-oak Leaves
lotr:tile.lotr:fallenLeavesLOTR:3, Fallen Red Mirk-oak Leaves
lotr:tile.lotr:fallenLeavesLOTR:4, Fallen Apple Leaves
lotr:tile.lotr:fallenLeavesLOTR:5, Fallen Pear Leaves
lotr:tile.lotr:fallenLeavesLOTR:6, Fallen Cherry Leaves
lotr:tile.lotr:fallenLeavesLOTR:7, Fallen Mango Leaves
lotr:tile.lotr:fallenLeavesLOTR:8, Fallen Lebethron Leaves
lotr:tile.lotr:fallenLeavesLOTR:9, Fallen Beech Leaves
lotr:tile.lotr:fallenLeavesLOTR:10, Fallen Holly Leaves
lotr:tile.lotr:fallenLeavesLOTR:11, Fallen Banana Leaves
lotr:tile.lotr:fallenLeavesLOTR:12, Fallen Maple Leaves
lotr:tile.lotr:fallenLeavesLOTR:13, Fallen Larch Leaves
lotr:tile.lotr:fallenLeavesLOTR:14, Fallen Date Palm Leaves
lotr:tile.lotr:fallenLeavesLOTR:15, Fallen Mangrove Leaves
lotr:tile.lotr:gundabadCraftingTable, Gundabad Crafting Table
lotr:tile.lotr:thatchFloor, Thatch Flooring
lotr:tile.lotr:dalishPastry, tile.lotr:dalishPastry.name
lotr:tile.lotr:aridGrass, Arid Grass
lotr:tile.lotr:termiteMound:0, Infested Termite Mound
lotr:tile.lotr:termiteMound:1, Termite Mound
lotr:tile.lotr:utumnoBrick:0, Fire Utumno Brick
lotr:tile.lotr:utumnoBrick:1, Burning Utumno Brick
lotr:tile.lotr:utumnoBrick:2, Ice Utumno Brick
lotr:tile.lotr:utumnoBrick:3, Glowing Ice Utumno Brick
lotr:tile.lotr:utumnoBrick:4, Obsidian Utumno Brick
lotr:tile.lotr:utumnoBrick:5, Fiery Obsidian Utumno Brick
lotr:tile.lotr:utumnoPortal, tile.lotr:utumnoPortal.name
lotr:tile.lotr:utumnoPillar:0, Fire Utumno Pillar
lotr:tile.lotr:utumnoPillar:1, Ice Utumno Pillar
lotr:tile.lotr:utumnoPillar:2, Obsidian Utumno Pillar
lotr:tile.lotr:slabSingle5:0, Gondor Pillar Slab
lotr:tile.lotr:slabSingle5:1, Mordor Pillar Slab
lotr:tile.lotr:slabSingle5:2, Rohan Pillar Slab
lotr:tile.lotr:slabSingle5:3, Black Gondor Brick Slab
lotr:tile.lotr:slabSingle5:4, Black Gondor Pillar Slab
lotr:tile.lotr:slabSingle5:5, High Elven Brick Slab
lotr:tile.lotr:slabSingle5:6, Mossy High Elven Brick Slab
lotr:tile.lotr:slabSingle5:7, Cracked High Elven Brick Slab
lotr:tile.lotr:stairsMangrove, Mangrove Wood Stairs
lotr:tile.lotr:tallGrass:0, Short Grass
lotr:tile.lotr:tallGrass:1, Flowery Grass
lotr:tile.lotr:tallGrass:2, Wheatgrass
lotr:tile.lotr:tallGrass:3, Thistle
lotr:tile.lotr:haradFlower:0, Red Sand Gem
lotr:tile.lotr:haradFlower:1, Yellow Sand Gem
lotr:tile.lotr:haradFlower:2, Harad Daisy
lotr:tile.lotr:haradFlower:3, Southbells
lotr:tile.lotr:flaxPlant, Flax Plant
lotr:tile.lotr:flax, tile.lotr:flax.name
lotr:tile.lotr:berryBush:8, Blueberry Bush
lotr:tile.lotr:berryBush:0, Bare Blueberry Bush
lotr:tile.lotr:berryBush:9, Blackberry Bush
lotr:tile.lotr:berryBush:1, Bare Blackberry Bush
lotr:tile.lotr:berryBush:10, Raspberry Bush
lotr:tile.lotr:berryBush:2, Bare Raspberry Bush
lotr:tile.lotr:berryBush:11, Cranberry Bush
lotr:tile.lotr:berryBush:3, Bare Cranberry Bush
lotr:tile.lotr:berryBush:12, Elderberry Bush
lotr:tile.lotr:berryBush:4, Bare Elderberry Bush
lotr:tile.lotr:planks2:0, Chestnut Wood Planks
lotr:tile.lotr:planks2:1, Baobab Wood Planks
lotr:tile.lotr:planks2:2, Cedar Wood Planks
lotr:tile.lotr:planks2:3, Fir Wood Planks
lotr:tile.lotr:planks2:4, Pine Wood Planks
lotr:tile.lotr:planks2:5, Lemon Wood Planks
lotr:tile.lotr:planks2:6, Orange Wood Planks
lotr:tile.lotr:planks2:7, Lime Wood Planks
lotr:tile.lotr:planks2:8, Mahogany Wood Planks
lotr:tile.lotr:planks2:9, Willow Wood Planks
lotr:tile.lotr:planks2:10, Cypress Wood Planks
lotr:tile.lotr:planks2:11, Olive Wood Planks
lotr:tile.lotr:fence2:0, Chestnut Wood Fence
lotr:tile.lotr:fence2:1, Baobab Wood Fence
lotr:tile.lotr:fence2:2, Cedar Wood Fence
lotr:tile.lotr:fence2:3, Fir Wood Fence
lotr:tile.lotr:fence2:4, Pine Wood Fence
lotr:tile.lotr:fence2:5, Lemon Wood Fence
lotr:tile.lotr:fence2:6, Orange Wood Fence
lotr:tile.lotr:fence2:7, Lime Wood Fence
lotr:tile.lotr:fence2:8, Mahogany Wood Fence
lotr:tile.lotr:fence2:9, Willow Wood Fence
lotr:tile.lotr:fence2:10, Cypress Wood Fence
lotr:tile.lotr:fence2:11, Olive Wood Fence
lotr:tile.lotr:woodSlabSingle3:0, Chestnut Wood Slab
lotr:tile.lotr:woodSlabSingle3:1, Baobab Wood Slab
lotr:tile.lotr:woodSlabSingle3:2, Cedar Wood Slab
lotr:tile.lotr:woodSlabSingle3:3, Fir Wood Slab
lotr:tile.lotr:woodSlabSingle3:4, Pine Wood Slab
lotr:tile.lotr:woodSlabSingle3:5, Lemon Wood Slab
lotr:tile.lotr:woodSlabSingle3:6, Orange Wood Slab
lotr:tile.lotr:woodSlabSingle3:7, Lime Wood Slab
lotr:tile.lotr:wood4:0, Chestnut Wood
lotr:tile.lotr:wood4:1, Baobab Wood
lotr:tile.lotr:wood4:2, Cedar Wood
lotr:tile.lotr:wood4:3, Fir Wood
lotr:tile.lotr:leaves4:0, Chestnut Leaves
lotr:tile.lotr:leaves4:1, Baobab Leaves
lotr:tile.lotr:leaves4:2, Cedar Leaves
lotr:tile.lotr:leaves4:3, Fir Leaves
lotr:tile.lotr:sapling4:0, Chestnut Sapling
lotr:tile.lotr:sapling4:1, Baobab Sapling
lotr:tile.lotr:sapling4:2, Cedar Sapling
lotr:tile.lotr:sapling4:3, Fir Sapling
lotr:tile.lotr:stairsChestnut, Chestnut Wood Stairs
lotr:tile.lotr:stairsBaobab, Baobab Wood Stairs
lotr:tile.lotr:fallenLeavesLOTR2:0, Fallen Chestnut Leaves
lotr:tile.lotr:fallenLeavesLOTR2:1, Fallen Baobab Leaves
lotr:tile.lotr:fallenLeavesLOTR2:2, Fallen Cedar Leaves
lotr:tile.lotr:fallenLeavesLOTR2:3, Fallen Fir Leaves
lotr:tile.lotr:fallenLeavesLOTR2:4, Fallen Pine Leaves
lotr:tile.lotr:fallenLeavesLOTR2:5, Fallen Lemon Leaves
lotr:tile.lotr:fallenLeavesLOTR2:6, Fallen Orange Leaves
lotr:tile.lotr:fallenLeavesLOTR2:7, Fallen Lime Leaves
lotr:tile.lotr:fallenLeavesLOTR2:8, Fallen Mahogany Leaves
lotr:tile.lotr:fallenLeavesLOTR2:9, Fallen Willow Leaves
lotr:tile.lotr:fallenLeavesLOTR2:10, Fallen Cypress Leaves
lotr:tile.lotr:fallenLeavesLOTR2:11, Fallen Olive Leaves
lotr:tile.lotr:stairsCedar, Cedar Wood Stairs
lotr:tile.lotr:rottenLog:0, Rotten Wood
lotr:tile.lotr:oreStorage2:0, Block of Black Uruk Steel
lotr:tile.lotr:oreStorage2:1, Block of Elven Steel
lotr:tile.lotr:mordorGrass, Mordor Scrub
lotr:tile.lotr:mordorDirt, Mordor Dirt
lotr:tile.lotr:mordorGravel, Mordor Gravel
lotr:tile.lotr:utumnoReturnPortal, tile.lotr:utumnoReturnPortal.name
lotr:tile.lotr:utumnoReturnLight, tile.lotr:utumnoReturnLight.name
lotr:tile.lotr:utumnoReturnPortalBase, tile.lotr:utumnoReturnPortalBase.name
lotr:tile.lotr:commandTable, Table of Command
lotr:tile.lotr:halfTrollCraftingTable, Half-troll Crafting Table
lotr:tile.lotr:butterflyJar, Butterfly Jar
lotr:tile.lotr:berryPie, tile.lotr:berryPie.name
lotr:tile.lotr:stairsBlackGondorBrick, Black Gondor Brick Stairs
lotr:tile.lotr:brick3:0, Carved Sarlluin Brick
lotr:tile.lotr:brick3:1, Carved Sarncaran Brick
lotr:tile.lotr:brick3:2, High Elven Brick
lotr:tile.lotr:brick3:3, Mossy High Elven Brick
lotr:tile.lotr:brick3:4, Cracked High Elven Brick
lotr:tile.lotr:brick3:5, Wood-elven Brick
lotr:tile.lotr:brick3:6, Mossy Wood-elven Brick
lotr:tile.lotr:brick3:7, Cracked Wood-elven Brick
lotr:tile.lotr:brick3:8, Carved Near Harad Brick
lotr:tile.lotr:brick3:9, Dol Amroth Brick
lotr:tile.lotr:brick3:10, Moredain Brick
lotr:tile.lotr:brick3:11, Cracked Near Harad Brick
lotr:tile.lotr:brick3:12, Glowing Dwarven Brick
lotr:tile.lotr:brick3:13, Red Near Harad Brick
lotr:tile.lotr:brick3:14, Cracked Red Near Harad Brick
lotr:tile.lotr:brick3:15, Carved Red Near Harad Brick
lotr:tile.lotr:wallStone3:0, Wood-elven Brick Wall
lotr:tile.lotr:wallStone3:1, Mossy Wood-elven Brick Wall
lotr:tile.lotr:wallStone3:2, Cracked Wood-elven Brick Wall
lotr:tile.lotr:wallStone3:3, Cracked Near Harad Brick Wall
lotr:tile.lotr:wallStone3:4, Red Near Harad Brick Wall
lotr:tile.lotr:wallStone3:5, Cracked Red Near Harad Brick Wall
lotr:tile.lotr:wallStone3:6, Chalk Wall
lotr:tile.lotr:wallStone3:7, Chalk Brick Wall
lotr:tile.lotr:wallStone3:8, Mud Brick Wall
lotr:tile.lotr:wallStone3:9, Dalish Brick Wall
lotr:tile.lotr:wallStone3:10, Dorwinion Brick Wall
lotr:tile.lotr:slabSingle6:0, High Elven Pillar Slab
lotr:tile.lotr:slabSingle6:1, Cracked High Elven Pillar Slab
lotr:tile.lotr:slabSingle6:2, Wood-elven Brick Slab
lotr:tile.lotr:slabSingle6:3, Mossy Wood-elven Brick Slab
lotr:tile.lotr:slabSingle6:4, Cracked Wood-elven Brick Slab
lotr:tile.lotr:slabSingle6:5, Wood-elven Pillar Slab
lotr:tile.lotr:slabSingle6:6, Cracked Wood-elven Pillar Slab
lotr:tile.lotr:slabSingle6:7, Dol Amroth Brick Slab
lotr:tile.lotr:stairsHighElvenBrick, High Elven Brick Stairs
lotr:tile.lotr:stairsHighElvenBrickMossy, Mossy High Elven Brick Stairs
lotr:tile.lotr:stairsHighElvenBrickCracked, Cracked High Elven Brick Stairs
lotr:tile.lotr:stairsWoodElvenBrick, Wood-elven Brick Stairs
lotr:tile.lotr:stairsWoodElvenBrickMossy, Mossy Wood-elven Brick Stairs
lotr:tile.lotr:stairsWoodElvenBrickCracked, Cracked Wood-elven Brick Stairs
lotr:tile.lotr:elvenForge, Elven Forge
lotr:tile.lotr:dolAmrothCraftingTable, Dol Amroth Crafting Table
lotr:tile.lotr:stairsDolAmrothBrick, Dol Amroth Brick Stairs
lotr:tile.lotr:stairsFir, Fir Wood Stairs
lotr:tile.lotr:wood5:0, Pine Wood
lotr:tile.lotr:wood5:1, Lemon Wood
lotr:tile.lotr:wood5:2, Orange Wood
lotr:tile.lotr:wood5:3, Lime Wood
lotr:tile.lotr:leaves5:0, Pine Leaves
lotr:tile.lotr:leaves5:1, Lemon Leaves
lotr:tile.lotr:leaves5:2, Orange Leaves
lotr:tile.lotr:leaves5:3, Lime Leaves
lotr:tile.lotr:sapling5:0, Pine Sapling
lotr:tile.lotr:sapling5:1, Lemon Sapling
lotr:tile.lotr:sapling5:2, Orange Sapling
lotr:tile.lotr:sapling5:3, Lime Sapling
lotr:tile.lotr:stairsPinePine, Pine Wood Stairs
lotr:tile.lotr:moredainCraftingTable, Moredain Crafting Table
lotr:tile.lotr:slabSingle7:0, Moredain Brick Slab
lotr:tile.lotr:slabSingle7:1, Cracked Near Harad Brick Slab
lotr:tile.lotr:slabSingle7:2, Red Near Harad Brick Slab
lotr:tile.lotr:slabSingle7:3, Cracked Red Near Harad Brick Slab
lotr:tile.lotr:slabSingle7:4, Red Near Harad Pillar Slab
lotr:tile.lotr:slabSingle7:5, Red Sandstone Slab
lotr:tile.lotr:slabSingle7:6, Cracked Dwarven Brick Slab
lotr:tile.lotr:slabSingle7:7, Cracked Dwarven Pillar Slab
lotr:tile.lotr:stairsMoredainBrick, Moredain Brick Stairs
lotr:tile.lotr:stairsNearHaradBrickCracked, Cracked Near Harad Brick Stairs
lotr:tile.lotr:unsmeltery, Unsmeltery
lotr:tile.lotr:bronzeBars, Bronze Bars
lotr:tile.lotr:goldBars, Gold Bars
lotr:tile.lotr:silverBars, Silver Bars
lotr:tile.lotr:mithrilBars, Mithril Bars
lotr:tile.lotr:urukBars, Uruk Steel Bars
lotr:tile.lotr:highElfBars, High Elven Steel Bars
lotr:tile.lotr:galadhrimBars, Galadhrim Steel Bars
lotr:tile.lotr:woodElfBars, Wood-elven Steel Bars
lotr:tile.lotr:dwarfBars, Dwarven Steel Bars
lotr:tile.lotr:blueDwarfBars, Blue Dwarven Steel Bars
lotr:tile.lotr:highElfWoodBars, High Elven Wood-bars
lotr:tile.lotr:galadhrimWoodBars, Galadhrim Wood-bars
lotr:tile.lotr:woodElfWoodBars, Wood-elven Wood-bars
lotr:tile.lotr:corruptMallorn, Corrupt Mallorn Sapling
lotr:tile.lotr:planksRotten:0, Rotten Planks
lotr:tile.lotr:stairsRotten, Rotten Wood Stairs
lotr:tile.lotr:rottenSlabSingle:0, Rotten Wood Slab
lotr:tile.lotr:fenceRotten:0, Rotten Wood Fence
lotr:tile.lotr:scorchedStone, Scorched Stone
lotr:tile.lotr:scorchedSlabSingle:0, Scorched Stone Slab
lotr:tile.lotr:stairsScorchedStone, Scorched Stone Stairs
lotr:tile.lotr:scorchedWall, Scorched Stone Wall
lotr:tile.lotr:stairsLemon, Lemon Wood Stairs
lotr:tile.lotr:lemonCake, tile.lotr:lemonCake.name
lotr:tile.lotr:stairsOrange, Orange Wood Stairs
lotr:tile.lotr:alloyForge, Alloy Forge
lotr:tile.lotr:stairsLime, Lime Wood Stairs
lotr:tile.lotr:tauredainCraftingTable, Tauredain Crafting Table
lotr:tile.lotr:brick4:0, Tauredain Brick
lotr:tile.lotr:brick4:1, Mossy Tauredain Brick
lotr:tile.lotr:brick4:2, Cracked Tauredain Brick
lotr:tile.lotr:brick4:3, Golden Tauredain Brick
lotr:tile.lotr:brick4:4, Obsidian Tauredain Brick
lotr:tile.lotr:brick4:5, Cracked Dwarven Brick
lotr:tile.lotr:brick4:6, Carved Black Gondor Brick
lotr:tile.lotr:brick4:7, Lapis-trimmed Near Harad Brick
lotr:tile.lotr:brick4:8, Silver-trimmed High Elven Brick
lotr:tile.lotr:brick4:9, Silver-trimmed Galadhrim Brick
lotr:tile.lotr:brick4:10, Silver-trimmed Wood-elven Brick
lotr:tile.lotr:brick4:11, Gold-trimmed High Elven Brick
lotr:tile.lotr:brick4:12, Gold-trimmed Galadhrim Brick
lotr:tile.lotr:brick4:13, Gold-trimmed Wood-elven Brick
lotr:tile.lotr:brick4:14, Obsidian Dwarven Brick
lotr:tile.lotr:brick4:15, Chalk Brick
lotr:tile.lotr:wallStone4:0, Tauredain Brick Wall
lotr:tile.lotr:wallStone4:1, Mossy Tauredain Brick Wall
lotr:tile.lotr:wallStone4:2, Cracked Tauredain Brick Wall
lotr:tile.lotr:wallStone4:3, Golden Tauredain Brick Wall
lotr:tile.lotr:wallStone4:4, Obsidian Tauredain Brick Wall
lotr:tile.lotr:wallStone4:5, Cracked Dwarven Brick Wall
lotr:tile.lotr:wallStone4:6, Obsidian Dwarven Brick Wall
lotr:tile.lotr:slabSingle8:0, Tauredain Brick Slab
lotr:tile.lotr:slabSingle8:1, Mossy Tauredain Brick Slab
lotr:tile.lotr:slabSingle8:2, Cracked Tauredain Brick Slab
lotr:tile.lotr:slabSingle8:3, Golden Tauredain Brick Slab
lotr:tile.lotr:slabSingle8:4, Obsidian Tauredain Brick Slab
lotr:tile.lotr:slabSingle8:5, Tauredain Pillar Slab
lotr:tile.lotr:slabSingle8:6, Obsidian Dwarven Brick Slab
lotr:tile.lotr:slabSingle8:7, Chalk Slab
lotr:tile.lotr:stairsTauredainBrick, Tauredain Brick Stairs
lotr:tile.lotr:stairsTauredainBrickMossy, Mossy Tauredain Brick Stairs
lotr:tile.lotr:stairsTauredainBrickCracked, Cracked Tauredain Brick Stairs
lotr:tile.lotr:stairsTauredainBrickGold, Golden Tauredain Brick Stairs
lotr:tile.lotr:stairsTauredainBrickObsidian, Obsidian Tauredain Brick Stairs
lotr:tile.lotr:obsidianGravel, Obsidian Gravel
lotr:tile.lotr:tauredainDartTrap, Tauredain Dart Trap
lotr:tile.lotr:wood6:0, Mahogany Wood
lotr:tile.lotr:wood6:1, Willow Wood
lotr:tile.lotr:wood6:2, Cypress Wood
lotr:tile.lotr:wood6:3, Olive Wood
lotr:tile.lotr:leaves6:0, Mahogany Leaves
lotr:tile.lotr:leaves6:1, Willow Leaves
lotr:tile.lotr:leaves6:2, Cypress Leaves
lotr:tile.lotr:leaves6:3, Olive Leaves
lotr:tile.lotr:sapling6:0, Mahogany Sapling
lotr:tile.lotr:sapling6:1, Willow Sapling
lotr:tile.lotr:sapling6:2, Cypress Sapling
lotr:tile.lotr:sapling6:3, Olive Sapling
lotr:tile.lotr:woodSlabSingle4:0, Mahogany Wood Slab
lotr:tile.lotr:woodSlabSingle4:1, Willow Wood Slab
lotr:tile.lotr:woodSlabSingle4:2, Cypress Wood Slab
lotr:tile.lotr:woodSlabSingle4:3, Olive Wood Slab
lotr:tile.lotr:stairsMahogany, Mahogany Wood Stairs
lotr:tile.lotr:mud, Jungle Mud
lotr:tile.lotr:mudGrass, Jungle Grass
lotr:tile.lotr:chestStone, Stone Chest
lotr:tile.lotr:spawnerChestStone, tile.lotr:spawnerChestStone.name
lotr:tile.lotr:mudFarmland, Jungle Mud Farmland
lotr:tile.lotr:stairsNearHaradBrickRed, Red Near Harad Brick Stairs
lotr:tile.lotr:stairsNearHaradBrickRedCracked, Cracked Red Near Harad Brick Stairs
lotr:tile.lotr:redSandstone, Red Sandstone
lotr:tile.lotr:stairsRedSandstone, Red Sandstone Stairs
lotr:tile.lotr:stairsDwarvenBrickCracked, Cracked Dwarven Brick Stairs
lotr:tile.lotr:pillar2:0, Cracked Dwarven Pillar
lotr:tile.lotr:pillar2:1, Chalk Pillar
lotr:tile.lotr:pillar2:2, Stone Pillar
lotr:tile.lotr:pillar2:3, Brick Pillar
lotr:tile.lotr:pillar2:4, Angmar Pillar
lotr:tile.lotr:pillar2:5, Dalish Pillar
lotr:tile.lotr:hithlainLadder, Hithlain Ladder
lotr:tile.lotr:reeds, Reeds
lotr:tile.lotr:stairsReed, Reed Stairs
lotr:tile.lotr:tauredainDoubleTorch, tile.lotr:tauredainDoubleTorch.name
lotr:tile.lotr:woodBeamV1:0, Oak Wood Beam
lotr:tile.lotr:woodBeamV1:1, Spruce Wood Beam
lotr:tile.lotr:woodBeamV1:2, Birch Wood Beam
lotr:tile.lotr:woodBeamV1:3, Jungle Wood Beam
lotr:tile.lotr:reedBars, Reed Bars
lotr:tile.lotr:woodBeamV2:0, Acacia Wood Beam
lotr:tile.lotr:woodBeamV2:1, Dark Oak Wood Beam
lotr:tile.lotr:woodBeam1:0, Shire Pine Wood Beam
lotr:tile.lotr:woodBeam1:1, Mallorn Wood Beam
lotr:tile.lotr:woodBeam1:2, Mirk-oak Wood Beam
lotr:tile.lotr:woodBeam1:3, Charred Wood Beam
lotr:tile.lotr:tauredainDartTrapGold, Golden Tauredain Dart Trap
lotr:tile.lotr:weaponRack, Weapon Rack
lotr:tile.lotr:cornStalk, Corn Stalks
lotr:tile.lotr:wasteBlock, Waste Block
lotr:tile.lotr:stairsDwarvenBrickObsidian, Obsidian Dwarven Brick Stairs
lotr:tile.lotr:dirtPath, Dirt Path
lotr:tile.lotr:stairsWillow, Willow Wood Stairs
lotr:tile.lotr:willowVines, Willow Vines
lotr:tile.lotr:woodBeam2:0, Lebethron Wood Beam
lotr:tile.lotr:woodBeam2:1, Beech Wood Beam
lotr:tile.lotr:woodBeam2:2, Holly Wood Beam
lotr:tile.lotr:woodBeam2:3, Banana Wood Beam
lotr:tile.lotr:woodBeamFruit:0, Apple Wood Beam
lotr:tile.lotr:woodBeamFruit:1, Pear Wood Beam
lotr:tile.lotr:woodBeamFruit:2, Cherry Wood Beam
lotr:tile.lotr:woodBeamFruit:3, Mango Wood Beam
lotr:tile.lotr:woodBeam3:0, Maple Wood Beam
lotr:tile.lotr:woodBeam3:1, Larch Wood Beam
lotr:tile.lotr:woodBeam3:2, Date Palm Wood Beam
lotr:tile.lotr:woodBeam3:3, Mangrove Wood Beam
lotr:tile.lotr:woodBeam4:0, Chestnut Wood Beam
lotr:tile.lotr:woodBeam4:1, Baobab Wood Beam
lotr:tile.lotr:woodBeam4:2, Cedar Wood Beam
lotr:tile.lotr:woodBeam4:3, Fir Wood Beam
lotr:tile.lotr:woodBeam5:0, Pine Wood Beam
lotr:tile.lotr:woodBeam5:1, Lemon Wood Beam
lotr:tile.lotr:woodBeam5:2, Orange Wood Beam
lotr:tile.lotr:woodBeam5:3, Lime Wood Beam
lotr:tile.lotr:woodBeam6:0, Mahogany Wood Beam
lotr:tile.lotr:woodBeam6:1, Willow Wood Beam
lotr:tile.lotr:woodBeam6:2, Cypress Wood Beam
lotr:tile.lotr:woodBeam6:3, Olive Wood Beam
lotr:tile.lotr:woodBeamRotten:0, Rotten Wood Beam
lotr:tile.lotr:gateWooden, Wooden Gate
lotr:tile.lotr:gateIronBars, Iron Bar Gate
lotr:tile.lotr:gateBronzeBars, Bronze Bar Gate
lotr:tile.lotr:gateWoodenCross, Wooden Cross Gate
lotr:tile.lotr:gateOrc, Orc Gate
lotr:tile.lotr:stairsChalkBrick, Chalk Brick Stairs
lotr:tile.lotr:slabSingle9:0, Chalk Brick Slab
lotr:tile.lotr:slabSingle9:1, Chalk Pillar Slab
lotr:tile.lotr:slabSingle9:2, Stone Pillar Slab
lotr:tile.lotr:slabSingle9:3, Brick Pillar Slab
lotr:tile.lotr:slabSingle9:4, Angmar Pillar Slab
lotr:tile.lotr:slabSingle9:5, Mud Brick Slab
lotr:tile.lotr:slabSingle9:6, Dalish Brick Slab
lotr:tile.lotr:slabSingle9:7, Dorwinion Brick Slab
lotr:tile.lotr:gateElven, Galadhrim Gate
lotr:tile.lotr:gateDwarven, Dwarven Gate
lotr:tile.lotr:gateGondor, Gondorian Gate
lotr:tile.lotr:pressurePlateChalk, Pressure Plate
lotr:tile.lotr:buttonChalk, Button
lotr:tile.lotr:wallStoneV:0, Stone Wall
lotr:tile.lotr:wallStoneV:1, Stone Brick Wall
lotr:tile.lotr:wallStoneV:2, Mossy Stone Brick Wall
lotr:tile.lotr:wallStoneV:3, Cracked Stone Brick Wall
lotr:tile.lotr:wallStoneV:4, Sandstone Wall
lotr:tile.lotr:wallStoneV:5, Red Sandstone Wall
lotr:tile.lotr:wallStoneV:6, Brick Wall
lotr:tile.lotr:wallStoneV:7, Mossy Brick Wall
lotr:tile.lotr:wallStoneV:8, Cracked Brick Wall
lotr:tile.lotr:stairsStoneBrickMossy, Mossy Stone Brick Stairs
lotr:tile.lotr:stairsStoneBrickCracked, Cracked Stone Brick Stairs
lotr:tile.lotr:slabSingleV:0, Mossy Stone Brick Slab
lotr:tile.lotr:slabSingleV:1, Cracked Stone Brick Slab
lotr:tile.lotr:slabSingleV:2, Mossy Bricks Slab
lotr:tile.lotr:slabSingleV:3, Cracked Bricks Slab
lotr:tile.lotr:stairsStone, Stone Stairs
lotr:tile.lotr:stairsMordorRock, Mordor Rock Stairs
lotr:tile.lotr:stairsGondorRock, Gondor Rock Stairs
lotr:tile.lotr:stairsRohanRock, Rohan Rock Stairs
lotr:tile.lotr:stairsBlueRock, Sarlluin Stairs
lotr:tile.lotr:stairsRedRock, Sarncaran Stairs
lotr:tile.lotr:stairsChalk, Chalk Stairs
lotr:tile.lotr:gateHighElven, High Elven Gate
lotr:tile.lotr:gateWoodElven, Wood-elven Gate
lotr:tile.lotr:gateNearHarad, Near Harad Gate
lotr:tile.lotr:clayTile, Clay Tiling
lotr:tile.lotr:clayTileDyed:0, White Clay Tiling
lotr:tile.lotr:clayTileDyed:1, Orange Clay Tiling
lotr:tile.lotr:clayTileDyed:2, Magenta Clay Tiling
lotr:tile.lotr:clayTileDyed:3, Light Blue Clay Tiling
lotr:tile.lotr:clayTileDyed:4, Yellow Clay Tiling
lotr:tile.lotr:clayTileDyed:5, Lime Clay Tiling
lotr:tile.lotr:clayTileDyed:6, Pink Clay Tiling
lotr:tile.lotr:clayTileDyed:7, Gray Clay Tiling
lotr:tile.lotr:clayTileDyed:8, Light Gray Clay Tiling
lotr:tile.lotr:clayTileDyed:9, Cyan Clay Tiling
lotr:tile.lotr:clayTileDyed:10, Purple Clay Tiling
lotr:tile.lotr:clayTileDyed:11, Blue Clay Tiling
lotr:tile.lotr:clayTileDyed:12, Brown Clay Tiling
lotr:tile.lotr:clayTileDyed:13, Green Clay Tiling
lotr:tile.lotr:clayTileDyed:14, Red Clay Tiling
lotr:tile.lotr:clayTileDyed:15, Black Clay Tiling
lotr:tile.lotr:slabClayTileSingle:0, Clay Tiling Slab
lotr:tile.lotr:slabClayTileDyedSingle:0, White Clay Tiling Slab
lotr:tile.lotr:slabClayTileDyedSingle:1, Orange Clay Tiling Slab
lotr:tile.lotr:slabClayTileDyedSingle:2, Magenta Clay Tiling Slab
lotr:tile.lotr:slabClayTileDyedSingle:3, Light Blue Clay Tiling Slab
lotr:tile.lotr:slabClayTileDyedSingle:4, Yellow Clay Tiling Slab
lotr:tile.lotr:slabClayTileDyedSingle:5, Lime Clay Tiling Slab
lotr:tile.lotr:slabClayTileDyedSingle:6, Pink Clay Tiling Slab
lotr:tile.lotr:slabClayTileDyedSingle:7, Gray Clay Tiling Slab
lotr:tile.lotr:slabClayTileDyedSingle2:0, Light Gray Clay Tiling Slab
lotr:tile.lotr:slabClayTileDyedSingle2:1, Cyan Clay Tiling Slab
lotr:tile.lotr:slabClayTileDyedSingle2:2, Purple Clay Tiling Slab
lotr:tile.lotr:slabClayTileDyedSingle2:3, Blue Clay Tiling Slab
lotr:tile.lotr:slabClayTileDyedSingle2:4, Brown Clay Tiling Slab
lotr:tile.lotr:slabClayTileDyedSingle2:5, Green Clay Tiling Slab
lotr:tile.lotr:slabClayTileDyedSingle2:6, Red Clay Tiling Slab
lotr:tile.lotr:slabClayTileDyedSingle2:7, Black Clay Tiling Slab
lotr:tile.lotr:stairsClayTile, Clay Tiling Stairs
lotr:tile.lotr:stairsClayTileDyedWhite, White Clay Tiling Stairs
lotr:tile.lotr:stairsClayTileDyedOrange, Orange Clay Tiling Stairs
lotr:tile.lotr:stairsClayTileDyedMagenta, Magenta Clay Tiling Stairs
lotr:tile.lotr:stairsClayTileDyedLightBlue, Light Blue Clay Tiling Stairs
lotr:tile.lotr:stairsClayTileDyedYellow, Yellow Clay Tiling Stairs
lotr:tile.lotr:stairsClayTileDyedLime, Lime Clay Tiling Stairs
lotr:tile.lotr:stairsClayTileDyedPink, Pink Clay Tiling Stairs
lotr:tile.lotr:stairsClayTileDyedGray, Gray Clay Tiling Stairs
lotr:tile.lotr:stairsClayTileDyedLightGray, Light Gray Clay Tiling Stairs
lotr:tile.lotr:stairsClayTileDyedCyan, Cyan Clay Tiling Stairs
lotr:tile.lotr:stairsClayTileDyedPurple, Purple Clay Tiling Stairs
lotr:tile.lotr:stairsClayTileDyedBlue, Blue Clay Tiling Stairs
lotr:tile.lotr:stairsClayTileDyedBrown, Brown Clay Tiling Stairs
lotr:tile.lotr:stairsClayTileDyedGreen, Green Clay Tiling Stairs
lotr:tile.lotr:stairsClayTileDyedRed, Red Clay Tiling Stairs
lotr:tile.lotr:stairsClayTileDyedBlack, Black Clay Tiling Stairs
lotr:tile.lotr:wargFurBed, tile.lotr:wargFurBed.name
lotr:tile.lotr:slabUtumnoSingle:0, Fire Utumno Brick Slab
lotr:tile.lotr:slabUtumnoSingle:1, Ice Utumno Brick Slab
lotr:tile.lotr:slabUtumnoSingle:2, Obsidian Utumno Brick Slab
lotr:tile.lotr:slabUtumnoSingle:3, Fire Utumno Pillar Slab
lotr:tile.lotr:slabUtumnoSingle:4, Ice Utumno Pillar Slab
lotr:tile.lotr:slabUtumnoSingle:5, Obsidian Utumno Pillar Slab
lotr:tile.lotr:stairsUtumnoBrickFire, Fire Utumno Brick Stairs
lotr:tile.lotr:stairsUtumnoBrickIce, Ice Utumno Brick Stairs
lotr:tile.lotr:stairsUtumnoBrickObsidian, Obsidian Utumno Brick Stairs
lotr:tile.lotr:wallUtumno:0, Fire Utumno Brick Wall
lotr:tile.lotr:wallUtumno:1, Ice Utumno Brick Wall
lotr:tile.lotr:wallUtumno:2, Obsidian Utumno Brick Wall
lotr:tile.lotr:kebabStand, Kebab Stand
lotr:tile.lotr:kebabStandSand, Sandstone Kebab Stand
lotr:tile.lotr:gateTauredain, Tauredain Gate
lotr:tile.lotr:gateDolAmroth, Dol Amroth Gate
lotr:tile.lotr:gateUruk, Uruk Gate
lotr:tile.lotr:gateSilver, Silver Gate
lotr:tile.lotr:gateGold, Golden Gate
lotr:tile.lotr:gateMithril, Mithril Gate
lotr:tile.lotr:brick5:0, Mud Brick
lotr:tile.lotr:brick5:1, Dalish Brick
lotr:tile.lotr:brick5:2, Dorwinion Brick
lotr:tile.lotr:brick5:3, Carved Rohan Brick
lotr:tile.lotr:stairsMudBrick, Mud Brick Stairs
lotr:tile.lotr:leek, tile.lotr:leek.name
lotr:tile.lotr:turnip, tile.lotr:turnip.name
lotr:tile.lotr:stairsDaleBrick, Dalish Brick Stairs
lotr:tile.lotr:stairsDorwinionBrick, Dorwinion Brick Stairs
lotr:tile.lotr:daleCraftingTable, Dalish Crafting Table
lotr:tile.lotr:dorwinionCraftingTable, Dorwinion Crafting Table
lotr:tile.lotr:stairsCypress, Cypress Wood Stairs
lotr:tile.lotr:stairsOlive, Olive Wood Stairs
lotr:tile.lotr:slabSingle10:0, Dalish Pillar Slab
lotr:tile.lotr:hobbitCraftingTable, Hobbit Crafting Table
lotr:tile.lotr:gateHobbitGreen, Green Hobbit Gate
lotr:tile.lotr:gateHobbitBlue, Blue Hobbit Gate
lotr:tile.lotr:gateHobbitRed, Red Hobbit Gate
lotr:tile.lotr:gateHobbitYellow, Yellow Hobbit Gate
lotr:tile.lotr:driedReeds, Dried Reeds
lotr:tile.lotr:redBrick:0, Mossy Bricks
lotr:tile.lotr:redBrick:1, Cracked Bricks
lotr:tile.lotr:stairsBrickMossy, Mossy Brick Stairs
lotr:tile.lotr:stairsBrickCracked, Cracked Brick Stairs
lotr:tile.lotr:grapevine, Grapevine Post
lotr:tile.lotr:grapevineRed, tile.lotr:grapevineRed.name
lotr:tile.lotr:grapevineWhite, tile.lotr:grapevineWhite.name
divinerpg:rupeeOre, Rupee Ore
divinerpg:arlemiteOre, Arlemite Ore
divinerpg:realmiteOre, Realmite Ore
divinerpg:bloodgemOre, Bloodgem Ore
divinerpg:netheriteOre, Netherite Ore
divinerpg:rupeeBlock, Rupee Block
divinerpg:arlemiteBlock, Arlemite Block
divinerpg:realmiteBlock, Realmite Block
divinerpg:bloodgemBlock, Bloodgem Block
divinerpg:netheriteBlock, Netherite Block
divinerpg:spiderPumpkin, Spider Pumpkin
divinerpg:enderPumpkin, Ender Pumpkin
divinerpg:creeperPumpkin, Creeper Pumpkin
divinerpg:skeletonPumpkin, Skeleton Pumpkin
divinerpg:blazePumpkin, Blaze Pumpkin
divinerpg:zombiePumpkin, Zombie Pumpkin
divinerpg:frostPumpkin, Frost Pumpkin
divinerpg:cyclopsPumpkin, Cyclops Pumpkin
divinerpg:ghastPumpkin, Ghast Pumpkin
divinerpg:glaconPumpkin, Glacon Pumpkin
divinerpg:enderWatcherPumpkin, Ender Watcher Pumpkin
divinerpg:jungleSpiderPumpkin, Jungle Spider Pumpkin
divinerpg:hellspiderPumpkin, Hellspider Pumpkin
divinerpg:aquaTorch, Aqua Torch
divinerpg:skeletonTorch, Skeleton Torch
divinerpg:checker, Checker
divinerpg:rainbowWool, Rainbow Wool
divinerpg:crate, Crate
divinerpg:plankDesign, Plank Design
divinerpg:blueStone, Blue Stone
divinerpg:blueVane, Blue Vane
divinerpg:cyanVane, Cyan Vane
divinerpg:purpleVane, Purple Vane
divinerpg:redVane, Red Vane
divinerpg:yellowVane, Yellow Vane
divinerpg:divineRock, Divine Rock
divinerpg:Tar, Tar
divinerpg:fancyWool, Fancy Wool
divinerpg:steel:0, Teal Steel
divinerpg:steel:1, Red Steel
divinerpg:steel:2, Purple Steel
divinerpg:steel:3, Green Steel
divinerpg:steel:4, Yellow Steel
divinerpg:steel:5, Blue Steel
divinerpg:steel:6, White Steel
divinerpg:steel:7, Black Steel
divinerpg:steel:8, Orange Steel
divinerpg:steel:9, Bright Red Steel
divinerpg:Bricks:0, Aquatonic Bricks
divinerpg:Bricks:1, Arlemite Bricks
divinerpg:Bricks:2, Darkstone Bricks
divinerpg:Bricks:3, Diamond Bricks
divinerpg:Bricks:4, Gold Bricks
divinerpg:Bricks:5, Green Bricks
divinerpg:Bricks:6, Iron Bricks
divinerpg:Bricks:7, Lapis Lazuli Bricks
divinerpg:Bricks:8, Lava Bricks
divinerpg:Bricks:9, Netherite Bricks
divinerpg:Bricks:10, Pink Bricks
divinerpg:Bricks:11, Purple Bricks
divinerpg:Bricks:12, Realmite Bricks
divinerpg:Bricks:13, Redstone Bricks
divinerpg:Bricks:14, Milk Stone Bricks
divinerpg:Minibricks:0, Rupee Minibricks
divinerpg:Minibricks:1, Realmite Minibricks
divinerpg:Minibricks:2, Arlemite Minibricks
divinerpg:Minibricks:3, Minibricks
divinerpg:Minibricks:4, Bloodgem Minibricks
divinerpg:Minibricks:5, Netherite Minibricks
divinerpg:Minibricks:6, Bedrock Minibricks
divinerpg:lamp1:0, Aqua Lamp
divinerpg:lamp1:1, Arlemite Lamp
divinerpg:lamp1:2, Blaze Lamp
divinerpg:lamp1:3, Bluefire Lamp
divinerpg:lamp1:4, Diamond Lamp
divinerpg:lamp1:5, Divine Lamp
divinerpg:lamp1:6, Draken Lamp
divinerpg:lamp1:7, Eden Lamp
divinerpg:lamp1:8, Ender Lamp
divinerpg:lamp1:9, Ender Stone Lamp
divinerpg:lamp1:10, Gold Lamp
divinerpg:lamp2:0, Ice Lamp
divinerpg:lamp2:1, Jungle Lamp
divinerpg:lamp2:2, Kraken Lamp
divinerpg:lamp2:3, Lapis Lazuli Lamp
divinerpg:lamp2:4, Lava Lamp
divinerpg:lamp2:5, Milky Lamp
divinerpg:lamp2:6, Molten Lamp
divinerpg:lamp2:7, Netherite Lamp
divinerpg:lamp2:8, Realmite Lamp
divinerpg:lamp2:9, Redstone Ore Lamp
divinerpg:lamp2:10, Rupee Lamp
divinerpg:lamp2:11, Terran Lamp
divinerpg:milkStone, Milk Stone
divinerpg:darkstone, Darkstone
divinerpg:spikeBlock, Spike Block
divinerpg:hotSpikeBlock, Hot Spike Block
divinerpg:slimeLight, Slime Light
divinerpg:slimeLightOn, Slime Light
divinerpg:darkBridge, Dark Bridge
divinerpg:darkBridgeOn, Dark Bridge
divinerpg:blueFence, Blue Fence
divinerpg:redFence, Red Fence
divinerpg:greenFence, Green Fence
divinerpg:blueFenceOn, Blue Fence On
divinerpg:redFenceOn, Red Fence On
divinerpg:greenFenceOn, Green Fence On
divinerpg:ayeracoBeamBlue, tile.ayeracoBeamBlue.name
divinerpg:ayeracoBeamGreen, tile.ayeracoBeamGreen.name
divinerpg:ayeracoBeamRed, tile.ayeracoBeamRed.name
divinerpg:ayeracoBeamYellow, tile.ayeracoBeamYellow.name
divinerpg:ayeracoBeamPurple, tile.ayeracoBeamPurple.name
divinerpg:ayeracoSpawn, Ayeraco Spawn
divinerpg:kingOfScorchersStatue, King of Scorchers Statue
divinerpg:ancientEntityStatue, Ancient Entity Statue
divinerpg:ayeracoStatue, Ayeraco Statue
divinerpg:twilightDemonStatue, Twilight Demon Statue
divinerpg:vamacheronStatue, Vamacheron Statue
divinerpg:densosStatue, Densos Statue
divinerpg:reyvorStatue, Reyvor Statue
divinerpg:dramixStatue, Dramix Statue
divinerpg:soulFiendStatue, Soul Fiend Statue
divinerpg:watcherStatue, Watcher Statue
divinerpg:eternalArcherStatue, Eternal Archer Statue
divinerpg:karotStatue, Karot Statue
divinerpg:tomatoPlant, Tomato Plant
divinerpg:mushroomPlant, Mushroom Plant
divinerpg:divineLog, Divine Log
divinerpg:divineLeaves, Divine Leaves
divinerpg:divineMossStone, Divine Moss Stone
divinerpg:enthralledDramcryxSpawner, Enthralled Dramcryx Spawner
divinerpg:rotatickSpawner, Rotatick Spawner
divinerpg:divinePlanks, Divine Planks
divinerpg:divineStairs, Divine Stairs
divinerpg:altarOfCorruption, Altar of Corruption
divinerpg:boneChest, Bone Chest
divinerpg:frozenDirt, Frozen Dirt
divinerpg:frozenGrass, Frozen Grass
divinerpg:frozenStone, Frozen Stone
divinerpg:frozenLog, Frozen Log
divinerpg:brittleLeaves, Brittle Leaves
divinerpg:frozenPlanks, Frozen Planks
divinerpg:frozenStairs, Frozen Stairs
divinerpg:winterberryBush, Winterberry Bush
divinerpg:ripeWinterberryBush, Ripe Winterberry Bush
divinerpg:icyStone, Icy Stone
divinerpg:icyBricks, Icy Bricks
divinerpg:frostedChest, Frosted Chest
divinerpg:decorativeFrostedChest, Decorative Frosted Chest
divinerpg:rollumSpawner, Rollum Spawner
divinerpg:frostArcherSpawner, Frost Archer Spawner
divinerpg:snowBricks, Snow Bricks
divinerpg:coalstone, Coalstone
divinerpg:coalstoneStairs, Coalstone Stairs
divinerpg:workshopCarpet, Workshop Carpet
divinerpg:frostedGlass, Frosted Glass
divinerpg:workshopBookcase, Workshop Bookcase
divinerpg:workshopLamp, Workshop Lamp
divinerpg:steelDoorBlock, Steel Door Block
divinerpg:coalstoneFurnace, Coalstone Furnace
divinerpg:coalstoneFurnaceActive, Coalstone Furnace Active
divinerpg:redChristmasLights, Red Christmas Lights
divinerpg:greenChristmasLights, Green Christmas Lights
divinerpg:blueChristmasLights, Blue Christmas Lights
divinerpg:yellowChristmasLights, Yellow Christmas Lights
divinerpg:purpleChristmasLights, Purple Christmas Lights
divinerpg:CandyCane:0, Blue Candy Cane
divinerpg:CandyCane:1, Green Candy Cane
divinerpg:CandyCane:2, Pink Candy Cane
divinerpg:CandyCane:3, Red Candy Cane
divinerpg:CandyCane:4, Yellow Candy Cane
divinerpg:presentBox, Present Box
divinerpg:iceikaFire, Iceika Fire
divinerpg:iceikaPortal, Iceika Portal
divinerpg:frozenSlab:0, Frozen Slab
divinerpg:frozenSlabDouble:0, Frozen Slab
divinerpg:vetheaPortal, Vethea Portal
divinerpg:dreamWreckerSpawner, Dream Wrecker Spawner
divinerpg:vermenousSpawner, Vermenous Spawner
divinerpg:twinsSpawner, Twins Spawner
divinerpg:biphronSpawner, Biphron Spawner
divinerpg:gorgosionSpawner, Gorgosion Spawner
divinerpg:wreckAltar, Wreck Altar
divinerpg:quadroticAltar, Quadrotic Altar
divinerpg:karosAltar, Karos Altar
divinerpg:raglokAltar, Raglok Altar
divinerpg:lunicAltar, Lunic Altar
divinerpg:dreamStone, Dream Stone
divinerpg:dreamDirt, Dream Dirt
divinerpg:dreamGrass, Dream Grass
divinerpg:fireCrystal, Fire Crystal
divinerpg:dreamwoodLog, Dreamwood Log
divinerpg:dreamwoodLeaves, Dreamwood Leaves
divinerpg:lightDreamBricks, Light Dream Bricks
divinerpg:darkDreamBricks, Dark Dream Bricks
divinerpg:lunaStone, Luna Stone
divinerpg:lunaBrick, Luna Brick
divinerpg:metalCaging, Metal Caging
divinerpg:dreamLampOn, Dream Lamp
divinerpg:dreamLampOff, Dream Lamp
divinerpg:weedWoodVine, Weed Wood Vine
divinerpg:blossomedWeedWoodVine, Blossomed Weed Wood Vine
divinerpg:cryptWall, Crypt Wall
divinerpg:smoothGlass, Smooth Glass
divinerpg:villageLamp, Village Lamp
divinerpg:cellLamp, Cell Lamp
divinerpg:barredDoorBlock, Barred Door Block
divinerpg:firelight, Firelight
divinerpg:hyrewoodLog, Hyrewood Log
divinerpg:mintwoodLeaves, Mintwood Leaves
divinerpg:redDreamBricks, Red Dream Bricks
divinerpg:karosHeatTileGreen, Karos Heat Tile Green
divinerpg:karosHeatTileRed, Karos Heat Tile Red
divinerpg:firewoodLog, Firewood Log
divinerpg:bacterialAcid, Bacterial Acid
divinerpg:acidBlock, Acid Block
divinerpg:greenEverstone, Green Everstone
divinerpg:lunicAcid, Lunic Acid
divinerpg:firewoodLeaves, Firewood Leaves
divinerpg:hyrewoodLeaves, Hyrewood Leaves
divinerpg:greenGemTop, Green Gem Top
divinerpg:purpleGemTop, Purple Gem Top
divinerpg:purpleDulah, Purple Dulah
divinerpg:yellowDulah, Yellow Dulah
divinerpg:greenDulah, Green Dulah
divinerpg:mintwoodLog, Mintwood Log
divinerpg:crackleSpike, Crackle Spike
divinerpg:fernite, Fernite
divinerpg:bulbatobe, Bulbatobe
divinerpg:shineGrass, Shine Grass
divinerpg:shimmer, Shimmer
divinerpg:hiveWalls, Hive Walls
divinerpg:dreamglow, Dreamglow
divinerpg:hyreWoodVine, Hyre Wood Vine
divinerpg:chamberWall1, Chamber Wall
divinerpg:chamberWall2, Chamber Wall
divinerpg:chamberWall3, Chamber Wall
divinerpg:whiteEverstone, White Everstone
divinerpg:darkEverstone, Dark Everstone
divinerpg:blackHungerstone, Black Hungerstone
divinerpg:greenHungerstone, Green Hungerstone
divinerpg:cryptFloor, Crypt Floor
divinerpg:hallWall, Hall Wall
divinerpg:blueKarosBricks, Blue Karos Bricks
divinerpg:blackKarosBricks, Black Karos Bricks
divinerpg:infusionTable, Infusion Table
divinerpg:helioticBeam, Heliotic Beam
divinerpg:karosCannonBlock, Karos Cannon
divinerpg:nightmareBedBlock, Nightmare Bed Block
divinerpg:divineSlab:0, Divine Slab
divinerpg:divineSlabDouble:0, Divine Slab
divinerpg:edenDirt, Eden Dirt
divinerpg:wildwoodDirt, Wildwood Dirt
divinerpg:apalachiaDirt, Apalachia Dirt
divinerpg:skythernDirt, Skythern Dirt
divinerpg:mortumDirt, Mortum Dirt
divinerpg:edenGrass, Eden Grass
divinerpg:wildwoodGrass, Wildwood Grass
divinerpg:apalachiaGrass, Apalachia Grass
divinerpg:skythernGrass, Skythern Grass
divinerpg:mortumGrass, Mortum Grass
divinerpg:edenOre, Eden Ore
divinerpg:wildwoodOre, Wildwood Ore
divinerpg:apalachiaOre, Apalachia Ore
divinerpg:skythernOre, Skythern Ore
divinerpg:mortumOre, Mortum Ore
divinerpg:edenBlock, Eden Block
divinerpg:wildwoodBlock, Wildwood Block
divinerpg:apalachiaBlock, Apalachia Block
divinerpg:skythernBlock, Skythern Block
divinerpg:mortumBlock, Mortum Block
divinerpg:edenSapling, Eden Sapling
divinerpg:wildwoodSapling, Wildwood Sapling
divinerpg:apalachiaSapling, Apalachia Sapling
divinerpg:skythernSapling, Skythern Sapling
divinerpg:mortumSapling, Mortum Sapling
divinerpg:edenLeaves, Eden Leaves
divinerpg:wildwoodLeaves, Wildwood Leaves
divinerpg:apalachiaLeaves, Apalachia Leaves
divinerpg:skythernLeaves, Skythern Leaves
divinerpg:mortumLeaves, Mortum Leaves
divinerpg:edenLog, Eden Log
divinerpg:wildwoodLog, Wildwood Log
divinerpg:apalachiaLog, Apalachia Log
divinerpg:skythernLog, Skythern Log
divinerpg:mortumLog, Mortum Log
divinerpg:edenPlanks, Eden Planks
divinerpg:wildwoodPlanks, Wildwood Planks
divinerpg:apalachiaPlanks, Apalachia Planks
divinerpg:skythernPlanks, Skythern Planks
divinerpg:mortumPlanks, Mortum Planks
divinerpg:edenStairs, Eden Stairs
divinerpg:wildwoodStairs, Wildwood Stairs
divinerpg:apalachiaStairs, Apalachia Stairs
divinerpg:skythernStairs, Skythern Stairs
divinerpg:mortumStairs, Mortum Stairs
divinerpg:twilightStone, Twilight Stone
divinerpg:wildwoodVine, Wildwood Vine
divinerpg:blueFire, Blue Fire
divinerpg:edenPortal, Eden Portal
divinerpg:wildwoodPortal, Wildwood Portal
divinerpg:apalachiaPortal, Apalachia Portal
divinerpg:skythernPortal, Skythern Portal
divinerpg:mortumPortal, Mortum Portal
divinerpg:edenTorch, Eden Torch
divinerpg:edenChest, Eden Chest
divinerpg:apalachiaRails, Apalachia Rails
divinerpg:moonbulbPlant, Moonbulb Plant
divinerpg:purpleGlowbonePlant, Purple Glowbone Plant
divinerpg:pinkGlowbonePlant, Pink Glowbone Plant
divinerpg:skyPlant, Sky Plant
divinerpg:sunbloom, Sunbloom
divinerpg:edenBrush, Eden Brush
divinerpg:sunBlossom, Sun Blossom
divinerpg:moonlightFern, Moonlight Fern
divinerpg:moonBud, Moon Bud
divinerpg:wildwoodTallgrass, Wildwood Tallgrass
divinerpg:duskFlower, Dusk Flower
divinerpg:duskBloom, Dusk Bloom
divinerpg:apalachiaTallgrass, Apalachia Tallgrass
divinerpg:skythernBrush, Skythern Brush
divinerpg:dustLily, Dust Lily
divinerpg:dustBrambles, Dust Brambles
divinerpg:demonBrambles, Demon Brambles
divinerpg:eyePlant, Eye Plant
divinerpg:mortumBrush, Mortum Brush
divinerpg:edenSlab:0, Eden Slab
divinerpg:edenSlabDouble:0, Eden Slab
divinerpg:wildwoodSlab:0, Wildwood Slab
divinerpg:wildwoodSlabDouble:0, Wildwood Slab
divinerpg:apalachiaSlab:0, Apalachia Slab
divinerpg:apalachiaSlabDouble:0, Apalachia Slab
divinerpg:skythernSlab:0, Skythern Slab
divinerpg:skythernSlabDouble:0, Skythern Slab
divinerpg:mortumSlab:0, Mortum Slab
divinerpg:mortumSlabDouble:0, Mortum Slab
divinerpg:arcaniteDirt, Arcanite Dirt
divinerpg:arcaniteGrass, Arcanite Grass
divinerpg:arcaniumOre, Arcanium Ore
divinerpg:arcaniumMetal, Arcanium Metal
divinerpg:arcaniteTubes, Arcanite Tubes
divinerpg:arcaniumPower, Arcanium Power
divinerpg:dungeonLamp, Dungeon Lamp
divinerpg:heatTrap, Heat Trap
divinerpg:heatTrapOn, Heat Trap On
divinerpg:soulStone, Soul Stone
divinerpg:soulSludge, Soul Sludge
divinerpg:degradedBrick, Degraded Brick
divinerpg:darkDegradedBrick, Dark Degraded Brick
divinerpg:ancientBrick, Ancient Brick
divinerpg:ancientStone, Ancient Stone
divinerpg:lightDegradedBrick, Light Degraded Brick
divinerpg:stainedGlass, Stained Glass
divinerpg:stainedGlass2, Stained Glass
divinerpg:stainedGlass3, Stained Glass
divinerpg:stainedGlass4, Stained Glass
divinerpg:stainedGlass5, Stained Glass
divinerpg:stainedGlass6, Stained Glass
divinerpg:stainedGlass7, Stained Glass
divinerpg:stainedGlass8, Stained Glass
divinerpg:dungeonPrisonerSpawner, Dungeon Prisoner Spawner
divinerpg:razorbackSpawner, Razorback Spawner
divinerpg:deathHoundSpawner, Death Hound Spawner
divinerpg:deathcryxSpawner, Deathcryx Spawner
divinerpg:livingStatueSpawner, Living Statue Spawner
divinerpg:roamerSpawner, Roamer Spawner
divinerpg:ancientTile, Ancient Tile
divinerpg:starBridge, Star Bridge
divinerpg:starBridgeOn, Star Bridge On
divinerpg:soulSludgeDoor, Soul Sludge Door
divinerpg:ancientBrickDoor, Ancient Brick Door
divinerpg:soulStoneDoor, Soul Stone Door
divinerpg:degradedBrickDoor, Degraded Brick Door
divinerpg:dramixAltar, Dramix Altar
divinerpg:parasectaAltar, Parasecta Altar
divinerpg:arcanaExtractor, Arcana Extractor
divinerpg:arcanaPortal, Arcana Portal
divinerpg:arcanaPortalFrame, Arcana Portal Frame
divinerpg:arcanaHardPortalFrame, Arcana Hard Portal Frame
divinerpg:aquamarinePlant, Aquamarine Plant
divinerpg:eucalyptusPlant, Eucalyptus Plant
divinerpg:hitchakPlant, Hitchak Plant
divinerpg:veiloPlant, Veilo Plant
divinerpg:lamonaPlant, Lamona Plant
divinerpg:marsinePlant, Marsine Plant
divinerpg:firestockPlant, Firestock Plant
divinerpg:pinflyPlant, Pinfly Plant
divinerpg:eucalyptus, Eucalyptus
divinerpg:eucalyptusPlanks, Eucalyptus Planks
divinerpg:greenlightFurnace, Greenlight Furnace
divinerpg:greenlightFurnaceOn, Greenlight Furnace On
divinerpg:oceanfireFurnace, Oceanfire Furnace
divinerpg:oceanfireFurnaceOn, Oceanfire Furnace On
divinerpg:moltenFurnace, Molten Furnace
divinerpg:moltenFurnaceOn, Molten Furnace On
divinerpg:whitefireFurnace, Whitefire Furnace
divinerpg:whitefireFurnaceOn, Whitefire Furnace On
divinerpg:moonlightFurnace, Moonlight Furnace
divinerpg:moonlightFurnaceOn, Moonlight Furnace On
divinerpg:demonFurnace, Demon Furnace
divinerpg:demonFurnaceOn, Demon Furnace On
divinerpg:arcaniumTorch, Arcanium Torch
divinerpg:elevantium, Elevantium
divinerpg:arcaniteRails, Arcanite Rails
divinerpg:acceleron, Acceleron
appliedenergistics2:tile.OreQuartz, Certus Quartz Ore
appliedenergistics2:tile.OreQuartzCharged, Charged Certus Quartz Ore
appliedenergistics2:tile.BlockMatrixFrame, Matrix Frame
appliedenergistics2:tile.BlockQuartz, Certus Quartz Block
appliedenergistics2:tile.BlockQuartzPillar, Certus Quartz Pillar
appliedenergistics2:tile.BlockQuartzChiseled, Chiseled Certus Quartz Block
appliedenergistics2:tile.BlockQuartzGlass, Quartz Glass
appliedenergistics2:tile.BlockQuartzLamp, Vibrant Quartz Glass
appliedenergistics2:tile.BlockQuartzTorch, Charged Quartz Fixture
appliedenergistics2:tile.BlockFluix, Fluix Block
appliedenergistics2:tile.BlockSkyStone:0, Sky Stone
appliedenergistics2:tile.BlockSkyStone:1, Sky Stone Block
appliedenergistics2:tile.BlockSkyStone:2, Sky Stone Brick
appliedenergistics2:tile.BlockSkyStone:3, Sky Stone Small Brick
appliedenergistics2:tile.BlockSkyChest:0, Sky Stone Chest
appliedenergistics2:tile.BlockSkyChest:1, Sky Stone Block Chest
appliedenergistics2:tile.BlockSkyCompass, Meteorite Compass
appliedenergistics2:tile.BlockGrinder, Quartz Grindstone
appliedenergistics2:tile.BlockCrank, Wooden Crank
appliedenergistics2:tile.BlockInscriber, Inscriber
appliedenergistics2:tile.BlockWireless, ME Wireless Access Point
appliedenergistics2:tile.BlockCharger, Charger
appliedenergistics2:tile.BlockTinyTNT, Tiny TNT
appliedenergistics2:tile.BlockSecurity, ME Security Terminal
appliedenergistics2:tile.BlockQuantumRing, ME Quantum Ring
appliedenergistics2:tile.BlockQuantumLinkChamber, ME Quantum Link Chamber
appliedenergistics2:tile.BlockSpatialPylon, Spatial Pylon
appliedenergistics2:tile.BlockSpatialIOPort, Spatial IO Port
appliedenergistics2:tile.BlockCableBus, AE2 Cable and/or Bus
appliedenergistics2:tile.BlockController, ME Controller
appliedenergistics2:tile.BlockDrive, ME Drive
appliedenergistics2:tile.BlockChest, ME Chest
appliedenergistics2:tile.BlockInterface, ME Interface
appliedenergistics2:tile.BlockCellWorkbench, Cell Workbench
appliedenergistics2:tile.BlockIOPort, ME IO Port
appliedenergistics2:tile.BlockCondenser, Matter Condenser
appliedenergistics2:tile.BlockEnergyAcceptor, Energy Acceptor
appliedenergistics2:tile.BlockVibrationChamber, Vibration Chamber
appliedenergistics2:tile.BlockQuartzGrowthAccelerator, Crystal Growth Accelerator
appliedenergistics2:tile.BlockEnergyCell, Energy Cell
appliedenergistics2:tile.BlockDenseEnergyCell, Dense Energy Cell
appliedenergistics2:tile.BlockCreativeEnergyCell, Creative Energy Cell
appliedenergistics2:tile.BlockCraftingUnit:0, Crafting Unit
appliedenergistics2:tile.BlockCraftingUnit:1, Crafting Co-Processing Unit
appliedenergistics2:tile.BlockCraftingStorage:0, 1k Crafting Storage
appliedenergistics2:tile.BlockCraftingStorage:1, 4k Crafting Storage
appliedenergistics2:tile.BlockCraftingStorage:2, 16k Crafting Storage
appliedenergistics2:tile.BlockCraftingStorage:3, 64k Crafting Storage
appliedenergistics2:tile.BlockCraftingMonitor:0, Crafting Monitor
appliedenergistics2:tile.BlockMolecularAssembler, Molecular Assembler
appliedenergistics2:tile.BlockLightDetector, Light Detecting Fixture
appliedenergistics2:tile.BlockPaint, tile.appliedenergistics2.BlockPaint.name
appliedenergistics2:tile.SkyStoneStairBlock, Sky Stone Stairs
appliedenergistics2:tile.SkyStoneBlockStairBlock, Sky Stone Block Stairs
appliedenergistics2:tile.SkyStoneBrickStairBlock, Sky Stone Brick Stairs
appliedenergistics2:tile.SkyStoneSmallBrickStairBlock, Sky Stone Small Brick Stairs
appliedenergistics2:tile.FluixStairBlock, Fluix Stairs
appliedenergistics2:tile.QuartzStairBlock, Certus Quartz Stairs
appliedenergistics2:tile.ChiseledQuartzStairBlock, Chiseled Certus Quartz Stairs
appliedenergistics2:tile.QuartzPillarStairBlock, Certus Quartz Pillar Stairs
appliedenergistics2:tile.SkyStoneSlabBlock:0, Sky Stone Slabs
appliedenergistics2:tile.SkyStoneSlabBlock.double:0, Sky Stone Slabs
appliedenergistics2:tile.SkyStoneBlockSlabBlock:0, Sky Stone Block Slabs
appliedenergistics2:tile.SkyStoneBlockSlabBlock.double:0, Sky Stone Block Slabs
appliedenergistics2:tile.SkyStoneBrickSlabBlock:0, Sky Stone Brick Slabs
appliedenergistics2:tile.SkyStoneBrickSlabBlock.double:0, Sky Stone Brick Slabs
appliedenergistics2:tile.SkyStoneSmallBrickSlabBlock:0, Sky Stone Small Brick Slabs
appliedenergistics2:tile.SkyStoneSmallBrickSlabBlock.double:0, Sky Stone Small Brick Slabs
appliedenergistics2:tile.FluixSlabBlock:0, Fluix Slabs
appliedenergistics2:tile.FluixSlabBlock.double:0, Fluix Slabs
appliedenergistics2:tile.QuartzSlabBlock:0, Certus Quartz Slabs
appliedenergistics2:tile.QuartzSlabBlock.double:0, Certus Quartz Slabs
appliedenergistics2:tile.ChiseledQuartzSlabBlock:0, Chiseled Certus Quartz Slabs
appliedenergistics2:tile.ChiseledQuartzSlabBlock.double:0, Chiseled Certus Quartz Slabs
appliedenergistics2:tile.QuartzPillarSlabBlock:0, Certus Quartz Pillar Slabs
appliedenergistics2:tile.QuartzPillarSlabBlock.double:0, Certus Quartz Pillar Slabs
ae2stuff:Encoder, Pattern Encoder
ae2stuff:Grower, Crystal Growth Chamber
ae2stuff:Inscriber, Advanced Inscriber
ae2stuff:Wireless, Wireless Connector
aether:aetherPortal, Aether Portal
aether:holystone:1, Holystone
aether:holystone:3, Mossy Holystone
aether:aetherDirt, Aether Dirt
aether:aetherGrass, Aether Grass
aether:enchantedGrass, Enchanted Grass
aether:enchantedAetherGrass, Enchanted Aether Grass
aether:quicksoil, Quicksoil
aether:icestone, Icestone
aether:aercloud:0, Cold Aercloud
aether:aercloud:1, Blue Aercloud
aether:aercloud:2, Golden Aercloud
aether:aercloud:3, Green Aercloud
aether:aercloud:4, Storm Aercloud
aether:purpleAercloud:0, Purple Aercloud
aether:aerogel, Aerogel
aether:altar, Altar
aether:incubator, Incubator
aether:aetherLog:0, Skyroot Log
aether:aetherLog:2, Golden Oak Log
aether:skyrootPlank, Skyroot Plank
aether:greenSkyrootLeaves, Green Skyroot Leaves
aether:goldenOakLeaves, Golden Oak Leaves
aether:greenSkyrootSapling, Green Skyroot Sapling
aether:goldenOakSapling, Golden Oak Sapling
aether:ambrosiumOre, Ambrosium Ore
aether:ambrosiumTorch, Ambrosium Torch
aether:zaniteOre, Zanite Ore
aether:gravititeOre, Gravitite Ore
aether:enchantedGravitite, Enchanted Gravitite
aether:trap:0, tile.trap0.name
aether:skyrootChestMimic, Skyroot Chest Mimic
aether:carvedStone:0, Carved Stone
aether:sentryStone:0, Sentry Stone
aether:divineCarvedStone, Divine Carved Stone
aether:divineSentryStone, Divine Sentry Stone
aether:whiteGoldPillar:0, White Gold Pillar
aether:whiteGoldPillar:2, White Gold Carved Pillar
aether:labyrinthPillar:0, Labyrinth Pillar
aether:labyrinthPillar:2, Carved Labyrinth Pillar
aether:zaniteBlock, Zanite Block
aether:quicksoilGlass, Quicksoil Glass
aether:whiteRose, White Rose
aether:purpleFlower, Purple Flower
aether:present, Christmas Present
aether:berryBush, Berry Bush
aether:berryBushStem, Berry Bush Stem
aether:holystoneStairs, Holystone Stairs
aether:mossyHolystoneStairs, Mossy Holystone Stairs
aether:icestoneStairs, Icestone Stairs
aether:skyrootStairs, Skyroot Stairs
aether:carvedStoneStairs, Carved Stone Stairs
aether:holystoneWall, Holystone Wall
aether:mossyHolystoneWall, Mossy Holystone Wall
aether:icestoneWall, Icestone Wall
aether:skyrootFence, Skyroot Fence
aether:carvedStoneWall, Carved Stone Wall
aether:holystoneBrick, Holystone Brick
aether:skyrootLogWall, Skyroot Log Wall
aether:tallAetherGrass, Tall Aether Grass
aether:darkBlueSkyrootLeaves, Dark Blue Skyroot Leaves
aether:blueSkyrootLeaves, Blue Skyroot Leaves
aether:blueSkyrootSapling, Blue Skyroot Sapling
aether:skyrootChest, Skyroot Chest
aether:sliderLabyrinthDoor, Slider Labyrinth Door
aether:purpleCrystalLeaves, Purple Crystal Leaves
aether:purpleFruitLeaves, Purple Fruit Leaves
aether:purpleCrystalSapling, Purple Crystal Sapling
aether:orangeTree, Orange Tree
aether:continuumOre, Continuum Ore
aether:darkBlueSkyrootSapling, Dark Blue Skyroot Sapling
aether:skyrootCraftingTable, Skyroot Crafting Table
aether:bloodMossHolystone, Blood Moss Holystone
aether:divineCarvedStoneWall, Divine Carved Stone Wall
aether:divineCarvedStoneStairs, Divine Carved Stone Stairs
aether:coldFire, tile.coldFire.name
aether:sliderLabyrinthTotem, Slider Labyrinth Totem
aether:skyrootDoor, tile.skyrootDoor.name
aether:skyrootFenceGate, Skyroot Fence Gate
aether:aerogelStairs, Aerogel Stairs
aether:sentryStoneStairs, Sentry Stone Stairs
aether:holystoneBrickStairs, Holystone Brick Stairs
aether:divineSentryStoneStairs, Divine Sentry Stone Stairs
aether:aerogelWall, Aerogel Wall
aether:sentryStoneWall, Sentry Stone Wall
aether:holystoneBrickWall, Holystone Brick Wall
aether:divineSentryStoneWall, Divine Sentry Stone Wall
aether:skyrootLadder, Skyroot Ladder
aether:skyrootSign, tile.skyrootSign.name
aether:skyrootSignWall, tile.skyrootSignWall.name
aether:skyrootBed, tile.skyrootBed.name
aether:protectorBlock, Protection Stone
aether:skyrootTrapDoor, Skyroot Trap Door
aether:skyrootBookshelf, Skyroot Bookshelf
aether:quicksoilGlassPane, Quicksoil Glass Pane
aether:holystoneFurnace, Holystone Furnace
aether:holystoneFurnaceBurning, tile.holystoneFurnaceBurning.name
aether:mobSpawner, Monster Spawner
aether:presentNew, Christmas Present
aether:holystoneHeadstone, Holystone Headstone
aether:holystoneKeystone, Holystone Keystone
aether:holystoneHighlight, Holystone Highlight
aether:tile.skyrootSingleSlab:0, Skyroot Slab
aether:tile.skyrootDoubleSlab:0, Skyroot Slab
aether:tile.holystoneSingleSlab:0, Holystone Slab
aether:tile.holystoneDoubleSlab:0, Holystone Slab
aether:tile.mossyHolystoneSingleSlab:0, Mossy Holystone Slab
aether:tile.mossyHolystoneDoubleSlab:0, Mossy Holystone Slab
aether:tile.icestoneSingleSlab:0, Icestone Slab
aether:tile.icestoneDoubleSlab:0, Icestone Slab
aether:tile.holystoneBrickSingleSlab:0, Holystone Brick Slab
aether:tile.holystoneBrickDoubleSlab:0, Holystone Brick Slab
aether:tile.carvedStoneSingleSlab:0, Carved Stone Slab
aether:tile.carvedStoneDoubleSlab:0, Carved Stone Slab
aether:tile.sentryStoneSingleSlab:0, Sentry Stone Slab
aether:tile.sentryStoneDoubleSlab:0, Sentry Stone Slab
aether:tile.divineCarvedStoneSingleSlab:0, Divine Carved Stone Slab
aether:tile.divineCarvedStoneDoubleSlab:0, Divine Carved Stone Slab
aether:tile.divineSentryStoneSingleSlab:0, Divine Sentry Stone Slab
aether:tile.divineSentryStoneDoubleSlab:0, Divine Sentry Stone Slab
aether:tile.aerogelSingleSlab:0, Aerogel Slab
aether:tile.aerogelDoubleSlab:0, Aerogel Slab
AncientWarfare:engineering_station, tile.engineering_station.name
AncientWarfare:research_station, tile.research_station.name
AncientWarfareAutomation:civic_quarry, Quarry
AncientWarfareAutomation:civic_forestry, Tree Farm
AncientWarfareAutomation:civic_crop_farm, Crop Farm
AncientWarfareAutomation:civic_mushroom_farm, Mushroom Farm
AncientWarfareAutomation:civic_animal_farm, Animal Farm
AncientWarfareAutomation:civic_fish_farm, Fish Farm
AncientWarfareAutomation:civic_reed_farm, Reed Farm
AncientWarfareAutomation:civic_warehouse, Warehouse Control Block
AncientWarfareAutomation:warehouse_storage:0, Small Warehouse Storage
AncientWarfareAutomation:warehouse_storage:1, Medium Warehouse Storage
AncientWarfareAutomation:warehouse_storage:2, Large Warehouse Storage
AncientWarfareAutomation:warehouse_interface, Warehouse Interface
AncientWarfareAutomation:warehouse_crafting_station, Warehouse Crafting Station
AncientWarfareAutomation:warehouse_stock_viewer, Warehouse Stock Viewer
AncientWarfareAutomation:civic_auto_crafting, tile.civic_auto_crafting.name
AncientWarfareAutomation:mailbox, Mailbox
AncientWarfareAutomation:flywheel:0, Light Flywheel Controller
AncientWarfareAutomation:flywheel:1, Medium Flywheel Controller
AncientWarfareAutomation:flywheel:2, Heavy Flywheel Controller
AncientWarfareAutomation:flywheel_storage:0, Light Flywheel Energy Storage
AncientWarfareAutomation:flywheel_storage:1, Medium Flywheel Energy Storage
AncientWarfareAutomation:flywheel_storage:2, Heavy Flywheel Energy Storage
AncientWarfareAutomation:torque_conduit:0, Light Torque Junction
AncientWarfareAutomation:torque_conduit:1, Medium Torque Junction
AncientWarfareAutomation:torque_conduit:2, Heavy Torque Junction
AncientWarfareAutomation:torque_shaft:0, Light Torque Shaft
AncientWarfareAutomation:torque_shaft:1, Medium Torque Shaft
AncientWarfareAutomation:torque_shaft:2, Heavy Torque Shaft
AncientWarfareAutomation:torque_distributor:0, Light Torque Distributor
AncientWarfareAutomation:torque_distributor:1, Medium Torque Distributor
AncientWarfareAutomation:torque_distributor:2, Heavy Torque Distributor
AncientWarfareAutomation:torque_generator_sterling:0, Sterling Generator
AncientWarfareAutomation:torque_generator_waterwheel:0, Waterwheel Generator
AncientWarfareAutomation:hand_cranked_engine:0, Hand Cranked Torque Generator
AncientWarfareAutomation:windmill_blade, Windmill Blade
AncientWarfareAutomation:windmill_control:0, Windmill Controller
AncientWarfareAutomation:chunk_loader_simple, Simple Chunk Loader
AncientWarfareAutomation:chunk_loader_deluxe, Deluxe Chunk Loader
AncientWarfareNpc:town_hall, Town Hall
AncientWarfareStructure:advanced_spawner, Advanced Monster Spawner
AncientWarfareStructure:gate_proxy, tile.gate_proxy.name
AncientWarfareStructure:drafting_station, Drafting Station
AncientWarfareStructure:structure_builder_ticked, Survival Structure Builder
AncientWarfareStructure:sound_block, tile.sound_block.name
nevermine:darkstone, Darkstone
nevermine:stoneAbyss, Abyssal Stone
nevermine:oreBloodstone, Bloodstone Ore
nevermine:leavesShadow, Shadow Leaves
nevermine:leavesBlood, Blood Leaves
nevermine:abyssPortal, Abyss Portal
nevermine:havenPortal, Haven Portal
nevermine:precasiaPortal, Precasia Portal
nevermine:mysteriumPortal, Mysterium Portal
nevermine:crate, Crate
nevermine:dirtHaven, Haven Dirt
nevermine:leavesHavenBlue, Blue Haven Leaves
nevermine:leavesHavenYellow, Yellow Haven Leaves
nevermine:leavesHavenPink, Pink Haven Leaves
nevermine:leavesHavenRed, Red Haven Leaves
nevermine:leavesHavenPurple, Purple Haven Leaves
nevermine:leavesHavenTurq, Turquoise Haven Leaves
nevermine:leavesLucalus,  Lucalus Leaves
nevermine:leavesCycade, Cycade Leaves
nevermine:leavesStranglewood,  Stranglewood Leaves
nevermine:oreAmethyst, Amethyst Ore
nevermine:oreChestFragments, Chest Fragments
nevermine:oreCrystallite, Crystallite Ore
nevermine:oreEmberstone, Emberstone Ore
nevermine:oreFootFragments, Foot Fragments
nevermine:oreJade, Jade Ore
nevermine:oreLegFragments, Leg Fragments
nevermine:oreLimonite, Limonite Ore
nevermine:oreRosite, Rosite Ore
nevermine:oreSapphire, Sapphire Ore
nevermine:oreSkullFragments, Skull Fragments
nevermine:planksBloodwood, Bloodwood Planks
nevermine:planksCycade, Cycade Planks
nevermine:planksLucalus, Lucalus Planks
nevermine:planksShadow, Shadow Planks
nevermine:planksStranglewood, Stranglewood Planks
nevermine:spawnerAmphibiyte, Amphibiyte Spawner
nevermine:spawnerNethengeic, Nethengeic Spawner
nevermine:spawnerFlesh, Flesh Spawner
nevermine:spawnerHaven, Seeker Spawner
nevermine:spawnerHaven2, Surveyor Spawner
nevermine:spawnerHaven3, Volar Spawner
nevermine:spawnerPrecasian, Iosaur Spawner
nevermine:spawnerPrecasian2, Spinoledon Spawner
nevermine:spawnerPrecasian3, Diocus Spawner
nevermine:spawnerHaunted1, Banshee Spawner
nevermine:spawnerHaunted2, Phantom Spawner
nevermine:spawnerHaunted3, Nightmare Spider Spawner
nevermine:spawnerHaunted4, Undead Troll Spawner
nevermine:spawnerRunic, Runic Golem Spawner
nevermine:spawnerKaiyu, Kaiyu  Spawner
nevermine:stonePrecasiaHigh, Precasian Stone
nevermine:stonePrecasiaLow, Precasian Stone
nevermine:stoneHaven, Haven Stone
nevermine:twinklestone, Twinklestone
nevermine:skeletalBlock, Skeletal Block
nevermine:brick_0, Coloured Bricks
nevermine:brick_1, Coloured Bricks
nevermine:brick_2, Coloured Bricks
nevermine:brick_3, Coloured Bricks
nevermine:brick_4, Coloured Bricks
nevermine:brick_5, Coloured Bricks
nevermine:brick_6, Coloured Bricks
nevermine:brick_7, Coloured Bricks
nevermine:brick_8, Coloured Bricks
nevermine:brick_9, Coloured Bricks
nevermine:brick_10, Coloured Bricks
nevermine:brick_11, Coloured Bricks
nevermine:brick_12, Coloured Bricks
nevermine:brick_13, Coloured Bricks
nevermine:brick_14, Coloured Bricks
nevermine:brick_15, Coloured Bricks
nevermine:bricksWhitewash, Whitewash Bricks
nevermine:bricksDarkwash, Darkwash Bricks
nevermine:bricksSkeletal, Skeletal Bricks
nevermine:bricksCrystallite, Crystallite Bricks
nevermine:bricksCoral, Coral Bricks
nevermine:bricksBloodstone, Bloodstone Bricks
nevermine:bricksHaunted, Haunted Bricks
nevermine:ivory, Ivory
nevermine:ivoryAmethyst, Amethyst Ivory
nevermine:ivoryRosite, Rosite Ivory
nevermine:ivoryLimonite, Limonite Ivory
nevermine:ivoryJade, Jade Ivory
nevermine:ivorySapphire, Sapphire Ivory
nevermine:lampAmethyst, Amethyst Lamp
nevermine:lampRosite, Rosite Lamp
nevermine:lampLimonite, Limonite Lamp
nevermine:lampJade, Jade Lamp
nevermine:lampSapphire, Sapphire Lamp
nevermine:lampEmberstone, Emberstone Lamp
nevermine:lampBloodstone, Bloodstone Lamp
nevermine:lampCrystallite, Crystallite Lamp
nevermine:lampSkeletal, Skeletal Lamp
nevermine:animated/FireLamp, Fire Lamp
nevermine:animated/RedstoneNeon, Neon Redstone
nevermine:animated/RedstoneNeonCircling, Circling Neon Redstone
nevermine:animated/LapisNeon, Neon Lapis
nevermine:animated/LapisNeonCircling, Circling Neon Lapis
nevermine:animated/LapisNeonTriangles, Neon Lapis Triangles 
nevermine:animated/RedstoneNeonTriangles, Neon Redstone Triangles
nevermine:bloodstoneBarBlock, Bloodstone Bars
nevermine:bloodstoneBarBricks, Bloodstone Bars
nevermine:leavesVein, Vein Leaves
nevermine:leavesShadowblood, Shadowblood Leaves
nevermine:mushroomOutsidePurple, Purple Mushroom
nevermine:mushroomInsidePurple, Purple Mushroom
nevermine:mushroomOutsideOrange, Orange Mushroom
nevermine:mushroomInsideOrange, Orange Mushroom
nevermine:mushroomOutsideGreen, Green Mushroom
nevermine:mushroomInsideGreen, Green Mushroom
nevermine:mushroomOutsideYellow, Yellow Mushroom
nevermine:mushroomInsideYellow, Yellow Mushroom
nevermine:mushroomOutsideBlue, Blue Mushroom
nevermine:mushroomInsideBlue, Blue Mushroom
nevermine:oreMystite, Mystite Ore
nevermine:mysteriumBricksBlack, Black Mysterium Bricks
nevermine:mysteriumBricksGreen, Green Mysterium Bricks
nevermine:stoneMysterium, Mysterium Stone
nevermine:dirtMysterium, Mysterium Dirt
nevermine:lampMystic, Mystic Lamp
nevermine:mysticFerns, Mystic Ferns
nevermine:mysticBush, Mystic Bush
nevermine:kaiyuTempleFace, Kaiyu Temple Face
nevermine:kaiyuTemplePattern1, Kaiyu Temple Pattern
nevermine:kaiyuTemplePattern2, Kaiyu Temple Pattern
nevermine:kaiyuTemplePattern3, Kaiyu Temple Pattern
nevermine:kaiyuTemplePattern4, Kaiyu Temple Pattern
nevermine:kaiyuTemplePattern5, Kaiyu Temple Pattern
nevermine:kaiyuTemplePlain, Kaiyu Temple Pattern
nevermine:stoneIromine, Iromine Stone
nevermine:iroBrick_striped, Striped Iro Brick
nevermine:iroBrick_dotted, Dotted Iro Brick
nevermine:leavesIrogold, Irogold Leaves
nevermine:leavesIrodust, Irodust Leaves
nevermine:iroLamp, Iro Lamp
nevermine:iroGrass, Iro Grass
nevermine:oreLyon, Lyon Ore
nevermine:irominePortal, Iromine Portal
nevermine:dirtLunalyte, Lunalyte Dirt
nevermine:dirtLunasole, Lunasole Dirt
nevermine:leavesLunicia, Lunicia Leaves
nevermine:leavesLunosso, Lunosso Leaves
nevermine:lunaLip, Lunalip
nevermine:luntar, Luntar
nevermine:lunalusPortal, Lunalus Portal
nevermine:deepCrystal, Deep Crystal
nevermine:deeplandsRock, Deep Rock
nevermine:dirtGardencia, Gardencia Dirt
nevermine:stoneGardencia, Gardencia Stone
nevermine:pedalsRose,  Rose Petals
nevermine:pedalsLightRose, Light Rose Petals
nevermine:pedalsBlue, Blue Petals
nevermine:pedalsLightBlue, Light Blue Petals
nevermine:pedalsPurple, Purple Petals
nevermine:pedalsLightPurple, Light Purple Petals
nevermine:pedalsYellow, Yellow Petals
nevermine:flowerCore, Flower Core
nevermine:plantStem, Plant Stem
nevermine:lylips, Lylips
nevermine:daileers, Daileers
nevermine:gardenGrass, Garden Grass
nevermine:gardenciaPortal, Gardencia Portal
nevermine:dirtGreckon, Greckon Dirt
nevermine:stoneGreckon, Greckon Stone
nevermine:oreGhastly, Ghastly Ore
nevermine:oreGhoulish, Ghoulish Ore
nevermine:leavesHaunted, Haunted Leaves
nevermine:hauntedFlower, Haunted Flower
nevermine:greckonPortal, Greckon Portal
nevermine:dirtDustopia, Dustopia Dirt
nevermine:stoneDustopia, Dustopia Stone
nevermine:dawnBush, Dawn Bush
nevermine:dawnFlower, Dawn Flower
nevermine:leavesDawn, Dawn Leaves
nevermine:dawngrassTop, Dawn Grass Top
nevermine:barsDawnwood, Dawnwood Bars
nevermine:planksDawnwood, Dawnwood Planks
nevermine:dustopiaPortal, Dustopia Portal
nevermine:bricksLunar, Lunar Bricks
nevermine:planksLunide, Lunide Planks
nevermine:carpetLunar, Lunar Carpet
nevermine:lampLunar, Lunar Lamp
nevermine:stoneBorean, Borean Stone
nevermine:stoneToxic, Toxic Stone
nevermine:dirtBorean, Borean Dirt
nevermine:dirtToxic, Toxic Dirt
nevermine:coralPink, Coral Pink
nevermine:coralGreen, Coral Green
nevermine:coralYellow, Coral Yellow
nevermine:coralOrange, Coral Orange
nevermine:coralWhite, Coral White
nevermine:degradedSteel, Degraded Steel
nevermine:boreanPortal, L'Borean Portal
nevermine:burealStocks, Bureal Stocks
nevermine:voxpondsPortal, Vox Ponds Portal
nevermine:dustopianLampOn, Dustopian Lamp
nevermine:decayedBrick, Decayed Brick
nevermine:runicBrick, Runic Brick
nevermine:decayedGlass, Decayed Glass
nevermine:runicLeaves, Runic Leaves
nevermine:runandorPortal, Runandor Portal
nevermine:runicBush, Runic Bush
nevermine:runeBulbs, Rune Bulbs
nevermine:magias, Magias
nevermine:runicGlass, Runic Glass
nevermine:runicConstructBricks, Runic Construct Bricks
nevermine:animated/RunicNeon, Runic Neon
nevermine:carpetBaron, Baron Carpet
nevermine:baronBricks, Baron Bricks
nevermine:baronCube, Baron Cube
nevermine:baronGround, Baron Ground
nevermine:baronStone, Baron Stone
nevermine:baronGlass, Baron Glass
nevermine:barathosPortal, Barathos Portal
nevermine:oreVarsium, Varsium Ore
nevermine:oreElecanium, Elecanium Ore
nevermine:oreBaronyte, Baronyte Ore
nevermine:darkBricks, Dark Bricks
nevermine:greckonBricks, Greckon Bricks
nevermine:animated/DarkBrickFace, Dark Face Brick
nevermine:lunarGlass, Lunar Glass
nevermine:deeplandsPortal, Deeplands Portal
nevermine:mushroomBlack, Black Mushroom
nevermine:mushroomStemBlack, Black Mushroom Stem 
nevermine:deepGrass, Deep Grass
nevermine:deepBlooms, Deep Blooms
nevermine:DeeplandsExplosionTrap, Deep Rock
nevermine:DeeplandsLavaTrap, Deep Rocks
nevermine:havenGrass, Haven Grass
nevermine:iroGlass, Iro Glass
nevermine:carpetIro, Iro Carpet
nevermine:cogBlock, Cog Block
nevermine:barathosHellstone, Barathos Hellstone
nevermine:oreBlazium, Blazium Ore
nevermine:toxicStem, Toxic Stem
nevermine:voxLamp, Vox Lamp
nevermine:deadGrass, Dead Grass
nevermine:tangleThorn, Tangle Thorns
nevermine:luconGrass, Lucon Grass
nevermine:runePostLife, Life Rune Post
nevermine:runePostWater, Water Rune Post
nevermine:runePostFire, Fire Rune Post
nevermine:runePostEnergy, Energy Rune Post
nevermine:runePostPoison, Poison Rune Post
nevermine:runePostWither, Wither Rune Post
nevermine:runePostLunar, Lunar Rune Post
nevermine:runePostKinetic, Kinetic Rune Post
nevermine:runePostStorm, Storm Rune Post
nevermine:runePostWind, Wind Rune Post
nevermine:runePostStrike, Strike Rune Post
nevermine:runePostPower, Power Rune Post
nevermine:runePostDistortion, Distortion Rune Post
nevermine:iroBrick_unbreakable, Unbreakable Iro Brick
nevermine:unbreakableStem, Unbreakable Stem
nevermine:pedalsBlack, Black Petals
nevermine:bricksRosidian, Rosidian Bricks
nevermine:bricksGardencian, Gardencian Bricks
nevermine:hiveWall, Hive Wall
nevermine:baronCastleWall, Baron Castle Wall
nevermine:carpetGardencian, Gardencian Carpet
nevermine:carpetBorean, Borean Carpet
nevermine:aquaticGlass, Aquatic Glass
nevermine:gardencianGlass, Gardencian Glass
nevermine:voxGlass, Vox Glass
nevermine:havenGlass, Haven Glass
nevermine:abyssalGlass, AbyssalGlass
nevermine:lampAquatic, Aquatic Lamp
nevermine:coralCage, Coral Cage
nevermine:hiveLight, Hive Light
nevermine:orbSunfire, Sunfire Orb
nevermine:orbMoonlight, Moonlight Orb
nevermine:orbDusk, Dusk Orb
nevermine:orbDarklight, Darklight Orb
nevermine:orbLunar, Lunar Orb
nevermine:spawnerMermage, Mermage Spawner
nevermine:spawnerAmphibior, Amphibior Spawner
nevermine:spawnerDawnlight, Dawnlight Spawner
nevermine:spawnerEnforcer, Enforcer Spawner
nevermine:spawnerMechyon, Mechyon Spawner
nevermine:spawnerInmateX, InmateX Spawner
nevermine:spawnerInmateY, InmateY Spawner
nevermine:spawnerPodPlant, Pod Plant Spawner
nevermine:spawnerRunicGuardian, Runic Guardian Spawner
nevermine:spawnerMerkyre, Merkyre Spawner
nevermine:spawnerSpectralWizard, Spectral Wizard Spawner
nevermine:spawnerVineWizard, Vine Wizard Spawner
nevermine:spawnerTharafly, Tharafly Spawner
nevermine:DeeplandsNipperTrap, Deep Rock
nevermine:oreRunium, Runium Ore
nevermine:oreChargedRunium, Charged Runium Ore
nevermine:runicBrickU, Runic Bricks
nevermine:runicGlassU, Runic Glass
nevermine:labBrick, Lab Brick
nevermine:labWalls, Lab Walls
nevermine:labBrickGreen, Green Lab Brick
nevermine:labGlassBasic, Basic Lab Glass
nevermine:labGlassSquares, Lab Glass Squares
nevermine:labLampDonut, Donut Lab Lamp
nevermine:leavesEternal, Eternal Leaves
nevermine:spawnerFacelessFloater, Faceles Floater Spawner
nevermine:planksIrowood, Irowood Planks
nevermine:planksHauntedwood, Hauntedwood Planks
nevermine:planksRunic, Runic Planks
nevermine:planksToxicwood, Toxicwood Planks
nevermine:leveledBrick, Leveled Brick
nevermine:leveledBrickBrown, Leveled Brick
nevermine:leveledWalls, Leveled Walls
nevermine:darkinBrick, Darkin Brick
nevermine:darkinBrickRed, Darkin Walls
nevermine:darkinWalls, Darkin Brick
nevermine:irotops, Irotops
nevermine:lurchians, Lurchians
nevermine:spawnerNightwing, Nightwing Spawner
nevermine:leavesChurry, Churry Leaves
nevermine:leavesAchony, Achony Leaves
nevermine:lelyetianCore, Lelyetian Core
nevermine:stoneLelyetia, Lelyetia Stone
nevermine:lelyetianGrassDown, Lelyetian Grass Down
nevermine:lelyetianGrassUp, Lelyetian Grass Up
nevermine:lelyetiaPortal, Lelyetia Portal
nevermine:ancientRock, Ancient Rock
nevermine:ancientTileRed, Ancient Red Tile
nevermine:ancientTileBright, Ancient Bright Tile
nevermine:ancientTileBlack, Ancient Black Tile
nevermine:ancientTileCore, Ancient Tile Core
nevermine:ancientTileShrine, Ancient Shrine Tile
nevermine:ancientGlass, Ancient Glass
nevermine:lampAncient, Ancient Lamp
nevermine:ancientVines, Ancient Vines
nevermine:ancientVineCap, Ancient Vine Cap
nevermine:ancientcavernPortal, Ancient Cavern Portal
nevermine:spawnerExohead, Exohead Spawner
nevermine:spawnerRawbone, Rawbone Spawner
nevermine:spawnerParavite, Paravite Spawner
nevermine:spawnerZhinx, Zhinx Spawner
nevermine:spawnerBloodsucker, Bloodsucker Spawner
nevermine:spawnerAutomaton, Automaton Spawner
nevermine:spawnerCaveBug, Cave Bug Spawner
nevermine:spawnerFlowerface, Flowerface Spawner
nevermine:bricksLelyetian, Lelyetian Bricks
nevermine:boneyBlock, Boney Block
nevermine:zhinxGlass, Zhinx Glass
nevermine:lelyetianGlass, Lelyetian Glass
nevermine:paraviteHive, Paravite Hive
nevermine:lelyetianStem, Lelyetian Stem
nevermine:lelyetianStemCapUp, Lelyetian Stem Cap Up
nevermine:lelyetianStemCapDown, Lelyetian Stem Cap Down
nevermine:lelyetianWiggler, Lelyetian Wiggler
nevermine:lelyetianWigglerTop, Lelyetian Wiggler Top
nevermine:lelyetianWigglerBottom, Lelyetian Wiggler Bottom
nevermine:tubeicles, Tubeicles
nevermine:bloodPine, Blood Pine
nevermine:bloodPineStem, Blood Pine
nevermine:eyeShrub, Eye Shrub
nevermine:eyeShrubStem, Eye Shrub
nevermine:spawnerJawe, Jawe Spawner
nevermine:heatLamp_0, Life Lamp
nevermine:heatLamp_1, Life Lamp
nevermine:heatLamp_2, Life Lamp
nevermine:heatLamp_3, Life Lamp
nevermine:heatLamp_4, Life Lamp
nevermine:heatLamp_5, Life Lamp
nevermine:heatLamp_6, Life Lamp
nevermine:heatLamp_7, Life Lamp
nevermine:heatLamp_8, Life Lamp
nevermine:heatLamp_9, Life Lamp
nevermine:heatLamp_10, Life Lamp
nevermine:heatLamp_11, Life Lamp
nevermine:heatLamp_12, Life Lamp
nevermine:heatLamp_13, Life Lamp
nevermine:heatLamp_14, Life Lamp
nevermine:heatLamp_15, Life Lamp
nevermine:dirtCeleve, Celeve Dirt
nevermine:CelevePortal, Celeve Portal
nevermine:celevusRed, Red Celevus
nevermine:celevusGreen, Green Celevus
nevermine:celevusBlue, Blue Celevus
nevermine:celevusYellow, Yellow Celevus
nevermine:celevusPurple, Purple Celevus
nevermine:celevusWhite, White Celevus
nevermine:celeviansBlue, Blue Celevians
nevermine:celeviansRed, Red Celevians
nevermine:celeviansPurple, Purple Celevians
nevermine:celeviansWhite, White Celevians
nevermine:celebulbsTopGreen, Green Celebulbs
nevermine:celebulbsTopYellow, Yellow Celebulbs
nevermine:celebulbsStem, Celebulbs Stem
nevermine:crystalBlue, Blue Crystal
nevermine:crystalGreen, Green Crystal
nevermine:crystalYellow, Yellow Crystal
nevermine:crystalWhite, White Crystal
nevermine:crystalRed, Red Crystal
nevermine:crystalPurple, Purple Crystal
nevermine:crysteviaRock, Crystevia Rock
nevermine:crysteviaPortal, Crystevia Portal
nevermine:oreCrystalPurple, Purple Crystal Ore
nevermine:oreCrystalBlue, Blue Crystal Ore
nevermine:oreCrystalGreen, Green Crystal Ore
nevermine:oreCrystalYellow, Yellow Crystal Ore
nevermine:oreCrystalRed, Red Crystal Ore
nevermine:oreCrystalWhite, White Crystal Ore
nevermine:crystalBlockRed, Red Crystal Block
nevermine:crystalBlockGreen, Green Crystal Block
nevermine:crystalBlockYellow, Yellow Crystal Block
nevermine:crystalBlockBlue, Blue Crystal Block
nevermine:crystalBlockWhite, White Crystal Block
nevermine:crystalBlockPurple, Purple Crystal Block
nevermine:runePostCompass, Compass Rune post
nevermine:planksChurry, Churry Planks
nevermine:planksAchony, Achony Planks
nevermine:planksBlueshroom, Blueshroom Planks
nevermine:planksGreenshroom, Greenshroom Planks
nevermine:planksYellowshroom, Yellowshroom Planks
nevermine:planksOrangeshroom, Orangeshroom Planks
nevermine:planksPurpleshroom, Purpleshroom Planks
nevermine:stairsPurpleshroom, Purpleshroom Stairs
nevermine:stairsGreenshroom, Greenshroom Stairs
nevermine:stairsYellowshroom, Yellowshroom Stairs
nevermine:stairsOrangeshroom, Orangeshroom Stairs
nevermine:stairsBlueshroom, Blueshroom Stairs
nevermine:stairsChurry, Churry Stairs
nevermine:stairsAchony, Achony Stairs
nevermine:stairsToxicwood, Toxicwood Stairs
nevermine:stairsDawnwood, Dawnwood Stairs
nevermine:stairsLunide, Lunide Stairs
nevermine:stairsIrowood, Irowood Stairs
nevermine:stairsStranglewood, Stranglewood Stairs
nevermine:stairsShadow, Shadow Stairs
nevermine:stairsLucalus, Lucalus Stairs
nevermine:stairsCycade, Cycade Stairs
nevermine:stairsBloodwood, Bloodwood Stairs
nevermine:stairsRunic, Runic Stairs
nevermine:stairsHauntedwood, Hauntedwood Stairs
nevermine:sbrick_0, Coloured Stairs
nevermine:sbrick_1, Coloured Stairs
nevermine:sbrick_2, Coloured Stairs
nevermine:sbrick_3, Coloured Stairs
nevermine:sbrick_4, Coloured Stairs
nevermine:sbrick_5, Coloured Stairs
nevermine:sbrick_6, Coloured Stairs
nevermine:sbrick_7, Coloured Stairs
nevermine:sbrick_8, Coloured Stairs
nevermine:sbrick_9, Coloured Stairs
nevermine:sbrick_10, Coloured Stairs
nevermine:sbrick_11, Coloured Stairs
nevermine:sbrick_12, Coloured Stairs
nevermine:sbrick_13, Coloured Stairs
nevermine:sbrick_14, Coloured Stairs
nevermine:sbrick_15, Coloured Stairs
nevermine:ivoryStairs, Ivory Stairs
nevermine:ivoryAmethystStairs, Amethyst Ivory Stairs
nevermine:ivoryRositeStairs, Rosite Ivory Stairs
nevermine:ivoryLimoniteStairs, Limonite Ivory Stairs
nevermine:ivoryJadeStairs, Jade Ivory Stairs
nevermine:ivorySapphireStairs, Sapphire Ivory Stairs
nevermine:bricksCrystevian, Crystevian Bricks
nevermine:dirtCandyland, Candied Dirt
nevermine:CandylandPortal, Candyland Portal
nevermine:candyCane, Candy Canes
nevermine:spearmentRed, Peppermints
nevermine:spearmentGreen, Spearmints
nevermine:lollypopYellow, Lollypop
nevermine:lollypopBlue, Lollypop
nevermine:lollypopRed, Lollypop
nevermine:plasticStick, Plastic
nevermine:candyTube, Candy Tube
nevermine:chocolateBlock, Chocolate
nevermine:chocolateBlockDark, Dark Chocolate
nevermine:chocolateBlockWhite, White Chocolate
nevermine:candylandRedCandy, Red Candy
nevermine:candylandGreenCandy, Green Candy
nevermine:candylandWhiteCandy, White Candy
nevermine:plasticPole, Plastic
nevermine:candylandCotton, Cotton Candy
nevermine:candylandCottonBlue, Cotton Candy
nevermine:candyGrass, Candy Grass
nevermine:candyGrassBlue, Candy Grass
nevermine:ivoryP1, Patterned Ivory
nevermine:ivoryAmethystP1, Patterned Amethyst Ivory
nevermine:ivoryRositeP1, Patterned Rosite Ivory
nevermine:ivoryLimoniteP1, Patterned Limonite Ivory
nevermine:ivoryJadeP1, Patterned Jade Ivory
nevermine:ivorySapphireP1, Patterned Sapphire Ivory
nevermine:ivoryP2, Patterned Ivory
nevermine:ivoryAmethystP2, Patterned Amethyst Ivory
nevermine:ivoryRositeP2, Patterned Rosite Ivory
nevermine:ivoryLimoniteP2, Patterned Limonite Ivory
nevermine:ivoryJadeP2, Patterned Jade Ivory
nevermine:ivorySapphireP2, Patterned Sapphire Ivory
nevermine:ivoryP3, Patterned Ivory
nevermine:ivoryAmethystP3, Patterned Amethyst Ivory
nevermine:ivoryRositeP3, Patterned Rosite Ivory
nevermine:ivoryLimoniteP3, Patterned Limonite Ivory
nevermine:ivoryJadeP3, Patterned Jade Ivory
nevermine:ivorySapphireP3, Patterned Sapphire Ivory
nevermine:lampIvory, Ivory Lamp
nevermine:lampIvoryAmethyst, Amethyst Ivory Lamp
nevermine:lampIvoryJade, Jade Ivory Lamp
nevermine:lampIvorySapphire, Sapphire Ivory Lamp
nevermine:lampIvoryRosite, Rosite Ivory Lamp
nevermine:lampIvoryLimonite, Limonite Ivory Lamp
nevermine:rainbowGrass, Rainbow Grass
nevermine:rainbowGrass2, Rainbow Grass
nevermine:rainbowGrass3, Rainbow Grass
nevermine:gingerbread, Gingerbread
nevermine:spawnerCaneBug, Cane Bug Spawner
nevermine:spawnerGingerbird, Gingerbird Spawner
nevermine:spawnerGingerbreadMan, Gingerbread Man Spawner
nevermine:spawnerFungock, Fungock Spawner
nevermine:spawnerOpteryx, Opteryx Spawner
nevermine:spawnerArocknid, Arocknid Spawner
nevermine:archaicDirt, Archaic Dirt
nevermine:archaicTiles, Archaic Tiles
nevermine:archaicSquares, Archaic Squares
nevermine:archaicRectangles, Archaic Rectangles
nevermine:animated/archaicStreamHorizontal, Archaic Stream: Horizontal
nevermine:animated/archaicStreamVertical, Archaic Stream: Vertical
nevermine:archaicLamp, Archaic Lamp
nevermine:creepGrass, Creep Grass
nevermine:creepFlowers, Creep Flowers
nevermine:creepVines, Creep Vines
nevermine:dirtCreeponia, Creeponia Dirt
nevermine:leavesCreep, Creep Leaves
nevermine:creeponiaPortal, Creeponia Portal
nevermine:stoneCreep, Creep Stone
nevermine:stoneUnstable, Unstable Stone
nevermine:stonePrimed, Primed Stone
nevermine:enhancerDamage, Enhancer: Damage
nevermine:enhancerDurability, Enhancer: Durability
nevermine:enhancerSpeed, Enhancer: Speed
nevermine:enhancerWeight, Enhancer: Weight
nevermine:enhancerMagical, Enhancer: Magic
nevermine:enhancerResistance, Enhancer: Resistance
nevermine:creepCrystal, Creep Crystal
nevermine:oreJewelyte, Jewelyte Ore
nevermine:oreGemenyte, Gemenyte Ore
nevermine:oreOrnamyte, Ornamyte Ore
nevermine:archaicGlass, Archaic Glass
nevermine:spawnerGoldus, Goldus Spawner
nevermine:spawnerGoldem, Goldem Spawner
nevermine:spawnerVisage, Visage Spawner
nevermine:spawnerGhastus, Ghastus Spawner
nevermine:spawnerUrioh, Urioh Spawner
nevermine:spawnerUrv, Urv Spawner
nevermine:spawnerShavo, Shavo Spawner
nevermine:spawnerFenix, Fenix Spawner
nevermine:spawnerReaver, Reaver Spawner
nevermine:spawnerSkeledon, Skeledon Spawner
nevermine:spawnerSkelekyte, Skelekyte Spawner
nevermine:goldAccumulator_top, Gold Accumulator
nevermine:goldAccumulator_side, Pure Gold Accumulator
nevermine:progressorImmortallis1, Immortallis Progressor
nevermine:progressorImmortallis2, Immortallis Progressor
nevermine:progressorImmortallis3, Immortallis Progressor
nevermine:progressorImmortallis4, Immortallis Progressor
nevermine:progressorImmortallis5, Immortallis Progressor
nevermine:progressorImmortallis6, Immortallis Progressor
nevermine:progressorImmortallis7, Immortallis Progressor
nevermine:progressorImmortallis8, Immortallis Progressor
nevermine:progressorImmortallis9, Immortallis Progressor
nevermine:immortallisPortal, Immortallis Portal
nevermine:archaicLadder, Archaic Ladder
nevermine:spawnerZarg, Zarg Spawner
nevermine:spawnerZorp, Zorp Spawner
nevermine:spawnerBaumba, Baumba Spawner
nevermine:spawnerRefluct, Refluct Spawner
nevermine:spawnerMushroomSpider,  Mushroom Spider Spawner
nevermine:spawnerDaysee, Daysee Spawner
nevermine:spawnerArkzyne, Arkzyne Spawner
nevermine:spawnerCrusilisk, Crusilisk Spawner
nevermine:spawnerMegaGuardian, Mega Guardian Spawner
nevermine:spawnerTorano, Torano Spawner
nevermine:spawnerPoseido, Poseido Spawner
nevermine:spawnerFade, Fade Spawner
nevermine:spawnerSceptron, Sceptron Spawner
nevermine:spawnerCenturion, Centurion Spawner
nevermine:bricksCreeponian, Creeponian Bricks
nevermine:twinkleFence, Twinkle Fence
nevermine:extractionDevice, Extraction Device
nevermine:extractionDeviceOn, Extraction Device
nevermine:planksCreep, Creep Planks
nevermine:stairsCreep, Creep Stairs
nevermine:planksCelevus, Celevus Planks
nevermine:stairsCelevus, Celevus Stairs
nevermine:havendalesBlue, tile.havendalesBlue.name
nevermine:havendalesBlueStem, tile.havendalesBlueStem.name
nevermine:havendalesYellow, tile.havendalesYellow.name
nevermine:havendalesYellowStem, tile.havendalesYellowStem.name
nevermine:havendalesPink, tile.havendalesPink.name
nevermine:havendalesPinkStem, tile.havendalesPinkStem.name
nevermine:dayloomsBlue, Daylooms
nevermine:dayloomsPink, Daylooms
nevermine:dayloomsYellow, Daylooms
nevermine:voxFungi, Fungi
nevermine:voxFungiStem, Fungi
nevermine:miniTentacles, Tentacle
nevermine:miniTentaclesTop, Tentacle
nevermine:ocealites, Ocealites
nevermine:waterweedsGreen, Waterweeds
nevermine:waterweedsYellow, Waterweeds
nevermine:waterweedsWhite, Waterweeds
nevermine:AbyssGrass, Abyssal Grass
nevermine:WoodBlood, Blood Wood
nevermine:WoodShadow, Shadow Wood
nevermine:blockAcid, Acid Block
nevermine:RockriderShrine, Rockrider Shrine
nevermine:ShadowAltar, Shadow Altar
nevermine:GuardianAltar, Guardian Altar
nevermine:WhitewashTable, White Wash Table
nevermine:GrassPrecasia, Precasia Grass
nevermine:GrassHaven, Haven Grass
nevermine:WoodStranglewood, Stranglewood
nevermine:WoodLucalus, Lucalus Wood
nevermine:WoodCycade, Cycade Wood
nevermine:Shadonantium, Shadonantium
nevermine:Emberium, Emberium
nevermine:Crystallanium, Crystallanium
nevermine:Skeletanium, Skeletanium
nevermine:EyeBulbs, Eye Bulb
nevermine:HavenShroom, Mystic Shroom
nevermine:HollyTops, Holly Tops
nevermine:BloodSpikes, Blood Spikes
nevermine:ToxicBlock, Toxic Block
nevermine:TentacleBlock, Tentacle
nevermine:TentacleEyeRed, Red Tentacle Eye
nevermine:TentacleEyeOrange, Orange Tentacle Eye
nevermine:IllusionAltar, Illusion Altar
nevermine:WoodEyeball, Eyeball Wood
nevermine:EyeBlock, Eye Block
nevermine:BloodStrands, Blood Strands
nevermine:MushroomStemBlue, Blue Mushroom Stem
nevermine:MushroomStemGreen, Green Mushroom Stem
nevermine:MushroomStemYellow, Yellow Mushroom Stem
nevermine:MushroomStemOrange, Orange Mushroom Stem
nevermine:MushroomStemPurple, Purple Mushroom Stem
nevermine:GrassMysterium, Mysterium Grass
nevermine:TempleTrapFire, Kaiyu Temple Pattern
nevermine:TempleTrapDamage, Kaiyu Temple Pattern
nevermine:TempleTrapPoison, Kaiyu Temple Pattern
nevermine:TempleTrapWither, Kaiyu Temple Pattern
nevermine:RunicBlock, Runic Block
nevermine:ArmyBlock, Army Block
nevermine:WoodIromine, Iromine Wood
nevermine:GrassIromine, Iromine Grass
nevermine:GrassLunasole, Lunasole Grass
nevermine:GrassLunalyte, Lunalyte Grass
nevermine:WoodLunide, Lunide Wood
nevermine:GrassGardencia, Gardencia Grass
nevermine:GrassGreckon, Greckon Grass
nevermine:WoodHaunted, Haunted Wood
nevermine:HauntedWoodRedEyes, Haunted Red Eyes
nevermine:HauntedWoodLargeEye, Haunted Large Eye
nevermine:HauntedWoodFlashingFace, Haunted Flashing Face
nevermine:HauntedWoodPurpling, Purpling Haunted Wood
nevermine:HauntedLeavesGhouls, Haunted Ghoul Leaves
nevermine:GrassDustopia, Dustopia Grass
nevermine:WoodDawn, Dawn Wood
nevermine:LunarPad, Lunar Pad
nevermine:LunarCreationTable, Lunar Creation Table
nevermine:LunarPillar, Lunar Pillar
nevermine:GrassBorean, Borean Grass
nevermine:WoodToxic, Toxic Wood
nevermine:GrassToxic, Toxic Grass
nevermine:ToxicWaste, Toxic Waste
nevermine:SteelLight, Steel Light
nevermine:DustopianLampOff, Dustopian Lamp Off
nevermine:PrimordialShrine, Primordial Shrine
nevermine:GrassRunic, Runic Grass
nevermine:WoodRunic, Runic Wood
nevermine:LunarEnrichmentTable, Lunar Enrichment Table
nevermine:RuneShrine, Rune Shrine
nevermine:DecloggingTable, Declogging Table
nevermine:AquaticLampOff, Aquatic Lamp Off
nevermine:KrorAltar, Kror Altar
nevermine:DracyonAltar, Dracyon Altar
nevermine:VisualentAltar, Visualent Altar
nevermine:VinocorneShrine, Vinocorne Shrine
nevermine:VoxxulonAltar, Voxxulon Altar
nevermine:MineralizationStation, Mineralization Station
nevermine:EnigmaTable, Enigma Table
nevermine:RecreationStation, Recreation Station
nevermine:RuneRandomizer, Rune Randomizer
nevermine:HiveSpawner, Hive Spawner
nevermine:TrilliadsBlock, Trilliads
nevermine:RosidonsBlock, Rosidons
nevermine:LunalonsBlock, Lunalons
nevermine:FloraclesBlock,  Floracles
nevermine:GoldicapsBlock, Goldicaps
nevermine:LunacrikeBlock, Lunacrike
nevermine:LunaglobeBlock, Luna Globe
nevermine:ClunkheadAltar, Clunkhead Altar
nevermine:SilverfootAltar, Silverfoot Altar
nevermine:VoxCrate, Lotto Vox Crate
nevermine:VoxCrateStore, Store Vox Crate
nevermine:PedalCraftingStation, Petal Crafting Station
nevermine:HauntingTable, Haunting Table
nevermine:IroCrate, Iro Crate
nevermine:IroConfusionTrap, Striped Iro Brick
nevermine:WoodEternal, Eternal Wood
nevermine:LabPost, Lab Post
nevermine:Deepcase, Deepcase
nevermine:ExoidStation, Exoid Station
nevermine:WoodAchony, Achony Wood
nevermine:WoodChurry, Churry Wood
nevermine:GrassLelyetiaDown, Lelyetia Grass Down
nevermine:GrassLelyetiaUp, Lelyetia Grass Up
nevermine:CarvedRune1, Carved Rune
nevermine:CarvedRune2, Carved Rune
nevermine:CarvedRune3, Carved Rune
nevermine:CarvedRune4, Carved Rune
nevermine:blockOrangeAcid, Orange Acid Block
nevermine:ChiliBlock, Chilis
nevermine:TeaBlock, Tea
nevermine:SelyanShrine, Selyan Shrine
nevermine:LuxonShrine, Luxon Shrine
nevermine:PlutonShrine, Pluton Shrine
nevermine:ErebonShrine, Erebon Shrine
nevermine:CreationForge, Creation Forge
nevermine:AscensionShrine, Ascension Shrine
nevermine:InfusionTable, Infusion Table
nevermine:GrawAltar, Graw Altar
nevermine:SpikeyPillar, Spikey Pillar
nevermine:GrassCeleve, Celeve Grass
nevermine:CeleveStem, Celeve Stem
nevermine:ToyBox, Toy Box
nevermine:CrystalCreatorRed, Crystal Creator
nevermine:CrystalCreatorBlue, Crystal Creator
nevermine:CrystalCreatorYellow, Crystal Creator
nevermine:CrystalCreatorGreen, Crystal Creator
nevermine:CrystalCreatorWhite, Crystal Creator
nevermine:CrystalCreatorPurple, Crystal Creator
nevermine:PowerStation, Power Station
nevermine:CrystalExtensionShrine, Crystal Extension Shrine
nevermine:GrassCandyland, Candied Grass
nevermine:DivineStation, Divine Station
nevermine:MendingTable, Mending Table
nevermine:HeartFruitBlock, Heart Fruit
nevermine:MagicMarangBlock, Magic Marang
nevermine:ThornyPlantBlock, Thorn Plant
nevermine:BubbleBerriesBlock, Bubble Berries
nevermine:CandyBlock, Candy Block
nevermine:GrassCreeponia, Creeponia Grass
nevermine:WoodCreep,  Creep Wood
nevermine:CarvedRune5, Carved Rune
nevermine:CreepAltar, Creep Altar
nevermine:TentacleBlockGreen, Tentacle
nevermine:TentacleDotsLeft, Tentacle
nevermine:TentacleDotsRight, Tentacle
nevermine:SmashStatue, Smash Statue
nevermine:RockriderStatue, Rockrider Statue
nevermine:KingBamBamBamStatue, King BamBamBam Statue
nevermine:SkeletorStatue, Skeletron Statue
nevermine:SkeleelderStatue, Skele-Elder Statue
nevermine:SkelepigStatue, Skelepig Statue
nevermine:SkelemanStatue, Skeleman Statue
nevermine:SkeleHopperStatue, Skele-Hopper Statue
nevermine:GuardianStatueBlue, Guardian Statue
nevermine:GuardianStatueGreen, Guardian Statue
nevermine:GuardianStatueRed, Guardian Statue
nevermine:GuardianStatueYellow, Guardian Statue
nevermine:NethengeicWitherStatue, Nethengeic Wither Statue
nevermine:ElusiveStatue, Elusive Statue
nevermine:ShadowlordStatue, Shadowlord Statue
nevermine:CorallusStatue, Corallus Statue
nevermine:IllusionBanner, Illusion Banner
nevermine:GildedIllusionBanner, Gilded Illusion Banner
nevermine:BejeweledIllusionBanner, Bejeweled Illusion Banner
nevermine:ShadowBanner, Shadow Banner
nevermine:GildedShadowBanner, Gilded Shadow Banner
nevermine:BejeweledShadowBanner, Bejeweled Shadow Banner
nevermine:SkeletalBanner, Skeletal Banner
nevermine:GildedSkeletalBanner, Gilded Skeletal Banner
nevermine:BejeweledSkeletalBanner, Bejeweled Skeletal Banner
nevermine:SeaBanner, Sea Banner
nevermine:GildedSeaBanner, Gilded Sea Banner
nevermine:BejeweledSeaBanner, Bejeweled Sea Banner
nevermine:NetherBanner, Nether Banner
nevermine:GildedNetherBanner, Gilded Nether Banner
nevermine:BejeweledNetherBanner, Bejeweled Nether Banner
nevermine:NethengeicBanner, Nethengeic Banner
nevermine:GildedNethengeicBanner, Gilded Nethengeic Banner
nevermine:BejeweledNethengeicBanner, Bejeweled Nethengeic Banner
nevermine:UtopianBanner, Utopian Banner
nevermine:GildedUtopianBanner, Gilded Utopian Banner
nevermine:BejeweledUtopianBanner, Bejeweled Utopian Banner
nevermine:LottoBanner, Lotto Banner
nevermine:GildedLottoBanner, Gilded Lotto Banner
nevermine:BejeweledLottoBanner, Bejeweled Lotto Banner
nevermine:AncientBanner, Ancient Banner
nevermine:GildedAncientBanner, Gilded Ancient Banner
nevermine:BejeweledAncientBanner, Bejeweled Ancient Banner
nevermine:SoulBanner, Soul Banner [Retro]
nevermine:GildedSoulBanner, Gilded Soul Banner [Retro]
nevermine:BejeweledSoulBanner, Bejeweled Soul Banner [Retro]
nevermine:HauntedBanner, Haunted Banner
nevermine:GildedHauntedBanner, Gilded Haunted Banner
nevermine:BejeweledHauntedBanner, Bejeweled Haunted Banner
nevermine:FungalBanner, Fungal Banner
nevermine:GildedFungalBanner, Gilded Fungal Banner
nevermine:BejeweledFungalBanner, Bejeweled Fungal Banner
nevermine:GhoulBanner, Ghoul Banner
nevermine:GildedGhoulBanner, Gilded Ghoul Banner
nevermine:BejeweledGhoulBanner, Bejeweled Ghoul Banner
nevermine:RunicBanner, Runic Banner
nevermine:GildedRunicBanner, Gilded Runic Banner
nevermine:BejeweledRunicBanner, Bejeweled Runic Banner
nevermine:BaronBanner, Baron Banner
nevermine:GildedBaronBanner, Gilded Baron Banner
nevermine:BejeweledBaronBanner, Bejeweled Baron Banner
nevermine:VoxBanner, Vox Banner
nevermine:GildedVoxBanner, Gilded Vox Banner
nevermine:BejeweledVoxBanner, Bejeweled Vox Banner
nevermine:DustopianBanner, Dustopian Banner
nevermine:GildedDustopianBanner, Gilded Dustopian Banner
nevermine:BejeweledDustopianBanner, Bejeweled Dustopian Banner
nevermine:DeepBanner, Deep Banner
nevermine:GildedDeepBanner, Gilded Deep Banner
nevermine:BejeweledDeepBanner, Bejeweled Deep Banner
nevermine:RosidianBanner, Rosidian Banner
nevermine:GildedRosidianBanner, Gilded Rosidian Banner
nevermine:BejeweledRosidianBanner, Bejeweled Rosidian Banner
nevermine:BoreicBanner, Boreic Banner
nevermine:GildedBoreicBanner, Gilded Boreic Banner
nevermine:BejeweledBoreicBanner, Bejeweled Boreic Banner
nevermine:MechaBanner, Mecha Banner
nevermine:GildedMechaBanner, Gilded Mecha Banner
nevermine:BejeweledMechaBanner, Bejeweled Mecha Banner
nevermine:LunarBanner, Lunar Banner
nevermine:GildedLunarBanner, Gilded Lunar Banner
nevermine:BejeweledLunarBanner, Bejeweled Lunar Banner
nevermine:ChargingTable, Charging Table
nevermine:Iropole, Iropole
nevermine:HarkosStatue, Hakos Statue
nevermine:KajarosStatue, Kajaros Statue
nevermine:MiskelStatue, Miskel Statue
nevermine:OkazorStatue, Okazor Statue
nevermine:RaxxanStatue, Raxxan Statue
nevermine:KrorStatue, Kror Statue
nevermine:KingShroomusStatue, King Shroomus Statue
nevermine:DracyonStatue, Dracyon Statue
nevermine:SilverfootStatue, Silverfoot Statue
nevermine:VisualentStatue, Visualent Statue
nevermine:VinocorneStatue, Vinocorne Statue
nevermine:BaneStatue, Bane Statue
nevermine:ClunkheadStatue, Clunkhead Statue
nevermine:HiveKingStatue, Hive King Statue
nevermine:VoxxulonStatue, Voxxulon Statue
nevermine:HydroTable, Hydro Table
nevermine:EnergyBanner, Energy Banner [Retro]
nevermine:GildedEnergyBanner, Gilded Energy Banner [Retro]
nevermine:BejeweledEnergyBanner, Bejeweled Energy Banner [Retro]
nevermine:HarkosStatueGold, Golden Hakos Statue
nevermine:KajarosStatueGold, Golden Kajaros Statue
nevermine:MiskelStatueGold, Golden Miskel Statue
nevermine:OkazorStatueGold, Golden Okazor Statue
nevermine:RaxxanStatueGold, Golden Raxxan Statue
nevermine:KrorStatueGold, Golden Kror Statue
nevermine:KingShroomusStatueGold, Golden King Shroomus Statue
nevermine:DracyonStatueGold, Golden Dracyon Statue
nevermine:SilverfootStatueGold, Golden Silverfoot Statue
nevermine:VisualentStatueGold, Golden Visualent Statue
nevermine:VinocorneStatueGold, Golden Vinocorne Statue
nevermine:BaneStatueGold, Golden Bane Statue
nevermine:ClunkheadStatueGold, Golden Clunkhead Statue
nevermine:HiveKingStatueGold, Golden Hive King Statue
nevermine:VoxxulonStatueGold, Golden Voxxulon Statue
nevermine:SmashStatueGold, Golden Smash Statue
nevermine:RockriderStatueGold, Golden Rockrider Statue
nevermine:KingBamBamBamStatueGold, Golden King BamBamBam Statue
nevermine:SkeletorStatueGold, Golden Skeletron Statue
nevermine:SkeleelderStatueGold, Golden Skele-Elder Statue
nevermine:SkelepigStatueGold, Golden Skelepig Statue
nevermine:SkelemanStatueGold, Golden Skeleman Statue
nevermine:SkeleHopperStatueGold, Golden Skele-Hopper Statue
nevermine:GuardianStatueBlueGold, Golden Guardian Statue
nevermine:GuardianStatueGreenGold, Golden Guardian Statue
nevermine:GuardianStatueRedGold, Golden Guardian Statue
nevermine:GuardianStatueYellowGold, Golden Guardian Statue
nevermine:NethengeicWitherStatueGold, Golden Nethengeic Wither Statue
nevermine:ElusiveStatueGold, Golden Elusive Statue
nevermine:ShadowlordStatueGold, Golden Shadowlord Statue
nevermine:CorallusStatueGold, Golden Corallus Statue
nevermine:EncrustedIllusionBanner, Encrusted Illusion Banner
nevermine:EncrustedShadowBanner, Encrusted Shadow Banner
nevermine:EncrustedSkeletalBanner, Encrusted Skeletal Banner
nevermine:EncrustedSeaBanner, Encrusted Sea Banner
nevermine:EncrustedNetherBanner, Encrusted Nether Banner
nevermine:EncrustedNethengeicBanner, Encrusted Nethengeic Banner
nevermine:EncrustedUtopianBanner, Encrusted Utopian Banner
nevermine:EncrustedLottoBanner, Encrusted Lotto Banner
nevermine:EncrustedAncientBanner, Encrusted Ancient Banner
nevermine:EncrustedSoulBanner, Encrusted Soul Banner [Retro]
nevermine:EncrustedHauntedBanner, Encrusted Haunted Banner
nevermine:EncrustedFungalBanner, Encrusted Fungal Banner
nevermine:EncrustedGhoulBanner, Encrusted Ghoul Banner
nevermine:EncrustedRunicBanner, Encrusted Runic Banner
nevermine:EncrustedBaronBanner, Encrusted Baron Banner
nevermine:EncrustedVoxBanner, Encrusted Vox Banner
nevermine:EncrustedDustopianBanner, Encrusted Dustopian Banner
nevermine:EncrustedDeepBanner, Encrusted Deep Banner
nevermine:EncrustedRosidianBanner, Encrusted Rosidian Banner
nevermine:EncrustedBoreicBanner, Encrusted Boreic Banner
nevermine:EncrustedMechaBanner, Encrusted Mecha Banner
nevermine:EncrustedLunarBanner, Encrusted Lunar Banner
nevermine:EncrustedEnergyBanner, Encrusted Energy Banner [Retro]
nevermine:Teasink, Teasink
nevermine:TeasinkFull, Teasink Full
nevermine:LelyetianBanner, Lelyetian Banner
nevermine:GildedLelyetianBanner, Gilded Lelyetian Banner
nevermine:BejeweledLelyetianBanner, Bejeweled Lelyetian Banner
nevermine:EncrustedLelyetianBanner, Encrusted Lelyetian Banner
nevermine:SelyanBanner, Selyan Banner
nevermine:LuxonBanner, Luxon Banner
nevermine:ErebonBanner, Erebon Banner
nevermine:PlutonBanner, Pluton Banner
nevermine:PenumbraStatueGold, Golden Penumbra Statue
nevermine:PenumbraStatue, Penumbra Statue
nevermine:GrawStatueGold, Golden Graw Statue
nevermine:GrawStatue, Graw Statue
nevermine:HoronStatueGold, Golden Horon Statue
nevermine:HoronStatue, Horon Statue
nevermine:ConiferonStatueGold, Golden Coniferon Statue
nevermine:ConiferonStatue, Coniferon Statue
nevermine:GoldorthStatueGold, Golden Goldorth Statue
nevermine:GoldorthStatue, Goldorth Statue
nevermine:campfire, Campfire
nevermine:ClownBanner, Clown Banner
nevermine:GildedClownBanner, Gilded Clown Banner
nevermine:BejeweledClownBanner, Bejeweled Clown Banner
nevermine:EncrustedClownBanner, Encrusted Clown Banner
nevermine:GyroStatueGold, Golden Gyro Statue
nevermine:GyroStatue, Gyro Statue
nevermine:CrystalBanner, Crystal Banner
nevermine:GildedCrystalBanner, Gilded Crystal Banner
nevermine:BejeweledCrystalBanner, Bejeweled Crystal Banner
nevermine:EncrustedCrystalBanner, Encrusted Crystal Banner
nevermine:CrystocoreStatueGold, Golden Crystocore Statue
nevermine:CrystocoreStatue, Crystocore Statue
nevermine:BloodBanner, Blood Banner
nevermine:GildedBloodBanner, Gilded Blood Banner
nevermine:BejeweledBloodBanner, Bejeweled Blood Banner
nevermine:EncrustedBloodBanner, Encrusted Blood Banner
minecraft:record_13, Music Disc
minecraft:record_cat, Music Disc
minecraft:record_blocks, Music Disc
minecraft:record_chirp, Music Disc
minecraft:record_far, Music Disc
minecraft:record_mall, Music Disc
minecraft:record_mellohi, Music Disc
minecraft:record_stal, Music Disc
minecraft:record_strad, Music Disc
minecraft:record_ward, Music Disc
minecraft:record_11, Music Disc
minecraft:record_wait, Music Disc
nevermine:GhostlyBanner, Ghostly Banner
nevermine:GildedGhostlyBanner, Gilded Ghostly Banner
nevermine:BejeweledGhostlyBanner, Bejeweled Ghostly Banner
nevermine:EncrustedGhostlyBanner, Encrusted Ghostly Banner
nevermine:VoidBanner, Void Banner
nevermine:GildedVoidBanner, Gilded Void Banner
nevermine:BejeweledVoidBanner, Bejeweled Void Banner
nevermine:EncrustedVoidBanner, Encrusted Void Banner
nevermine:FiltrationSystemOn, Filtration System (Boiling)
nevermine:FiltrationSystemOff, Filtration System
nevermine:BlueShroom, Blue Shroom
nevermine:GreenShroom, Green Shroom
nevermine:YellowShroom, Yellow Shroom
nevermine:OrangeShroom, Orange Shroom
nevermine:PurpleShroom, Purple Shroom
nevermine:ShroomStem, Shroom Stem
nevermine:CandyBanner, Candy Banner
nevermine:GildedCandyBanner, Gilded Candy Banner
nevermine:BejeweledCandyBanner, Bejeweled Candy Banner
nevermine:EncrustedCandyBanner, Encrusted Candy Banner
nevermine:GingerbreadBanner, Gingerbread Banner
nevermine:GildedGingerbreadBanner, Gilded Gingerbread Banner
nevermine:BejeweledGingerbreadBanner, Bejeweled Gingerbread Banner
nevermine:EncrustedGingerbreadBanner, Encrusted Gingerbread Banner
nevermine:CottonCandorStatueGold, Gold Cotton Candor Statue
nevermine:CottonCandorStatue, Cotton Candor Statue
nevermine:CreepyBanner, Creepy Banner
nevermine:GildedCreepyBanner, Gilded Creepy Banner
nevermine:BejeweledCreepyBanner, Bejeweled Creepy Banner
nevermine:EncrustedCreepyBanner, Encrusted Creepy Banner
nevermine:CreepoidBanner, Creepoid Banner
nevermine:GildedCreepoidBanner, Gilded Creepoid Banner
nevermine:BejeweledCreepoidBanner, Bejeweled Creepoid Banner
nevermine:EncrustedCreepoidBanner, Encrusted Creepoid Banner
nevermine:ImmortalBanner, Immortal Banner
nevermine:GildedImmortalBanner, Gilded Immortal Banner
nevermine:BejeweledImmortalBanner, Bejeweled Immortal Banner
nevermine:EncrustedImmortalBanner, Encrusted Immortal Banner
nevermine:FragmentBanner, Fragment Banner
nevermine:GildedFragmentBanner, Gilded Fragment Banner
nevermine:BejeweledFragmentBanner, Bejeweled Fragment Banner
nevermine:EncrustedFragmentBanner, Encrusted Fragment Banner
nevermine:CreepStatueGold, Gold Creep Statue
nevermine:CreepStatue, Creep Statue
nevermine:Energy2Banner, Energy Banner
nevermine:GildedEnergy2Banner, Gilded Energy Banner
nevermine:BejeweledEnergy2Banner, Bejeweled Energy Banner
nevermine:EncrustedEnergy2Banner, Encrusted Energy Banner
nevermine:Soul2Banner, Soul Banner
nevermine:GildedSoul2Banner, Gilded Soul Banner
nevermine:BejeweledSoul2Banner, Bejeweled Soul Banner
nevermine:EncrustedSoul2Banner, Encrusted Soul Banner
nevermine:Creation2Banner, Creation2 Banner
nevermine:GildedCreation2Banner, Gilded Creation2 Banner
nevermine:BejeweledCreation2Banner, Bejeweled Creation2 Banner
nevermine:EncrustedCreation2Banner, Encrusted Creation2 Banner
nevermine:VoxLog1, Vox Log
nevermine:VoxLog2, Vox Log
nevermine:VoxShroom, Vox Shroom
BiblioCraft:tile.BiblioFramedChest:0, Framed Chest
BiblioCraft:BiblioPaneler:0, Oak Furniture Paneler
BiblioCraft:BiblioPaneler:1, Spruce Furniture Paneler
BiblioCraft:BiblioPaneler:2, Birch Furniture Paneler
BiblioCraft:BiblioPaneler:3, Jungle Furniture Paneler
BiblioCraft:BiblioPaneler:4, Acacia Furniture Paneler
BiblioCraft:BiblioPaneler:5, Dark Oak Furniture Paneler
BiblioCraft:BiblioPaneler:6, Framed Furniture Paneler
BiblioCraft:BiblioClipboard, tile.BiblioClipboard.name
BiblioCraft:BiblioTypewriter:0, White Typewriter
BiblioCraft:BiblioTypewriter:1, Light Gray Typewriter
BiblioCraft:BiblioTypewriter:2, Gray Typewriter
BiblioCraft:BiblioTypewriter:3, Black Typewriter
BiblioCraft:BiblioTypewriter:4, Red Typewriter
BiblioCraft:BiblioTypewriter:5, Orange Typewriter
BiblioCraft:BiblioTypewriter:6, Yellow Typewriter
BiblioCraft:BiblioTypewriter:7, Lime Typewriter
BiblioCraft:BiblioTypewriter:8, Green Typewriter
BiblioCraft:BiblioTypewriter:9, Cyan Typewriter
BiblioCraft:BiblioTypewriter:10, Light Blue Typewriter
BiblioCraft:BiblioTypewriter:11, Blue Typewriter
BiblioCraft:BiblioTypewriter:12, Purple Typewriter
BiblioCraft:BiblioTypewriter:13, Magenta Typewriter
BiblioCraft:BiblioTypewriter:14, Pink Typewriter
BiblioCraft:BiblioTypewriter:15, Brown Typewriter
BiblioCraft:BiblioClock:0, Oak Clock
BiblioCraft:BiblioClock:1, Spruce Clock
BiblioCraft:BiblioClock:2, Birch Clock
BiblioCraft:BiblioClock:3, Jungle Clock
BiblioCraft:BiblioClock:4, Acacia Clock
BiblioCraft:BiblioClock:5, Dark Oak Clock
BiblioCraft:BiblioClock:6, Framed Clock
BiblioCraft:BiblioFlatPainting:0, Oak Painting Frame
BiblioCraft:BiblioFlatPainting:1, Spruce Painting Frame
BiblioCraft:BiblioFlatPainting:2, Birch Painting Frame
BiblioCraft:BiblioFlatPainting:3, Jungle Painting Frame
BiblioCraft:BiblioFlatPainting:4, Acacia Painting Frame
BiblioCraft:BiblioFlatPainting:5, Dark Oak Painting Frame
BiblioCraft:BiblioFlatPainting:6, Framed Painting Frame
BiblioCraft:BiblioSimplePainting:0, Oak Painting Frame
BiblioCraft:BiblioSimplePainting:1, Spruce Painting Frame
BiblioCraft:BiblioSimplePainting:2, Birch Painting Frame
BiblioCraft:BiblioSimplePainting:3, Jungle Painting Frame
BiblioCraft:BiblioSimplePainting:4, Acacia Painting Frame
BiblioCraft:BiblioSimplePainting:5, Dark Oak Painting Frame
BiblioCraft:BiblioSimplePainting:6, Framed Painting Frame
BiblioCraft:BiblioMiddlePainting:0, Oak Painting Frame
BiblioCraft:BiblioMiddlePainting:1, Spruce Painting Frame
BiblioCraft:BiblioMiddlePainting:2, Birch Painting Frame
BiblioCraft:BiblioMiddlePainting:3, Jungle Painting Frame
BiblioCraft:BiblioMiddlePainting:4, Acacia Painting Frame
BiblioCraft:BiblioMiddlePainting:5, Dark Oak Painting Frame
BiblioCraft:BiblioMiddlePainting:6, Framed Painting Frame
BiblioCraft:BiblioFancyPainting:0, Oak Painting Frame
BiblioCraft:BiblioFancyPainting:1, Spruce Painting Frame
BiblioCraft:BiblioFancyPainting:2, Birch Painting Frame
BiblioCraft:BiblioFancyPainting:3, Jungle Painting Frame
BiblioCraft:BiblioFancyPainting:4, Acacia Painting Frame
BiblioCraft:BiblioFancyPainting:5, Dark Oak Painting Frame
BiblioCraft:BiblioFancyPainting:6, Framed Painting Frame
BiblioCraft:BiblioBorderlessPainting:0, Oak Painting Frame
BiblioCraft:BiblioBorderlessPainting:1, Spruce Painting Frame
BiblioCraft:BiblioBorderlessPainting:2, Birch Painting Frame
BiblioCraft:BiblioBorderlessPainting:3, Jungle Painting Frame
BiblioCraft:BiblioBorderlessPainting:4, Acacia Painting Frame
BiblioCraft:BiblioBorderlessPainting:5, Dark Oak Painting Frame
BiblioCraft:BiblioBorderlessPainting:6, Framed Painting Frame
BiblioCraft:BiblioPaintPress, Painting Press
BiblioCraft:BiblioSwordPedestal:0, Sword Pedestal
BiblioCraft:BiblioSwordPedestal:1, Sword Pedestal
BiblioCraft:BiblioSwordPedestal:2, Sword Pedestal
BiblioCraft:BiblioSwordPedestal:3, Sword Pedestal
BiblioCraft:BiblioSwordPedestal:4, Sword Pedestal
BiblioCraft:BiblioSwordPedestal:5, Sword Pedestal
BiblioCraft:BiblioSwordPedestal:6, Sword Pedestal
BiblioCraft:BiblioSwordPedestal:7, Sword Pedestal
BiblioCraft:BiblioSwordPedestal:8, Sword Pedestal
BiblioCraft:BiblioSwordPedestal:9, Sword Pedestal
BiblioCraft:BiblioSwordPedestal:10, Sword Pedestal
BiblioCraft:BiblioSwordPedestal:11, Sword Pedestal
BiblioCraft:BiblioSwordPedestal:12, Sword Pedestal
BiblioCraft:BiblioSwordPedestal:13, Sword Pedestal
BiblioCraft:BiblioSwordPedestal:14, Sword Pedestal
BiblioCraft:BiblioSwordPedestal:15, Sword Pedestal
BiblioCraft:BiblioFancySign:0, Oak Fancy Sign
BiblioCraft:BiblioFancySign:1, Spruce Fancy Sign
BiblioCraft:BiblioFancySign:2, Birch Fancy Sign
BiblioCraft:BiblioFancySign:3, Jungle Fancy Sign
BiblioCraft:BiblioFancySign:4, Acacia Fancy Sign
BiblioCraft:BiblioFancySign:5, Dark Oak Fancy Sign
BiblioCraft:BiblioFancySign:6, Framed Fancy Sign
BiblioCraft:BiblioWorkbench:0, Oak Fancy Workbench
BiblioCraft:BiblioWorkbench:1, Spruce Fancy Workbench
BiblioCraft:BiblioWorkbench:2, Birch Fancy Workbench
BiblioCraft:BiblioWorkbench:3, Jungle Fancy Workbench
BiblioCraft:BiblioWorkbench:4, Acacia Fancy Workbench
BiblioCraft:BiblioWorkbench:5, Dark Oak Fancy Workbench
BiblioCraft:BiblioWorkbench:6, Framed Fancy Workbench
BiblioCraft:BiblioBell, Desk Bell
BiblioCraft:Bibliotheca:0, Oak Bookcase
BiblioCraft:Bibliotheca:1, Spruce Bookcase
BiblioCraft:Bibliotheca:2, Birch Bookcase
BiblioCraft:Bibliotheca:3, Jungle Bookcase
BiblioCraft:Bibliotheca:4, Acacia Bookcase
BiblioCraft:Bibliotheca:5, Dark Oak Bookcase
BiblioCraft:Bibliotheca:6, Framed Bookcase
BiblioCraft:BookcaseFilled:0, Oak Bookcase
BiblioCraft:BookcaseFilled:1, Spruce Bookcase
BiblioCraft:BookcaseFilled:2, Birch Bookcase
BiblioCraft:BookcaseFilled:3, Jungle Bookcase
BiblioCraft:BookcaseFilled:4, Acacia Bookcase
BiblioCraft:BookcaseFilled:5, Dark Oak Bookcase
BiblioCraft:BookcaseFilled:6, Framed Bookcase
BiblioCraft:BiblioPotionShelf:0, Oak Potion Shelf
BiblioCraft:BiblioPotionShelf:1, Spruce Potion Shelf
BiblioCraft:BiblioPotionShelf:2, Birch Potion Shelf
BiblioCraft:BiblioPotionShelf:3, Jungle Potion Shelf
BiblioCraft:BiblioPotionShelf:4, Acacia Potion Shelf
BiblioCraft:BiblioPotionShelf:5, Dark Oak Potion Shelf
BiblioCraft:BiblioPotionShelf:6, Framed Potion Shelf
BiblioCraft:BiblioShelf:0, Oak Shelf
BiblioCraft:BiblioShelf:1, Spruce Shelf
BiblioCraft:BiblioShelf:2, Birch Shelf
BiblioCraft:BiblioShelf:3, Jungle Shelf
BiblioCraft:BiblioShelf:4, Acacia Shelf
BiblioCraft:BiblioShelf:5, Dark Oak Shelf
BiblioCraft:BiblioShelf:6, Framed Shelf
BiblioCraft:BiblioRack:0, Oak Tool Rack
BiblioCraft:BiblioRack:1, Spruce Tool Rack
BiblioCraft:BiblioRack:2, Birch Tool Rack
BiblioCraft:BiblioRack:3, Jungle Tool Rack
BiblioCraft:BiblioRack:4, Acacia Tool Rack
BiblioCraft:BiblioRack:5, Dark Oak Tool Rack
BiblioCraft:BiblioRack:6, Framed Tool Rack
BiblioCraft:BiblioCase:0, Oak Case
BiblioCraft:BiblioCase:1, Spruce Case
BiblioCraft:BiblioCase:2, Birch Case
BiblioCraft:BiblioCase:3, Jungle Case
BiblioCraft:BiblioCase:4, Acacia Case
BiblioCraft:BiblioCase:5, Dark Oak Case
BiblioCraft:BiblioCase:6, Framed Case
BiblioCraft:BiblioLabel:0, Oak Wood Label
BiblioCraft:BiblioLabel:1, Spruce Wood Label
BiblioCraft:BiblioLabel:2, Birch Wood Label
BiblioCraft:BiblioLabel:3, Jungle Wood Label
BiblioCraft:BiblioLabel:4, Acacia Label
BiblioCraft:BiblioLabel:5, Dark Oak Label
BiblioCraft:BiblioLabel:6, Framed Label
BiblioCraft:BiblioDesk:0, Oak Desk
BiblioCraft:BiblioDesk:1, Spruce Desk
BiblioCraft:BiblioDesk:2, Birch Desk
BiblioCraft:BiblioDesk:3, Jungle Desk
BiblioCraft:BiblioDesk:4, Acacia Desk
BiblioCraft:BiblioDesk:5, Dark Oak Desk
BiblioCraft:BiblioDesk:6, Framed Desk
BiblioCraft:BiblioTable:0, Oak Table
BiblioCraft:BiblioTable:1, Spruce Table
BiblioCraft:BiblioTable:2, Birch Table
BiblioCraft:BiblioTable:3, Jungle Table
BiblioCraft:BiblioTable:4, Acacia Table
BiblioCraft:BiblioTable:5, Dark Oak Table
BiblioCraft:BiblioTable:6, Framed Table
BiblioCraft:Armor Stand, Armor Stand
BiblioCraft:Typesetting Machine, Typesetting Table
BiblioCraft:Printing Press, Printing Press
BiblioCraft:BiblioLantern:0, Fancy Lantern
BiblioCraft:BiblioLantern:1, Fancy Lantern
BiblioCraft:BiblioLantern:2, Fancy Lantern
BiblioCraft:BiblioLantern:3, Fancy Lantern
BiblioCraft:BiblioLantern:4, Fancy Lantern
BiblioCraft:BiblioLantern:5, Fancy Lantern
BiblioCraft:BiblioLantern:6, Fancy Lantern
BiblioCraft:BiblioLantern:7, Fancy Lantern
BiblioCraft:BiblioLantern:8, Fancy Lantern
BiblioCraft:BiblioLantern:9, Fancy Lantern
BiblioCraft:BiblioLantern:10, Fancy Lantern
BiblioCraft:BiblioLantern:11, Fancy Lantern
BiblioCraft:BiblioLantern:12, Fancy Lantern
BiblioCraft:BiblioLantern:13, Fancy Lantern
BiblioCraft:BiblioLantern:14, Fancy Lantern
BiblioCraft:BiblioLantern:15, Fancy Lantern
BiblioCraft:BiblioIronLantern:0, Fancy Lantern
BiblioCraft:BiblioIronLantern:1, Fancy Lantern
BiblioCraft:BiblioIronLantern:2, Fancy Lantern
BiblioCraft:BiblioIronLantern:3, Fancy Lantern
BiblioCraft:BiblioIronLantern:4, Fancy Lantern
BiblioCraft:BiblioIronLantern:5, Fancy Lantern
BiblioCraft:BiblioIronLantern:6, Fancy Lantern
BiblioCraft:BiblioIronLantern:7, Fancy Lantern
BiblioCraft:BiblioIronLantern:8, Fancy Lantern
BiblioCraft:BiblioIronLantern:9, Fancy Lantern
BiblioCraft:BiblioIronLantern:10, Fancy Lantern
BiblioCraft:BiblioIronLantern:11, Fancy Lantern
BiblioCraft:BiblioIronLantern:12, Fancy Lantern
BiblioCraft:BiblioIronLantern:13, Fancy Lantern
BiblioCraft:BiblioIronLantern:14, Fancy Lantern
BiblioCraft:BiblioIronLantern:15, Fancy Lantern
BiblioCraft:BiblioLamp:0, Fancy Lamp
BiblioCraft:BiblioLamp:1, Fancy Lamp
BiblioCraft:BiblioLamp:2, Fancy Lamp
BiblioCraft:BiblioLamp:3, Fancy Lamp
BiblioCraft:BiblioLamp:4, Fancy Lamp
BiblioCraft:BiblioLamp:5, Fancy Lamp
BiblioCraft:BiblioLamp:6, Fancy Lamp
BiblioCraft:BiblioLamp:7, Fancy Lamp
BiblioCraft:BiblioLamp:8, Fancy Lamp
BiblioCraft:BiblioLamp:9, Fancy Lamp
BiblioCraft:BiblioLamp:10, Fancy Lamp
BiblioCraft:BiblioLamp:11, Fancy Lamp
BiblioCraft:BiblioLamp:12, Fancy Lamp
BiblioCraft:BiblioLamp:13, Fancy Lamp
BiblioCraft:BiblioLamp:14, Fancy Lamp
BiblioCraft:BiblioLamp:15, Fancy Lamp
BiblioCraft:BiblioIronLamp:0, Fancy Lamp
BiblioCraft:BiblioIronLamp:1, Fancy Lamp
BiblioCraft:BiblioIronLamp:2, Fancy Lamp
BiblioCraft:BiblioIronLamp:3, Fancy Lamp
BiblioCraft:BiblioIronLamp:4, Fancy Lamp
BiblioCraft:BiblioIronLamp:5, Fancy Lamp
BiblioCraft:BiblioIronLamp:6, Fancy Lamp
BiblioCraft:BiblioIronLamp:7, Fancy Lamp
BiblioCraft:BiblioIronLamp:8, Fancy Lamp
BiblioCraft:BiblioIronLamp:9, Fancy Lamp
BiblioCraft:BiblioIronLamp:10, Fancy Lamp
BiblioCraft:BiblioIronLamp:11, Fancy Lamp
BiblioCraft:BiblioIronLamp:12, Fancy Lamp
BiblioCraft:BiblioIronLamp:13, Fancy Lamp
BiblioCraft:BiblioIronLamp:14, Fancy Lamp
BiblioCraft:BiblioIronLamp:15, Fancy Lamp
BiblioCraft:BiblioStuffs:0, Cookie Jar
BiblioCraft:BiblioStuffs:2, Dinner Plate
BiblioCraft:BiblioStuffs:3, Disc Rack
BiblioCraft:BiblioMapFrames:0, Oak Map Frame
BiblioCraft:BiblioMapFrames:1, Spruce Map Frame
BiblioCraft:BiblioMapFrames:2, Birch Map Frame
BiblioCraft:BiblioMapFrames:3, Jungle Map Frame
BiblioCraft:BiblioMapFrames:4, Acacia Map Frame
BiblioCraft:BiblioMapFrames:5, Dark Oak Map Frame
BiblioCraft:BiblioMapFrames:6, Framed Map Frame
BiblioCraft:BiblioSeats:0, Oak Seat
BiblioCraft:BiblioSeats:1, Spruce Seat
BiblioCraft:BiblioSeats:2, Birch Seat
BiblioCraft:BiblioSeats:3, Jungle Seat
BiblioCraft:BiblioSeats:4, Acacia Seat
BiblioCraft:BiblioSeats:5, Dark Oak Seat
BiblioCraft:BiblioSeats:6, Framed Seat
binarymod:binary_block, Binary block
binarymod:binary_stairs, Binary stairs
binarymod:binary_fence, Binary fence
binarymod:inversed_binary_block, Inversed binary block
binarymod:inversed_binary_stairs, Inversed binary stairs
binarymod:inversed_binary_fence, Inversed binary fence
binarymod:bugged_block, Bugged block
binarymod:inversed_bugged_block, Inversed bugged block
binarymod:binary_door, Binary door
binarymod:informatical_netherrack, Informatical netherrack
binarymod:informatical_endstone, Informatical endstone
binarymod:informatical_stone, Informatical stone
binarymod:informatical_binaryblock, Informatical binaryblock
binarymod:informatical_ore, Informatical ore
binarymod:code_ore, Source code
binarymod:binary_machine, Binary machine
binarymod:food_programmer, Food programmer
binarymod:upgraded_food_programmer, Upgraded food programmer
binarymod:regeneration_machine, Regeneration machine
binarymod:quartet_creator, Quartet Creator
binarymod:char_creator, Char Creator
binarymod:word_writter, Word Writter
binarymod:sourceCode_block, Code block
binarymod:informatical_block, Informatical block
binarymod:dungeon_block, Dungeon block
binarymod:dungeon_stairs, Dungeon stairs
binarymod:dungeon_teleporter, Dungeon teleporter
binarymod:dungeon_exit, Dungeon exit
binarymod:informatical_culture, Informatical culture
binarymod:melanged_binary_block, Melanged binary block
binarymod:binary_slab_1:0, Binary slab
binarymod:binary_slab_2:0, Binary slab
binarymod:inversed_binary_slab_1:0, Inversed binary slab
binarymod:inversed_binary_slab_2:0, Inversed binary slab
Railcraft:fluid.creosote, Creosote
Railcraft:fluid.steam, Steam
Railcraft:cube:0, Block of Coal Coke
Railcraft:cube:9, Block of Copper
Railcraft:cube:10, Block of Tin
Railcraft:cube:11, Block of Lead
Railcraft:cube:2, Block of Steel
Railcraft:cube:1, Block of Concrete
Railcraft:cube:8, Creosote Wood Block
Railcraft:cube:4, Crushed Obsidian
Railcraft:cube:6, Abyssal Stone
Railcraft:cube:7, Quarried Stone
Railcraft:anvil:0, Steel Anvil
Railcraft:anvil:1, Slightly Damaged Anvil
Railcraft:anvil:2, Very Damaged Anvil
Railcraft:machine.alpha:7, Coke Oven Brick
Railcraft:machine.alpha:12, Blast Furnace Brick
Railcraft:machine.alpha:3, Steam Oven
Railcraft:machine.alpha:14, Water Tank Siding
Railcraft:machine.alpha:8, Rolling Machine
Railcraft:machine.alpha:15, Rock Crusher
Railcraft:machine.alpha:11, Feed Station
Railcraft:machine.alpha:6, Trade Station
Railcraft:machine.alpha:2, Personal Anchor
Railcraft:machine.alpha:4, Admin Anchor
Railcraft:machine.alpha:1, Steam Turbine Housing
Railcraft:machine.alpha:5, Smoker
Railcraft:machine.alpha:9, Manual Steam Trap
Railcraft:machine.alpha:10, Automated Steam Trap
Railcraft:machine.beta:0, Iron Tank Wall
Railcraft:machine.beta:1, Iron Tank Gauge
Railcraft:machine.beta:2, Iron Tank Valve
Railcraft:machine.beta:13, Steel Tank Wall
Railcraft:machine.beta:14, Steel Tank Gauge
Railcraft:machine.beta:15, Steel Tank Valve
Railcraft:machine.beta:5, Solid Fueled Boiler Firebox
Railcraft:machine.beta:6, Liquid Fueled Boiler Firebox
Railcraft:machine.beta:3, Low Pressure Boiler Tank
Railcraft:machine.beta:4, High Pressure Boiler Tank
Railcraft:machine.beta:7, Hobbyist's Steam Engine
Railcraft:machine.beta:8, Commercial Steam Engine
Railcraft:machine.beta:9, Industrial Steam Engine
Railcraft:machine.beta:10, Anchor Sentinel
Railcraft:machine.beta:11, Void Chest
Railcraft:machine.beta:12, Metals Chest
Railcraft:track:4767, Switch Track
Railcraft:track:2144, Wye Track
Railcraft:track:0, Junction Track
Railcraft:track:0, Control Track
Railcraft:track:20176, Locking Track
Railcraft:track:23575, Disembarking Track
Railcraft:track:0, Embarking Track
Railcraft:track:0, Coupler Track
Railcraft:track:0, Whistle Track
Railcraft:track:30516, Locomotive Track
Railcraft:track:16093, Limiter Track
Railcraft:track:0, Routing Track
Railcraft:track:32363, Buffer Stop Track
Railcraft:track:30946, One-Way Track
Railcraft:track:0, Directional Detector Track
Railcraft:track:0, Gated One-Way Track
Railcraft:track:19746, Gated Track
Railcraft:track:0, Suspended Track
Railcraft:track:2264, Disposal Track
Railcraft:track:736, Wooden Track
Railcraft:track:0, Wooden Booster Track
Railcraft:track:0, Wooden Junction Track
Railcraft:track:19986, Wooden Switch Track
Railcraft:track:0, Wooden Wye Track
Railcraft:track:0, Reinforced Track
Railcraft:track:0, Reinforced Booster Track
Railcraft:track:764, Reinforced Junction Track
Railcraft:track:0, Reinforced Switch Track
Railcraft:track:0, Reinforced Wye Track
Railcraft:track:0, Electric Track
Railcraft:track:0, Electric Junction Track
Railcraft:track:10488, Electric Switch Track
Railcraft:track:0, Electric Wye Track
Railcraft:track:816, H.S. Track
Railcraft:track:0, H.S. Booster Track
Railcraft:track:26865, H.S. Transition Track
Railcraft:track:7916, H.S. Switch Track
Railcraft:track:0, H.S. Wye Track
Railcraft:track:8103, Priming Track
Railcraft:track:0, Launcher Track
Railcraft:track.elevator, Elevator Track
Railcraft:signal:4, Switch Lever
Railcraft:signal:2, Switch Motor
Railcraft:signal:5, Routing Switch Motor
Railcraft:signal:3, Block Signal
Railcraft:signal:11, Distant Signal
Railcraft:signal:1, Dual-Head Block Signal
Railcraft:signal:12, Dual-Head Distant Signal
Railcraft:signal:13, Signal Block Relay Box
Railcraft:signal:8, Signal Receiver Box
Railcraft:signal:9, Signal Controller Box
Railcraft:signal:10, Analog Signal Controller Box
Railcraft:signal:7, Signal Capacitor Box
Railcraft:signal:6, Signal Sequencer Box
Railcraft:signal:0, Signal Interlock Box
Railcraft:brick.abyssal:0, Abyssal Brick
Railcraft:brick.abyssal:1, Fitted Abyssal Stone
Railcraft:brick.abyssal:2, Abyssal Block
Railcraft:brick.abyssal:3, Ornate Abyssal Stone
Railcraft:brick.abyssal:4, Etched Abyssal Stone
Railcraft:brick.abyssal:5, Abyssal Cobblestone
Railcraft:brick.bleachedbone:0, Bleached Bone Brick
Railcraft:brick.bleachedbone:1, Fitted Bleached Bone Stone
Railcraft:brick.bleachedbone:2, Bleached Bone Block
Railcraft:brick.bleachedbone:3, Ornate Bleached Bone Stone
Railcraft:brick.bleachedbone:4, Etched Bleached Bone Stone
Railcraft:brick.bleachedbone:5, Bleached Bone Cobblestone
Railcraft:brick.bloodstained:0, Blood Stained Brick
Railcraft:brick.bloodstained:1, Fitted Blood Stained Stone
Railcraft:brick.bloodstained:2, Blood Stained Block
Railcraft:brick.bloodstained:3, Ornate Blood Stained Stone
Railcraft:brick.bloodstained:4, Etched Blood Stained Stone
Railcraft:brick.bloodstained:5, Blood Stained Cobblestone
Railcraft:brick.frostbound:0, Frost Bound Brick
Railcraft:brick.frostbound:1, Fitted Frost Bound Stone
Railcraft:brick.frostbound:2, Frost Bound Block
Railcraft:brick.frostbound:3, Ornate Frost Bound Stone
Railcraft:brick.frostbound:4, Etched Frost Bound Stone
Railcraft:brick.frostbound:5, Frost Bound Cobblestone
Railcraft:brick.infernal:0, Infernal Brick
Railcraft:brick.infernal:1, Fitted Infernal Stone
Railcraft:brick.infernal:2, Infernal Block
Railcraft:brick.infernal:3, Ornate Infernal Stone
Railcraft:brick.infernal:4, Etched Infernal Stone
Railcraft:brick.infernal:5, Infernal Cobblestone
Railcraft:brick.quarried:0, Quarried Brick
Railcraft:brick.quarried:1, Fitted Quarried Stone
Railcraft:brick.quarried:2, Quarried Block
Railcraft:brick.quarried:3, Ornate Quarried Stone
Railcraft:brick.quarried:4, Etched Quarried Stone
Railcraft:brick.quarried:5, Quarried Cobblestone
Railcraft:brick.sandy:0, Sandy Brick
Railcraft:brick.sandy:1, Fitted Sandy Stone
Railcraft:brick.sandy:2, Sandy Block
Railcraft:brick.sandy:3, Ornate Sandy Stone
Railcraft:brick.sandy:4, Etched Sandy Stone
Railcraft:brick.sandy:5, Sandy Cobblestone
Railcraft:brick.nether:0, Nether Brick
Railcraft:brick.nether:1, Fitted Nether Stone
Railcraft:brick.nether:2, Nether Block
Railcraft:brick.nether:3, Ornate Nether Stone
Railcraft:brick.nether:4, Etched Nether Stone
Railcraft:brick.nether:5, Nether Cobblestone
Railcraft:post:0, Wooden Post
Railcraft:post:1, Stone Post
Railcraft:post:2, Metal Post
Railcraft:post:4, Wooden Platform
Railcraft:post:5, Stone Platform
Railcraft:post:6, Metal Platform
Railcraft:post.metal:0, Black Metal Post
Railcraft:post.metal:1, Red Metal Post
Railcraft:post.metal:2, Green Metal Post
Railcraft:post.metal:3, Brown Metal Post
Railcraft:post.metal:4, Blue Metal Post
Railcraft:post.metal:5, Purple Metal Post
Railcraft:post.metal:6, Cyan Metal Post
Railcraft:post.metal:7, Light Gray Metal Post
Railcraft:post.metal:8, Gray Metal Post
Railcraft:post.metal:9, Pink Metal Post
Railcraft:post.metal:10, Lime Metal Post
Railcraft:post.metal:11, Yellow Metal Post
Railcraft:post.metal:12, Light Blue Metal Post
Railcraft:post.metal:13, Magenta Metal Post
Railcraft:post.metal:14, Orange Metal Post
Railcraft:post.metal:15, White Metal Post
Railcraft:post.metal.platform:0, Black Metal Platform
Railcraft:post.metal.platform:1, Red Metal Platform
Railcraft:post.metal.platform:2, Green Metal Platform
Railcraft:post.metal.platform:3, Brown Metal Platform
Railcraft:post.metal.platform:4, Blue Metal Platform
Railcraft:post.metal.platform:5, Purple Metal Platform
Railcraft:post.metal.platform:6, Cyan Metal Platform
Railcraft:post.metal.platform:7, Light Gray Metal Platform
Railcraft:post.metal.platform:8, Gray Metal Platform
Railcraft:post.metal.platform:9, Pink Metal Platform
Railcraft:post.metal.platform:10, Lime Metal Platform
Railcraft:post.metal.platform:11, Yellow Metal Platform
Railcraft:post.metal.platform:12, Light Blue Metal Platform
Railcraft:post.metal.platform:13, Magenta Metal Platform
Railcraft:post.metal.platform:14, Orange Metal Platform
Railcraft:post.metal.platform:15, White Metal Platform
Railcraft:glass:0, Strengthened Glass
Railcraft:glass:1, Strengthened Glass
Railcraft:glass:2, Strengthened Glass
Railcraft:glass:3, Strengthened Glass
Railcraft:glass:4, Strengthened Glass
Railcraft:glass:5, Strengthened Glass
Railcraft:glass:6, Strengthened Glass
Railcraft:glass:7, Strengthened Glass
Railcraft:glass:8, Strengthened Glass
Railcraft:glass:9, Strengthened Glass
Railcraft:glass:10, Strengthened Glass
Railcraft:glass:11, Strengthened Glass
Railcraft:glass:12, Strengthened Glass
Railcraft:glass:13, Strengthened Glass
Railcraft:glass:14, Strengthened Glass
Railcraft:glass:15, Strengthened Glass
Railcraft:detector:0, Detector - Item
Railcraft:detector:1, Detector - Any
Railcraft:detector:2, Detector - Empty
Railcraft:detector:3, Detector - Mob
Railcraft:detector:4, Detector - Powered
Railcraft:detector:5, Detector - Player
Railcraft:detector:6, Detector - Explosive
Railcraft:detector:7, Detector - Animal
Railcraft:detector:8, Detector - Tank
Railcraft:detector:9, Detector - Advanced
Railcraft:detector:11, Detector - Age
Railcraft:detector:12, Detector - Train
Railcraft:detector:13, Detector - Sheep
Railcraft:detector:14, Detector - Villager
Railcraft:detector:15, Detector - Locomotive
Railcraft:detector:16, Detector - Routing
Railcraft:machine.gamma:0, Item Loader
Railcraft:machine.gamma:1, Item Unloader
Railcraft:machine.gamma:2, Adv. Item Loader
Railcraft:machine.gamma:3, Adv. Item Unloader
Railcraft:machine.gamma:4, Fluid Loader
Railcraft:machine.gamma:5, Fluid Unloader
Railcraft:machine.gamma:10, Redstone Flux Loader
Railcraft:machine.gamma:11, Redstone Flux Unloader
Railcraft:machine.gamma:8, Cart Dispenser
Railcraft:machine.gamma:9, Train Dispenser
Railcraft:machine.epsilon:0, Electric Feeder Unit
Railcraft:machine.epsilon:1, Admin Feeder Unit
Railcraft:machine.epsilon:4, Flux Transformer
Railcraft:machine.epsilon:3, Force Track Emitter
Railcraft:machine.epsilon:2, Admin Steam Producer
Railcraft:machine.epsilon:5, Engraving Bench
Railcraft:ore:0, Sulfur Ore
Railcraft:ore:1, Saltpeter Ore
Railcraft:ore:2, Dark Diamond Ore
Railcraft:ore:3, Dark Emerald Ore
Railcraft:ore:4, Dark Lapis Lazuli Ore
Railcraft:ore:5, Firestone Ore
Railcraft:ore:7, Poor Iron Ore
Railcraft:ore:8, Poor Gold Ore
Railcraft:ore:9, Poor Copper Ore
Railcraft:ore:10, Poor Tin Ore
Railcraft:ore:11, Poor Lead Ore
Railcraft:worldlogic, Saltpeter Ore Spawner
Railcraft:firestone.recharge, Recharging Firestone
Railcraft:frame, Wire Support Frame
Railcraft:machine.delta:0, Electric Shunting Wire
chisel:aluminumblock:0, Block of Aluminum
chisel:aluminumblock:1, Block of Aluminum
chisel:aluminumblock:2, Block of Aluminum
chisel:aluminumblock:3, Block of Aluminum
chisel:aluminumblock:4, Block of Aluminum
chisel:aluminumblock:5, Block of Aluminum
chisel:aluminum_stairs.0:0, tile.chisel.aluminum_stairs.0.name
chisel:aluminum_stairs.0:8, tile.chisel.aluminum_stairs.0.name
chisel:aluminum_stairs.1:0, tile.chisel.aluminum_stairs.1.name
chisel:aluminum_stairs.1:8, tile.chisel.aluminum_stairs.1.name
chisel:aluminum_stairs.2:0, tile.chisel.aluminum_stairs.2.name
chisel:aluminum_stairs.2:8, tile.chisel.aluminum_stairs.2.name
chisel:aluminum_stairs.3:0, tile.chisel.aluminum_stairs.3.name
chisel:aluminum_stairs.3:8, tile.chisel.aluminum_stairs.3.name
chisel:aluminum_stairs.4:0, tile.chisel.aluminum_stairs.4.name
chisel:aluminum_stairs.4:8, tile.chisel.aluminum_stairs.4.name
chisel:aluminum_stairs.5:0, tile.chisel.aluminum_stairs.5.name
chisel:aluminum_stairs.5:8, tile.chisel.aluminum_stairs.5.name
chisel:aluminum_stairs.6:0, tile.chisel.aluminum_stairs.6.name
chisel:aluminum_stairs.6:8, tile.chisel.aluminum_stairs.6.name
chisel:aluminum_stairs.7:0, tile.chisel.aluminum_stairs.7.name
chisel:aluminum_stairs.7:8, tile.chisel.aluminum_stairs.7.name
chisel:andesite:0, Andesite
chisel:andesite:1, Andesite
chisel:andesite:2, Andesite
chisel:andesite:3, Andesite
chisel:andesite:4, Andesite
chisel:andesite:5, Andesite
chisel:andesite:6, Andesite
chisel:antiBlock:0, Anti Block
chisel:antiBlock:1, Anti Block
chisel:antiBlock:2, Anti Block
chisel:antiBlock:3, Anti Block
chisel:antiBlock:4, Anti Block
chisel:antiBlock:5, Anti Block
chisel:antiBlock:6, Anti Block
chisel:antiBlock:7, Anti Block
chisel:antiBlock:8, Anti Block
chisel:antiBlock:9, Anti Block
chisel:antiBlock:10, Anti Block
chisel:antiBlock:11, Anti Block
chisel:antiBlock:12, Anti Block
chisel:antiBlock:13, Anti Block
chisel:antiBlock:14, Anti Block
chisel:antiBlock:15, Anti Block
chisel:autoChisel, Auto Chisel
chisel:beacon:0, Beacon
chisel:beacon:1, Beacon
chisel:beacon:2, Beacon
chisel:beacon:3, Beacon
chisel:beacon:4, Beacon
chisel:beacon:5, Beacon
chisel:beacon:6, Beacon
chisel:beacon:7, Beacon
chisel:beacon:8, Beacon
chisel:beacon:9, Beacon
chisel:beacon:10, Beacon
chisel:beacon:11, Beacon
chisel:beacon:12, Beacon
chisel:beacon:13, Beacon
chisel:beacon:14, Beacon
chisel:beacon:15, Beacon
chisel:bookshelf:1, Bookshelf
chisel:bookshelf:2, Bookshelf
chisel:bookshelf:3, Bookshelf
chisel:bookshelf:4, Bookshelf
chisel:bookshelf:5, Bookshelf
chisel:bookshelf:6, Bookshelf
chisel:bookshelf:7, Bookshelf
chisel:bookshelf:8, Bookshelf
chisel:brickCustom:1, Brick Block
chisel:brickCustom:2, Brick Block
chisel:brickCustom:3, Brick Block
chisel:brickCustom:5, Brick Block
chisel:brickCustom:6, Brick Block
chisel:bronzeblock:0, Block of Bronze
chisel:bronzeblock:1, Block of Bronze
chisel:bronzeblock:2, Block of Bronze
chisel:bronzeblock:3, Block of Bronze
chisel:bronzeblock:4, Block of Bronze
chisel:bronzeblock:5, Block of Bronze
chisel:carpet_block:0, Carpet
chisel:carpet_block:1, Carpet
chisel:carpet_block:2, Carpet
chisel:carpet_block:3, Carpet
chisel:carpet_block:4, Carpet
chisel:carpet_block:5, Carpet
chisel:carpet_block:6, Carpet
chisel:carpet_block:7, Carpet
chisel:carpet_block:8, Carpet
chisel:carpet_block:9, Carpet
chisel:carpet_block:10, Carpet
chisel:carpet_block:11, Carpet
chisel:carpet_block:12, Carpet
chisel:carpet_block:13, Carpet
chisel:carpet_block:14, Carpet
chisel:carpet_block:15, Carpet
chisel:carpet:0, Floor Carpet
chisel:carpet:1, Floor Carpet
chisel:carpet:2, Floor Carpet
chisel:carpet:3, Floor Carpet
chisel:carpet:4, Floor Carpet
chisel:carpet:5, Floor Carpet
chisel:carpet:6, Floor Carpet
chisel:carpet:7, Floor Carpet
chisel:carpet:8, Floor Carpet
chisel:carpet:9, Floor Carpet
chisel:carpet:10, Floor Carpet
chisel:carpet:11, Floor Carpet
chisel:carpet:12, Floor Carpet
chisel:carpet:13, Floor Carpet
chisel:carpet:14, Floor Carpet
chisel:carpet:15, Floor Carpet
chisel:cloud:0, Cloud
chisel:cloud:1, Cloud
chisel:cloud:2, Cloud
chisel:cloud:3, Cloud
chisel:cloud:4, Cloud
chisel:cobblestone:1, Cobblestone
chisel:cobblestone:2, Cobblestone
chisel:cobblestone:3, Cobblestone
chisel:cobblestone:4, Cobblestone
chisel:cobblestone:5, Cobblestone
chisel:cobblestone:6, Cobblestone
chisel:cobblestone:7, Cobblestone
chisel:cobblestone:8, Cobblestone
chisel:cobblestone:9, Cobblestone
chisel:cobblestone:10, Cobblestone
chisel:cobblestone:11, Cobblestone
chisel:cobblestone:12, Cobblestone
chisel:cobblestone:13, Cobblestone
chisel:cobblestone:14, Cobblestone
chisel:cobblestone:15, Cobblestone
chisel:mossy_cobblestone:1, Mossy Cobblestone
chisel:mossy_cobblestone:2, Mossy Cobblestone
chisel:mossy_cobblestone:3, Mossy Cobblestone
chisel:mossy_cobblestone:4, Mossy Cobblestone
chisel:mossy_cobblestone:5, Mossy Cobblestone
chisel:mossy_cobblestone:6, Mossy Cobblestone
chisel:mossy_cobblestone:7, Mossy Cobblestone
chisel:mossy_cobblestone:8, Mossy Cobblestone
chisel:mossy_cobblestone:9, Mossy Cobblestone
chisel:mossy_cobblestone:10, Mossy Cobblestone
chisel:mossy_cobblestone:11, Mossy Cobblestone
chisel:mossy_cobblestone:12, Mossy Cobblestone
chisel:mossy_cobblestone:13, Mossy Cobblestone
chisel:mossy_cobblestone:14, Mossy Cobblestone
chisel:mossy_cobblestone:15, Mossy Cobblestone
chisel:concrete:0, Concrete
chisel:concrete:1, Concrete
chisel:concrete:2, Concrete
chisel:concrete:3, Concrete
chisel:concrete:4, Concrete
chisel:concrete:5, Concrete
chisel:concrete:6, Concrete
chisel:concrete:7, Concrete
chisel:concrete:8, Concrete
chisel:concrete:9, Concrete
chisel:concrete:10, Concrete
chisel:copperblock:0, Block of Copper
chisel:copperblock:1, Block of Copper
chisel:copperblock:2, Block of Copper
chisel:copperblock:3, Block of Copper
chisel:copperblock:4, Block of Copper
chisel:copperblock:5, Block of Copper
chisel:diamond_block:1, Diamond Block
chisel:diamond_block:2, Diamond Block
chisel:diamond_block:3, Diamond Block
chisel:diamond_block:4, Diamond Block
chisel:diamond_block:5, Diamond Block
chisel:diamond_block:6, Diamond Block
chisel:diamond_block:7, Diamond Block
chisel:diamond_block:8, Diamond Block
chisel:diamond_block:9, Diamond Block
chisel:diamond_block:10, Diamond Block
chisel:diamond_block:11, Diamond Block
chisel:diamond_block:12, Diamond Block
chisel:diorite:0, Diorite
chisel:diorite:1, Diorite
chisel:diorite:2, Diorite
chisel:diorite:3, Diorite
chisel:diorite:4, Diorite
chisel:diorite:5, Diorite
chisel:diorite:6, Diorite
chisel:dirt:0, Dirt
chisel:dirt:1, Dirt
chisel:dirt:2, Dirt
chisel:dirt:3, Dirt
chisel:dirt:4, Dirt
chisel:dirt:5, Dirt
chisel:dirt:6, Dirt
chisel:dirt:7, Dirt
chisel:dirt:8, Dirt
chisel:dirt:9, Dirt
chisel:dirt:10, Dirt
chisel:dirt:11, Dirt
chisel:dirt:12, Dirt
chisel:dirt:13, Dirt
chisel:dirt:14, Dirt
chisel:dirt:15, Dirt
chisel:emerald_block:1, Emerald Block
chisel:emerald_block:2, Emerald Block
chisel:emerald_block:3, Emerald Block
chisel:emerald_block:4, Emerald Block
chisel:emerald_block:5, Emerald Block
chisel:emerald_block:6, Emerald Block
chisel:emerald_block:7, Emerald Block
chisel:emerald_block:8, Emerald Block
chisel:emerald_block:9, Emerald Block
chisel:emerald_block:10, Emerald Block
chisel:emerald_block:11, Emerald Block
chisel:end_Stone:0, End Stone
chisel:end_Stone:1, End Stone
chisel:end_Stone:2, End Stone
chisel:end_Stone:3, End Stone
chisel:end_Stone:4, End Stone
chisel:end_Stone:5, End Stone
chisel:end_Stone:6, End Stone
chisel:end_Stone:7, End Stone
chisel:end_Stone:8, End Stone
chisel:end_Stone:9, End Stone
chisel:end_Stone:10, End Stone
chisel:end_Stone:11, End Stone
chisel:end_Stone:12, End Stone
chisel:end_Stone:13, End Stone
chisel:factoryblock:0, Factory Block
chisel:factoryblock:1, Factory Block
chisel:factoryblock:2, Factory Block
chisel:factoryblock:3, Factory Block
chisel:factoryblock:4, Factory Block
chisel:factoryblock:5, Factory Block
chisel:factoryblock:6, Factory Block
chisel:factoryblock:7, Factory Block
chisel:factoryblock:8, Factory Block
chisel:factoryblock:9, Factory Block
chisel:factoryblock:10, Factory Block
chisel:factoryblock:11, Factory Block
chisel:factoryblock:12, Factory Block
chisel:factoryblock:13, Factory Block
chisel:factoryblock:14, Factory Block
chisel:factoryblock:15, Factory Block
chisel:factoryblock2:0, Factory Block
chisel:factoryblock2:1, Factory Block
chisel:factoryblock2:2, Factory Block
chisel:factoryblock2:3, Factory Block
chisel:fantasyblock:0, Purpled Fantasy Block
chisel:fantasyblock:1, Purpled Fantasy Block
chisel:fantasyblock:2, Purpled Fantasy Block
chisel:fantasyblock:3, Purpled Fantasy Block
chisel:fantasyblock:4, Purpled Fantasy Block
chisel:fantasyblock:5, Purpled Fantasy Block
chisel:fantasyblock:6, Purpled Fantasy Block
chisel:fantasyblock:7, Purpled Fantasy Block
chisel:fantasyblock:8, Purpled Fantasy Block
chisel:fantasyblock:9, Purpled Fantasy Block
chisel:fantasyblock:10, Purpled Fantasy Block
chisel:fantasyblock:11, Purpled Fantasy Block
chisel:fantasyblock:12, Purpled Fantasy Block
chisel:fantasyblock:13, Purpled Fantasy Block
chisel:fantasyblock:14, Purpled Fantasy Block
chisel:fantasyblock:15, Purpled Fantasy Block
chisel:fantasyblock2:0, Fantasy Block
chisel:fantasyblock2:1, Fantasy Block
chisel:fantasyblock2:2, Fantasy Block
chisel:fantasyblock2:3, Fantasy Block
chisel:fantasyblock2:4, Fantasy Block
chisel:fantasyblock2:5, Fantasy Block
chisel:fantasyblock2:6, Fantasy Block
chisel:fantasyblock2:7, Fantasy Block
chisel:fantasyblock2:8, Fantasy Block
chisel:fantasyblock2:9, Fantasy Block
chisel:fantasyblock2:10, Fantasy Block
chisel:fantasyblock2:11, Fantasy Block
chisel:fantasyblock2:12, Fantasy Block
chisel:fantasyblock2:13, Fantasy Block
chisel:fantasyblock2:14, Fantasy Block
chisel:fantasyblock2:15, Fantasy Block
chisel:futura:0, Futura Block
chisel:futura:1, Futura Block
chisel:futura:2, Futura Block
chisel:futura:3, Futura Block
chisel:futura:4, Futura Block
chisel:futura:5, Futura Block
chisel:futuraCircuit:0, Futura Circuit
chisel:futuraCircuit:1, Futura Circuit
chisel:futuraCircuit:2, Futura Circuit
chisel:futuraCircuit:3, Futura Circuit
chisel:futuraCircuit:4, Futura Circuit
chisel:futuraCircuit:5, Futura Circuit
chisel:futuraCircuit:6, Futura Circuit
chisel:futuraCircuit:7, Futura Circuit
chisel:futuraCircuit:8, Futura Circuit
chisel:futuraCircuit:9, Futura Circuit
chisel:futuraCircuit:10, Futura Circuit
chisel:futuraCircuit:11, Futura Circuit
chisel:futuraCircuit:12, Futura Circuit
chisel:futuraCircuit:13, Futura Circuit
chisel:futuraCircuit:14, Futura Circuit
chisel:futuraCircuit:15, Futura Circuit
chisel:glass:1, Glass
chisel:glass:2, Glass
chisel:glass:3, Glass
chisel:glass:4, Glass
chisel:glass:5, Glass
chisel:glass:6, Glass
chisel:glass:7, Glass
chisel:glass:8, Glass
chisel:glass:9, Glass
chisel:glass:10, Glass
chisel:glass:11, Glass
chisel:glass:12, Glass
chisel:glass:13, Glass
chisel:glass:14, Glass
chisel:glass:15, Glass
chisel:glass2:0, Glass
chisel:glass_pane:1, Glass Pane
chisel:glass_pane:2, Glass Pane
chisel:glass_pane:3, Glass Pane
chisel:glass_pane:4, Glass Pane
chisel:glass_pane:12, Glass Pane
chisel:glass_pane:13, Glass Pane
chisel:glass_pane:14, Glass Pane
chisel:glass_pane:15, Glass Pane
chisel:stained_glass_forestry:0, Stained Glass
chisel:stained_glass_forestry:1, Stained Glass
chisel:stained_glass_forestry:2, Stained Glass
chisel:stained_glass_forestry:3, Stained Glass
chisel:stained_glass_forestry:4, Stained Glass
chisel:stained_glass_forestry:5, Stained Glass
chisel:stained_glass_forestry:6, Stained Glass
chisel:stained_glass_forestry:7, Stained Glass
chisel:stained_glass_forestry:8, Stained Glass
chisel:stained_glass_forestry:9, Stained Glass
chisel:stained_glass_forestry:10, Stained Glass
chisel:stained_glass_forestry:11, Stained Glass
chisel:stained_glass_forestry:12, Stained Glass
chisel:stained_glass_forestry:13, Stained Glass
chisel:stained_glass_forestry:14, Stained Glass
chisel:stained_glass_forestry:15, Stained Glass
chisel:stained_glass_white:0, Stained Glass
chisel:stained_glass_white:1, Stained Glass
chisel:stained_glass_white:2, Stained Glass
chisel:stained_glass_white:3, Stained Glass
chisel:stained_glass_white:4, Stained Glass
chisel:stained_glass_white:5, Stained Glass
chisel:stained_glass_white:6, Stained Glass
chisel:stained_glass_white:7, Stained Glass
chisel:stained_glass_white:8, Stained Glass
chisel:stained_glass_white:9, Stained Glass
chisel:stained_glass_white:10, Stained Glass
chisel:stained_glass_white:11, Stained Glass
chisel:stained_glass_white:12, Stained Glass
chisel:stained_glass_white:13, Stained Glass
chisel:stained_glass_white:14, Stained Glass
chisel:stained_glass_white:15, Stained Glass
chisel:stained_glass_yellow:0, Stained Glass
chisel:stained_glass_yellow:1, Stained Glass
chisel:stained_glass_yellow:2, Stained Glass
chisel:stained_glass_yellow:3, Stained Glass
chisel:stained_glass_yellow:4, Stained Glass
chisel:stained_glass_yellow:5, Stained Glass
chisel:stained_glass_yellow:6, Stained Glass
chisel:stained_glass_yellow:7, Stained Glass
chisel:stained_glass_yellow:8, Stained Glass
chisel:stained_glass_yellow:9, Stained Glass
chisel:stained_glass_yellow:10, Stained Glass
chisel:stained_glass_yellow:11, Stained Glass
chisel:stained_glass_yellow:12, Stained Glass
chisel:stained_glass_yellow:13, Stained Glass
chisel:stained_glass_yellow:14, Stained Glass
chisel:stained_glass_yellow:15, Stained Glass
chisel:stained_glass_lightgray:0, Stained Glass
chisel:stained_glass_lightgray:1, Stained Glass
chisel:stained_glass_lightgray:2, Stained Glass
chisel:stained_glass_lightgray:3, Stained Glass
chisel:stained_glass_lightgray:4, Stained Glass
chisel:stained_glass_lightgray:5, Stained Glass
chisel:stained_glass_lightgray:6, Stained Glass
chisel:stained_glass_lightgray:7, Stained Glass
chisel:stained_glass_lightgray:8, Stained Glass
chisel:stained_glass_lightgray:9, Stained Glass
chisel:stained_glass_lightgray:10, Stained Glass
chisel:stained_glass_lightgray:11, Stained Glass
chisel:stained_glass_lightgray:12, Stained Glass
chisel:stained_glass_lightgray:13, Stained Glass
chisel:stained_glass_lightgray:14, Stained Glass
chisel:stained_glass_lightgray:15, Stained Glass
chisel:stained_glass_brown:0, Stained Glass
chisel:stained_glass_brown:1, Stained Glass
chisel:stained_glass_brown:2, Stained Glass
chisel:stained_glass_brown:3, Stained Glass
chisel:stained_glass_brown:4, Stained Glass
chisel:stained_glass_brown:5, Stained Glass
chisel:stained_glass_brown:6, Stained Glass
chisel:stained_glass_brown:7, Stained Glass
chisel:stained_glass_brown:8, Stained Glass
chisel:stained_glass_brown:9, Stained Glass
chisel:stained_glass_brown:10, Stained Glass
chisel:stained_glass_brown:11, Stained Glass
chisel:stained_glass_brown:12, Stained Glass
chisel:stained_glass_brown:13, Stained Glass
chisel:stained_glass_brown:14, Stained Glass
chisel:stained_glass_brown:15, Stained Glass
chisel:stained_glass_pane_white:0, Stained Glass Pane
chisel:stained_glass_pane_white:1, Stained Glass Pane
chisel:stained_glass_pane_white:2, Stained Glass Pane
chisel:stained_glass_pane_white:3, Stained Glass Pane
chisel:stained_glass_pane_white:4, Stained Glass Pane
chisel:stained_glass_pane_white:5, Stained Glass Pane
chisel:stained_glass_pane_white:8, Stained Glass Pane
chisel:stained_glass_pane_white:9, Stained Glass Pane
chisel:stained_glass_pane_white:10, Stained Glass Pane
chisel:stained_glass_pane_white:11, Stained Glass Pane
chisel:stained_glass_pane_white:12, Stained Glass Pane
chisel:stained_glass_pane_white:13, Stained Glass Pane
chisel:stained_glass_pane_magenta:0, Stained Glass Pane
chisel:stained_glass_pane_magenta:1, Stained Glass Pane
chisel:stained_glass_pane_magenta:2, Stained Glass Pane
chisel:stained_glass_pane_magenta:3, Stained Glass Pane
chisel:stained_glass_pane_magenta:4, Stained Glass Pane
chisel:stained_glass_pane_magenta:5, Stained Glass Pane
chisel:stained_glass_pane_magenta:8, Stained Glass Pane
chisel:stained_glass_pane_magenta:9, Stained Glass Pane
chisel:stained_glass_pane_magenta:10, Stained Glass Pane
chisel:stained_glass_pane_magenta:11, Stained Glass Pane
chisel:stained_glass_pane_magenta:12, Stained Glass Pane
chisel:stained_glass_pane_magenta:13, Stained Glass Pane
chisel:stained_glass_pane_yellow:0, Stained Glass Pane
chisel:stained_glass_pane_yellow:1, Stained Glass Pane
chisel:stained_glass_pane_yellow:2, Stained Glass Pane
chisel:stained_glass_pane_yellow:3, Stained Glass Pane
chisel:stained_glass_pane_yellow:4, Stained Glass Pane
chisel:stained_glass_pane_yellow:5, Stained Glass Pane
chisel:stained_glass_pane_yellow:8, Stained Glass Pane
chisel:stained_glass_pane_yellow:9, Stained Glass Pane
chisel:stained_glass_pane_yellow:10, Stained Glass Pane
chisel:stained_glass_pane_yellow:11, Stained Glass Pane
chisel:stained_glass_pane_yellow:12, Stained Glass Pane
chisel:stained_glass_pane_yellow:13, Stained Glass Pane
chisel:stained_glass_pane_pink:0, Stained Glass Pane
chisel:stained_glass_pane_pink:1, Stained Glass Pane
chisel:stained_glass_pane_pink:2, Stained Glass Pane
chisel:stained_glass_pane_pink:3, Stained Glass Pane
chisel:stained_glass_pane_pink:4, Stained Glass Pane
chisel:stained_glass_pane_pink:5, Stained Glass Pane
chisel:stained_glass_pane_pink:8, Stained Glass Pane
chisel:stained_glass_pane_pink:9, Stained Glass Pane
chisel:stained_glass_pane_pink:10, Stained Glass Pane
chisel:stained_glass_pane_pink:11, Stained Glass Pane
chisel:stained_glass_pane_pink:12, Stained Glass Pane
chisel:stained_glass_pane_pink:13, Stained Glass Pane
chisel:stained_glass_pane_lightgray:0, Stained Glass Pane
chisel:stained_glass_pane_lightgray:1, Stained Glass Pane
chisel:stained_glass_pane_lightgray:2, Stained Glass Pane
chisel:stained_glass_pane_lightgray:3, Stained Glass Pane
chisel:stained_glass_pane_lightgray:4, Stained Glass Pane
chisel:stained_glass_pane_lightgray:5, Stained Glass Pane
chisel:stained_glass_pane_lightgray:8, Stained Glass Pane
chisel:stained_glass_pane_lightgray:9, Stained Glass Pane
chisel:stained_glass_pane_lightgray:10, Stained Glass Pane
chisel:stained_glass_pane_lightgray:11, Stained Glass Pane
chisel:stained_glass_pane_lightgray:12, Stained Glass Pane
chisel:stained_glass_pane_lightgray:13, Stained Glass Pane
chisel:stained_glass_pane_purple:0, Stained Glass Pane
chisel:stained_glass_pane_purple:1, Stained Glass Pane
chisel:stained_glass_pane_purple:2, Stained Glass Pane
chisel:stained_glass_pane_purple:3, Stained Glass Pane
chisel:stained_glass_pane_purple:4, Stained Glass Pane
chisel:stained_glass_pane_purple:5, Stained Glass Pane
chisel:stained_glass_pane_purple:8, Stained Glass Pane
chisel:stained_glass_pane_purple:9, Stained Glass Pane
chisel:stained_glass_pane_purple:10, Stained Glass Pane
chisel:stained_glass_pane_purple:11, Stained Glass Pane
chisel:stained_glass_pane_purple:12, Stained Glass Pane
chisel:stained_glass_pane_purple:13, Stained Glass Pane
chisel:stained_glass_pane_brown:0, Stained Glass Pane
chisel:stained_glass_pane_brown:1, Stained Glass Pane
chisel:stained_glass_pane_brown:2, Stained Glass Pane
chisel:stained_glass_pane_brown:3, Stained Glass Pane
chisel:stained_glass_pane_brown:4, Stained Glass Pane
chisel:stained_glass_pane_brown:5, Stained Glass Pane
chisel:stained_glass_pane_brown:8, Stained Glass Pane
chisel:stained_glass_pane_brown:9, Stained Glass Pane
chisel:stained_glass_pane_brown:10, Stained Glass Pane
chisel:stained_glass_pane_brown:11, Stained Glass Pane
chisel:stained_glass_pane_brown:12, Stained Glass Pane
chisel:stained_glass_pane_brown:13, Stained Glass Pane
chisel:stained_glass_pane_red:0, Stained Glass Pane
chisel:stained_glass_pane_red:1, Stained Glass Pane
chisel:stained_glass_pane_red:2, Stained Glass Pane
chisel:stained_glass_pane_red:3, Stained Glass Pane
chisel:stained_glass_pane_red:4, Stained Glass Pane
chisel:stained_glass_pane_red:5, Stained Glass Pane
chisel:stained_glass_pane_red:8, Stained Glass Pane
chisel:stained_glass_pane_red:9, Stained Glass Pane
chisel:stained_glass_pane_red:10, Stained Glass Pane
chisel:stained_glass_pane_red:11, Stained Glass Pane
chisel:stained_glass_pane_red:12, Stained Glass Pane
chisel:stained_glass_pane_red:13, Stained Glass Pane
chisel:glowstone:1, Glowstone
chisel:glowstone:2, Glowstone
chisel:glowstone:3, Glowstone
chisel:glowstone:4, Glowstone
chisel:glowstone:5, Glowstone
chisel:glowstone:6, Glowstone
chisel:glowstone:7, Glowstone
chisel:glowstone:8, Glowstone
chisel:glowstone:9, Glowstone
chisel:glowstone:10, Glowstone
chisel:glowstone:11, Glowstone
chisel:glowstone:12, Glowstone
chisel:glowstone:13, Glowstone
chisel:glowstone:14, Glowstone
chisel:glowstone:15, Glowstone
chisel:gold2:0, Block of Gold
chisel:gold2:1, Block of Gold
chisel:gold2:2, Block of Gold
chisel:gold2:3, Block of Gold
chisel:gold2:4, Block of Gold
chisel:gold2:5, Block of Gold
chisel:gold_block:1, Gold Block
chisel:gold_block:2, Gold Block
chisel:gold_block:3, Gold Block
chisel:gold_block:4, Gold Block
chisel:gold_block:5, Gold Block
chisel:gold_block:6, Gold Block
chisel:gold_block:7, Gold Block
chisel:gold_block:8, Gold Block
chisel:gold_block:9, Gold Block
chisel:gold_block:10, Gold Block
chisel:gold_block:11, Gold Block
chisel:gold_block:12, Gold Block
chisel:gold_block:13, Gold Block
chisel:gold_block:14, Gold Block
chisel:granite:0, Granite
chisel:granite:1, Granite
chisel:granite:2, Granite
chisel:granite:3, Granite
chisel:granite:4, Granite
chisel:granite:5, Granite
chisel:granite:6, Granite
chisel:grimstone:0, Grimstone
chisel:grimstone:1, Grimstone
chisel:grimstone:2, Grimstone
chisel:grimstone:3, Grimstone
chisel:grimstone:4, Grimstone
chisel:grimstone:5, Grimstone
chisel:grimstone:6, Grimstone
chisel:grimstone:7, Grimstone
chisel:grimstone:8, Grimstone
chisel:grimstone:9, Grimstone
chisel:grimstone:10, Grimstone
chisel:grimstone:11, Grimstone
chisel:grimstone:12, Grimstone
chisel:grimstone:13, Grimstone
chisel:grimstone:14, Grimstone
chisel:hexPlating:0, Hex Plating
chisel:hexPlating:1, Hex Plating
chisel:hexPlating:2, Hex Plating
chisel:hexPlating:3, Hex Plating
chisel:hexPlating:4, Hex Plating
chisel:hexPlating:5, Hex Plating
chisel:hexPlating:6, Hex Plating
chisel:hexPlating:7, Hex Plating
chisel:hexPlating:8, Hex Plating
chisel:hexPlating:9, Hex Plating
chisel:hexPlating:10, Hex Plating
chisel:hexPlating:11, Hex Plating
chisel:hexPlating:12, Hex Plating
chisel:hexPlating:13, Hex Plating
chisel:hexPlating:14, Hex Plating
chisel:hexPlating:15, Hex Plating
chisel:hexLargePlating:0, Large Hex Plating
chisel:hexLargePlating:1, Large Hex Plating
chisel:hexLargePlating:2, Large Hex Plating
chisel:hexLargePlating:3, Large Hex Plating
chisel:hexLargePlating:4, Large Hex Plating
chisel:hexLargePlating:5, Large Hex Plating
chisel:hexLargePlating:6, Large Hex Plating
chisel:hexLargePlating:7, Large Hex Plating
chisel:hexLargePlating:8, Large Hex Plating
chisel:hexLargePlating:9, Large Hex Plating
chisel:hexLargePlating:10, Large Hex Plating
chisel:hexLargePlating:11, Large Hex Plating
chisel:hexLargePlating:12, Large Hex Plating
chisel:hexLargePlating:13, Large Hex Plating
chisel:hexLargePlating:14, Large Hex Plating
chisel:hexLargePlating:15, Large Hex Plating
chisel:holystone:0, Holystone
chisel:holystone:1, Holystone
chisel:holystone:2, Holystone
chisel:holystone:3, Holystone
chisel:holystone:4, Holystone
chisel:holystone:5, Holystone
chisel:holystone:6, Holystone
chisel:holystone:7, Holystone
chisel:holystone:8, Holystone
chisel:holystone:9, Holystone
chisel:holystone:10, Holystone
chisel:holystone:11, Holystone
chisel:holystone:12, Holystone
chisel:holystone:13, Holystone
chisel:ice:1, Ice
chisel:ice:2, Ice
chisel:ice:3, Ice
chisel:ice:4, Ice
chisel:ice:5, Ice
chisel:ice:6, Ice
chisel:ice:7, Ice
chisel:ice:8, Ice
chisel:ice:9, Ice
chisel:ice:10, Ice
chisel:ice:11, Ice
chisel:ice:12, Ice
chisel:ice:13, Ice
chisel:ice:14, Ice
chisel:ice:15, Ice
chisel:ice_pillar:0, Ice Pillar
chisel:ice_pillar:1, Ice Pillar
chisel:ice_pillar:2, Ice Pillar
chisel:ice_pillar:3, Ice Pillar
chisel:ice_pillar:4, Ice Pillar
chisel:ice_pillar:5, Ice Pillar
chisel:ice_pillar:6, Ice Pillar
chisel:ice_stairs.0:0, Ice Stairs
chisel:ice_stairs.0:8, Ice Stairs
chisel:ice_stairs.1:0, Ice Stairs
chisel:ice_stairs.1:8, Ice Stairs
chisel:ice_stairs.2:0, Ice Stairs
chisel:ice_stairs.2:8, Ice Stairs
chisel:ice_stairs.3:0, Ice Stairs
chisel:ice_stairs.3:8, Ice Stairs
chisel:ice_stairs.4:0, Ice Stairs
chisel:ice_stairs.4:8, Ice Stairs
chisel:ice_stairs.5:0, Ice Stairs
chisel:ice_stairs.5:8, Ice Stairs
chisel:ice_stairs.6:0, Ice Stairs
chisel:ice_stairs.6:8, Ice Stairs
chisel:ice_stairs.7:0, Ice Stairs
chisel:ice_stairs.7:8, Ice Stairs
chisel:iron_bars:1, Iron Bars
chisel:iron_bars:2, Iron Bars
chisel:iron_bars:3, Iron Bars
chisel:iron_bars:4, Iron Bars
chisel:iron_bars:5, Iron Bars
chisel:iron_bars:6, Iron Bars
chisel:iron_bars:7, Iron Bars
chisel:iron_bars:8, Iron Bars
chisel:iron_bars:9, Iron Bars
chisel:iron2:0, Block of Iron
chisel:iron2:1, Block of Iron
chisel:iron2:2, Block of Iron
chisel:iron2:3, Block of Iron
chisel:iron2:4, Block of Iron
chisel:iron2:5, Block of Iron
chisel:iron_block:1, Iron Block
chisel:iron_block:2, Iron Block
chisel:iron_block:3, Iron Block
chisel:iron_block:4, Iron Block
chisel:iron_block:5, Iron Block
chisel:iron_block:6, Iron Block
chisel:iron_block:7, Iron Block
chisel:iron_block:8, Iron Block
chisel:iron_block:9, Iron Block
chisel:iron_block:10, Iron Block
chisel:iron_block:11, Iron Block
chisel:iron_block:12, Iron Block
chisel:iron_block:13, Iron Block
chisel:iron_block:14, Iron Block
chisel:iron_block:15, Iron Block
chisel:jackolantern1:0, Jack o'Lantern
chisel:jackolantern2:0, Jack o'Lantern
chisel:jackolantern3:0, Jack o'Lantern
chisel:jackolantern4:0, Jack o'Lantern
chisel:jackolantern5:0, Jack o'Lantern
chisel:jackolantern6:0, Jack o'Lantern
chisel:jackolantern7:0, Jack o'Lantern
chisel:jackolantern8:0, Jack o'Lantern
chisel:jackolantern9:0, Jack o'Lantern
chisel:jackolantern10:0, Jack o'Lantern
chisel:jackolantern11:0, Jack o'Lantern
chisel:jackolantern12:0, Jack o'Lantern
chisel:jackolantern13:0, Jack o'Lantern
chisel:jackolantern14:0, Jack o'Lantern
chisel:jackolantern15:0, Jack o'Lantern
chisel:jackolantern16:0, Jack o'Lantern
chisel:laboratoryblock:0, Laboratory Block
chisel:laboratoryblock:1, Laboratory Block
chisel:laboratoryblock:2, Laboratory Block
chisel:laboratoryblock:3, Laboratory Block
chisel:laboratoryblock:4, Laboratory Block
chisel:laboratoryblock:5, Laboratory Block
chisel:laboratoryblock:6, Laboratory Block
chisel:laboratoryblock:7, Laboratory Block
chisel:laboratoryblock:8, Laboratory Block
chisel:laboratoryblock:9, Laboratory Block
chisel:laboratoryblock:10, Laboratory Block
chisel:laboratoryblock:11, Laboratory Block
chisel:laboratoryblock:12, Laboratory Block
chisel:laboratoryblock:13, Laboratory Block
chisel:laboratoryblock:14, Laboratory Block
chisel:laboratoryblock:15, Laboratory Block
chisel:lapis_block:1, Lapis Block
chisel:lapis_block:2, Lapis Block
chisel:lapis_block:3, Lapis Block
chisel:lapis_block:4, Lapis Block
chisel:lapis_block:5, Lapis Block
chisel:lapis_block:6, Lapis Block
chisel:lapis_block:7, Lapis Block
chisel:lapis_block:8, Lapis Block
chisel:lavastone:0, Lavastone
chisel:lavastone:1, Lavastone
chisel:lavastone:2, Lavastone
chisel:lavastone:3, Lavastone
chisel:lavastone:4, Lavastone
chisel:lavastone:5, Lavastone
chisel:lavastone:6, Lavastone
chisel:lavastone:7, Lavastone
chisel:leadblock:0, Block of Lead
chisel:leadblock:1, Block of Lead
chisel:leadblock:2, Block of Lead
chisel:leadblock:3, Block of Lead
chisel:leadblock:4, Block of Lead
chisel:leadblock:5, Block of Lead
chisel:leaves:6, Leaves
chisel:leaves:7, Leaves
chisel:leaves:8, Leaves
chisel:leaves:9, Leaves
chisel:leaves:10, Leaves
chisel:leaves:11, Leaves
chisel:leaves:12, Leaves
chisel:limestone:0, Limestone
chisel:limestone:1, Limestone
chisel:limestone:2, Limestone
chisel:limestone:3, Limestone
chisel:limestone:4, Limestone
chisel:limestone:5, Limestone
chisel:limestone:6, Limestone
chisel:limestone:7, Limestone
chisel:limestone:8, Limestone
chisel:limestone:9, Limestone
chisel:limestone:10, Limestone
chisel:limestone:11, Limestone
chisel:limestone:12, Limestone
chisel:limestone:13, Limestone
chisel:limestone:14, Limestone
chisel:limestone:15, Limestone
chisel:limestone_slab:0, Limestone Slab
chisel:limestone_slab:1, Limestone Slab
chisel:limestone_slab:2, Limestone Slab
chisel:limestone_slab:3, Limestone Slab
chisel:limestone_slab:4, Limestone Slab
chisel:limestone_slab:5, Limestone Slab
chisel:limestone_slab:6, Limestone Slab
chisel:limestone_slab:7, Limestone Slab
chisel:limestone_slab:8, Limestone Slab
chisel:limestone_slab:9, Limestone Slab
chisel:limestone_slab:10, Limestone Slab
chisel:limestone_slab:11, Limestone Slab
chisel:limestone_slab:12, Limestone Slab
chisel:limestone_slab:13, Limestone Slab
chisel:limestone_slab:14, Limestone Slab
chisel:limestone_slab:15, Limestone Slab
chisel:limestone_stairs.0:0, Limestone Stairs
chisel:limestone_stairs.0:8, Limestone Stairs
chisel:limestone_stairs.1:0, Limestone Stairs
chisel:limestone_stairs.1:8, Limestone Stairs
chisel:limestone_stairs.2:0, Limestone Stairs
chisel:limestone_stairs.2:8, Limestone Stairs
chisel:limestone_stairs.3:0, Limestone Stairs
chisel:limestone_stairs.3:8, Limestone Stairs
chisel:limestone_stairs.4:0, Limestone Stairs
chisel:limestone_stairs.4:8, Limestone Stairs
chisel:limestone_stairs.5:0, Limestone Stairs
chisel:limestone_stairs.5:8, Limestone Stairs
chisel:limestone_stairs.6:0, Limestone Stairs
chisel:limestone_stairs.6:8, Limestone Stairs
chisel:limestone_stairs.7:0, Limestone Stairs
chisel:limestone_stairs.7:8, Limestone Stairs
chisel:marble:0, Marble
chisel:marble:1, Marble
chisel:marble:2, Marble
chisel:marble:3, Marble
chisel:marble:4, Marble
chisel:marble:5, Marble
chisel:marble:6, Marble
chisel:marble:7, Marble
chisel:marble:8, Marble
chisel:marble:9, Marble
chisel:marble:10, Marble
chisel:marble:11, Marble
chisel:marble:12, Marble
chisel:marble:13, Marble
chisel:marble:14, Marble
chisel:marble:15, Marble
chisel:marble_slab:0, Marble Slab
chisel:marble_slab:1, Marble Slab
chisel:marble_slab:2, Marble Slab
chisel:marble_slab:3, Marble Slab
chisel:marble_slab:4, Marble Slab
chisel:marble_slab:5, Marble Slab
chisel:marble_slab:6, Marble Slab
chisel:marble_slab:7, Marble Slab
chisel:marble_slab:8, Marble Slab
chisel:marble_slab:9, Marble Slab
chisel:marble_slab:10, Marble Slab
chisel:marble_slab:11, Marble Slab
chisel:marble_slab:12, Marble Slab
chisel:marble_slab:13, Marble Slab
chisel:marble_slab:14, Marble Slab
chisel:marble_slab:15, Marble Slab
chisel:marble_stairs.0:0, Marble Stairs
chisel:marble_stairs.0:8, Marble Stairs
chisel:marble_stairs.1:0, Marble Stairs
chisel:marble_stairs.1:8, Marble Stairs
chisel:marble_stairs.2:0, Marble Stairs
chisel:marble_stairs.2:8, Marble Stairs
chisel:marble_stairs.3:0, Marble Stairs
chisel:marble_stairs.3:8, Marble Stairs
chisel:marble_stairs.4:0, Marble Stairs
chisel:marble_stairs.4:8, Marble Stairs
chisel:marble_stairs.5:0, Marble Stairs
chisel:marble_stairs.5:8, Marble Stairs
chisel:marble_stairs.6:0, Marble Stairs
chisel:marble_stairs.6:8, Marble Stairs
chisel:marble_stairs.7:0, Marble Stairs
chisel:marble_stairs.7:8, Marble Stairs
chisel:marble_pillar:0, Marble Pillar
chisel:marble_pillar:1, Marble Pillar
chisel:marble_pillar:2, Marble Pillar
chisel:marble_pillar:3, Marble Pillar
chisel:marble_pillar:4, Marble Pillar
chisel:marble_pillar:5, Marble Pillar
chisel:marble_pillar:6, Marble Pillar
chisel:marble_pillar:7, Marble Pillar
chisel:marble_pillar:8, Marble Pillar
chisel:marble_pillar:9, Marble Pillar
chisel:marble_pillar:10, Marble Pillar
chisel:marble_pillar:11, Marble Pillar
chisel:marble_pillar:12, Marble Pillar
chisel:marble_pillar:13, Marble Pillar
chisel:marble_pillar:14, Marble Pillar
chisel:marble_pillar:15, Marble Pillar
chisel:marble_pillar_slab:0, Marble Pillar Slab
chisel:marble_pillar_slab:1, Marble Pillar Slab
chisel:marble_pillar_slab:2, Marble Pillar Slab
chisel:marble_pillar_slab:3, Marble Pillar Slab
chisel:marble_pillar_slab:4, Marble Pillar Slab
chisel:marble_pillar_slab:5, Marble Pillar Slab
chisel:marble_pillar_slab:6, Marble Pillar Slab
chisel:marble_pillar_slab:7, Marble Pillar Slab
chisel:marble_pillar_slab:8, Marble Pillar Slab
chisel:marble_pillar_slab:9, Marble Pillar Slab
chisel:marble_pillar_slab:10, Marble Pillar Slab
chisel:marble_pillar_slab:11, Marble Pillar Slab
chisel:marble_pillar_slab:12, Marble Pillar Slab
chisel:marble_pillar_slab:13, Marble Pillar Slab
chisel:marble_pillar_slab:14, Marble Pillar Slab
chisel:marble_pillar_slab:15, Marble Pillar Slab
chisel:nation:0, Imperialistic Block
chisel:nation:1, Imperialistic Block
chisel:nation:2, Imperialistic Block
chisel:nation:3, Imperialistic Block
chisel:nation:4, Imperialistic Block
chisel:rebel:0, Rebellious Block
chisel:rebel:1, Rebellious Block
chisel:rebel:2, Rebellious Block
chisel:rebel:3, Rebellious Block
chisel:rebel:4, Rebellious Block
chisel:nether_brick:1, Nether Brick
chisel:nether_brick:2, Nether Brick
chisel:nether_brick:3, Nether Brick
chisel:nether_brick:4, Nether Brick
chisel:nether_brick:5, Nether Brick
chisel:nether_brick:6, Nether Brick
chisel:nether_brick:7, Nether Brick
chisel:nether_brick:8, Nether Brick
chisel:nether_brick:9, Nether Brick
chisel:nether_brick:10, Nether Brick
chisel:nether_brick:11, Nether Brick
chisel:nether_brick:12, Nether Brick
chisel:nether_brick:13, Nether Brick
chisel:nether_brick:14, Nether Brick
chisel:nether_brick:15, Nether Brick
chisel:netherrack:1, Netherrack
chisel:netherrack:2, Netherrack
chisel:netherrack:3, Netherrack
chisel:netherrack:4, Netherrack
chisel:netherrack:5, Netherrack
chisel:netherrack:6, Netherrack
chisel:netherrack:7, Netherrack
chisel:netherrack:8, Netherrack
chisel:netherrack:9, Netherrack
chisel:netherrack:10, Netherrack
chisel:netherrack:11, Netherrack
chisel:netherrack:12, Netherrack
chisel:netherrack:13, Netherrack
chisel:netherrack:14, Netherrack
chisel:obsidian:1, Obsidian
chisel:obsidian:2, Obsidian
chisel:obsidian:3, Obsidian
chisel:obsidian:4, Obsidian
chisel:obsidian:5, Obsidian
chisel:obsidian:6, Obsidian
chisel:obsidian:7, Obsidian
chisel:obsidian:8, Obsidian
chisel:obsidian:9, Obsidian
chisel:obsidian:10, Obsidian
chisel:obsidian:11, Obsidian
chisel:obsidian:12, Obsidian
chisel:obsidian:13, Obsidian
chisel:obsidian:14, Obsidian
chisel:obsidian:15, Obsidian
chisel:packedice:1, Packed Ice
chisel:packedice:2, Packed Ice
chisel:packedice:3, Packed Ice
chisel:packedice:4, Packed Ice
chisel:packedice:5, Packed Ice
chisel:packedice:6, Packed Ice
chisel:packedice:7, Packed Ice
chisel:packedice:8, Packed Ice
chisel:packedice:9, Packed Ice
chisel:packedice:10, Packed Ice
chisel:packedice:11, Packed Ice
chisel:packedice:12, Packed Ice
chisel:packedice:13, Packed Ice
chisel:packedice:14, Packed Ice
chisel:packedice:15, Packed Ice
chisel:packedice_pillar:0, Packed Ice Pillar
chisel:packedice_pillar:1, Packed Ice Pillar
chisel:packedice_pillar:2, Packed Ice Pillar
chisel:packedice_pillar:3, Packed Ice Pillar
chisel:packedice_pillar:4, Packed Ice Pillar
chisel:packedice_pillar:5, Packed Ice Pillar
chisel:packedice_pillar:6, Packed Ice Pillar
chisel:packedice_stairs.0:0, Packed Ice Stairs
chisel:packedice_stairs.0:8, Packed Ice Stairs
chisel:packedice_stairs.1:0, Packed Ice Stairs
chisel:packedice_stairs.1:8, Packed Ice Stairs
chisel:packedice_stairs.2:0, Packed Ice Stairs
chisel:packedice_stairs.2:8, Packed Ice Stairs
chisel:packedice_stairs.3:0, Packed Ice Stairs
chisel:packedice_stairs.3:8, Packed Ice Stairs
chisel:packedice_stairs.4:0, Packed Ice Stairs
chisel:packedice_stairs.4:8, Packed Ice Stairs
chisel:packedice_stairs.5:0, Packed Ice Stairs
chisel:packedice_stairs.5:8, Packed Ice Stairs
chisel:packedice_stairs.6:0, Packed Ice Stairs
chisel:packedice_stairs.6:8, Packed Ice Stairs
chisel:packedice_stairs.7:0, Packed Ice Stairs
chisel:packedice_stairs.7:8, Packed Ice Stairs
chisel:paperwall:0, Paperwall
chisel:paperwall:1, Paperwall
chisel:paperwall:2, Paperwall
chisel:paperwall:3, Paperwall
chisel:paperwall:4, Paperwall
chisel:paperwall:5, Paperwall
chisel:paperwall:6, Paperwall
chisel:paperwall:7, Paperwall
chisel:paperwall:8, Paperwall
chisel:paperwall_block:0, Paperwall Block
chisel:paperwall_block:1, Paperwall Block
chisel:paperwall_block:2, Paperwall Block
chisel:paperwall_block:3, Paperwall Block
chisel:paperwall_block:4, Paperwall Block
chisel:paperwall_block:5, Paperwall Block
chisel:paperwall_block:6, Paperwall Block
chisel:paperwall_block:7, Paperwall Block
chisel:paperwall_block:8, Paperwall Block
chisel:present:0, Present
chisel:present:1, Present
chisel:present:2, Present
chisel:present:3, Present
chisel:present:4, Present
chisel:present:5, Present
chisel:present:6, Present
chisel:present:7, Present
chisel:present:8, Present
chisel:present:9, Present
chisel:present:10, Present
chisel:present:11, Present
chisel:present:12, Present
chisel:present:13, Present
chisel:present:14, Present
chisel:present:15, Present
chisel:pumpkin1:0, Pumpkin
chisel:pumpkin2:0, Pumpkin
chisel:pumpkin3:0, Pumpkin
chisel:pumpkin4:0, Pumpkin
chisel:pumpkin5:0, Pumpkin
chisel:pumpkin6:0, Pumpkin
chisel:pumpkin7:0, Pumpkin
chisel:pumpkin8:0, Pumpkin
chisel:pumpkin9:0, Pumpkin
chisel:pumpkin10:0, Pumpkin
chisel:pumpkin11:0, Pumpkin
chisel:pumpkin12:0, Pumpkin
chisel:pumpkin13:0, Pumpkin
chisel:pumpkin14:0, Pumpkin
chisel:pumpkin15:0, Pumpkin
chisel:pumpkin16:0, Pumpkin
chisel:purpur:0, Purpur Block
chisel:purpur:1, Purpur Block
chisel:purpur:2, Purpur Block
chisel:purpur:3, Purpur Block
chisel:purpur:4, Purpur Block
chisel:purpur:5, Purpur Block
chisel:purpur:6, Purpur Block
chisel:purpur:7, Purpur Block
chisel:purpur:8, Purpur Block
chisel:purpur:9, Purpur Block
chisel:purpur:10, Purpur Block
chisel:redstone_block:1, Redstone Block
chisel:redstone_block:2, Redstone Block
chisel:redstone_block:3, Redstone Block
chisel:redstone_block:4, Redstone Block
chisel:redstone_block:5, Redstone Block
chisel:redstone_block:6, Redstone Block
chisel:redstone_block:7, Redstone Block
chisel:redstone_block:8, Redstone Block
chisel:redstone_block:9, Redstone Block
chisel:redstone_block:10, Redstone Block
chisel:redstone_block:11, Redstone Block
chisel:redstone_block:12, Redstone Block
chisel:redstone_block:13, Redstone Block
chisel:redstone_block:14, Redstone Block
chisel:redstone_block:15, Redstone Block
chisel:road_line:0, Road Lines
chisel:road_line:1, Road Lines
chisel:road_line:2, Road Lines
chisel:road_line:3, Road Lines
chisel:sandstone:0, Sandstone
chisel:sandstone:1, Sandstone
chisel:sandstone:2, Sandstone
chisel:sandstone:3, Sandstone
chisel:sandstone:4, Sandstone
chisel:sandstone:5, Sandstone
chisel:sandstone:6, Sandstone
chisel:sandstone:7, Sandstone
chisel:sandstone:8, Sandstone
chisel:sandstone:9, Sandstone
chisel:sandstone:10, Sandstone
chisel:sandstone:11, Sandstone
chisel:sandstone:12, Sandstone
chisel:sandstone:13, Sandstone
chisel:sandstone:14, Sandstone
chisel:sandstone:15, Sandstone
chisel:sandstone2:0, tile.chisel.sandstone2.name
chisel:sandstone2:1, tile.chisel.sandstone2.name
chisel:sandstone_scribbles:0, Sandstone Scribbles
chisel:sandstone_scribbles:1, Sandstone Scribbles
chisel:sandstone_scribbles:2, Sandstone Scribbles
chisel:sandstone_scribbles:3, Sandstone Scribbles
chisel:sandstone_scribbles:4, Sandstone Scribbles
chisel:sandstone_scribbles:5, Sandstone Scribbles
chisel:sandstone_scribbles:6, Sandstone Scribbles
chisel:sandstone_scribbles:7, Sandstone Scribbles
chisel:sandstone_scribbles:8, Sandstone Scribbles
chisel:sandstone_scribbles:9, Sandstone Scribbles
chisel:sandstone_scribbles:10, Sandstone Scribbles
chisel:sandstone_scribbles:11, Sandstone Scribbles
chisel:sandstone_scribbles:12, Sandstone Scribbles
chisel:sandstone_scribbles:13, Sandstone Scribbles
chisel:sandstone_scribbles:14, Sandstone Scribbles
chisel:sandstone_scribbles:15, Sandstone Scribbles
chisel:silverblock:0, Block of Silver
chisel:silverblock:1, Block of Silver
chisel:silverblock:2, Block of Silver
chisel:silverblock:3, Block of Silver
chisel:silverblock:4, Block of Silver
chisel:silverblock:5, Block of Silver
chisel:sand_snakestone:1, Sand Snakestone
chisel:sand_snakestone:13, Sand Snakestone
chisel:stone_snakestone:1, Stone Snakestone
chisel:stone_snakestone:13, Stone Snakestone
chisel:obsidian_snakestone:1, Obsidian Snakestone
chisel:obsidian_snakestone:13, Obsidian Snakestone
chisel:steelblock:0, Block of Steel
chisel:steelblock:1, Block of Steel
chisel:steelblock:2, Block of Steel
chisel:steelblock:3, Block of Steel
chisel:steelblock:4, Block of Steel
chisel:steelblock:5, Block of Steel
chisel:stonebricksmooth:0, Stone Bricks
chisel:stonebricksmooth:1, Stone Bricks
chisel:stonebricksmooth:2, Stone Bricks
chisel:stonebricksmooth:3, Stone Bricks
chisel:stonebricksmooth:4, Stone Bricks
chisel:stonebricksmooth:5, Stone Bricks
chisel:stonebricksmooth:6, Stone Bricks
chisel:stonebricksmooth:7, Stone Bricks
chisel:stonebricksmooth:8, Stone Bricks
chisel:stonebricksmooth:9, Stone Bricks
chisel:stonebricksmooth:10, Stone Bricks
chisel:stonebricksmooth:11, Stone Bricks
chisel:stonebricksmooth:12, Stone Bricks
chisel:stonebricksmooth:13, Stone Bricks
chisel:stonebricksmooth:14, Stone Bricks
chisel:stonebricksmooth:15, Stone Bricks
chisel:technical:0, Technical Block
chisel:technical:1, Technical Block
chisel:technical:2, Technical Block
chisel:technical:3, Technical Block
chisel:technical:4, Technical Block
chisel:technical:5, Technical Block
chisel:technical:6, Technical Block
chisel:technical:7, Technical Block
chisel:technical:8, Technical Block
chisel:technical:9, Technical Block
chisel:technical:10, Technical Block
chisel:technical:11, Technical Block
chisel:technical:12, Technical Block
chisel:technical:13, Technical Block
chisel:technical:14, Technical Block
chisel:technical:15, Technical Block
chisel:technical2:0, Transparent Technical Block
chisel:technical2:1, Transparent Technical Block
chisel:technical2:2, Transparent Technical Block
chisel:technical2:3, Transparent Technical Block
chisel:technical3:0, Industrial Technical Block
chisel:technical3:1, Industrial Technical Block
chisel:technical4:0, Technical Block
chisel:technical4:1, Technical Block
chisel:technical4:2, Technical Block
chisel:technical4:3, Technical Block
chisel:technical4:4, Technical Block
chisel:technical4:5, Technical Block
chisel:technical4:6, Technical Block
chisel:technical4:7, Technical Block
chisel:templeblock:0, Temple Block
chisel:templeblock:1, Temple Block
chisel:templeblock:2, Temple Block
chisel:templeblock:3, Temple Block
chisel:templeblock:4, Temple Block
chisel:templeblock:5, Temple Block
chisel:templeblock:6, Temple Block
chisel:templeblock:7, Temple Block
chisel:templeblock:8, Temple Block
chisel:templeblock:9, Temple Block
chisel:templeblock:10, Temple Block
chisel:templeblock:11, Temple Block
chisel:templeblock:12, Temple Block
chisel:templeblock:13, Temple Block
chisel:templeblock:14, Temple Block
chisel:templeblock:15, Temple Block
chisel:mossy_templeblock:0, Mossy Temple Block
chisel:mossy_templeblock:1, Mossy Temple Block
chisel:mossy_templeblock:2, Mossy Temple Block
chisel:mossy_templeblock:3, Mossy Temple Block
chisel:mossy_templeblock:4, Mossy Temple Block
chisel:mossy_templeblock:5, Mossy Temple Block
chisel:mossy_templeblock:6, Mossy Temple Block
chisel:mossy_templeblock:7, Mossy Temple Block
chisel:mossy_templeblock:8, Mossy Temple Block
chisel:mossy_templeblock:9, Mossy Temple Block
chisel:mossy_templeblock:10, Mossy Temple Block
chisel:mossy_templeblock:11, Mossy Temple Block
chisel:mossy_templeblock:12, Mossy Temple Block
chisel:mossy_templeblock:13, Mossy Temple Block
chisel:mossy_templeblock:14, Mossy Temple Block
chisel:mossy_templeblock:15, Mossy Temple Block
chisel:tinblock:0, Block of Tin
chisel:tinblock:1, Block of Tin
chisel:tinblock:2, Block of Tin
chisel:tinblock:3, Block of Tin
chisel:tinblock:4, Block of Tin
chisel:tinblock:5, Block of Tin
chisel:torch1, Torch
chisel:torch2, Torch
chisel:torch3, Torch
chisel:torch4, Torch
chisel:torch5, Torch
chisel:torch6, Torch
chisel:torch7, Torch
chisel:torch8, Torch
chisel:torch9, Torch
chisel:torch10, Torch
chisel:tyrian:0, Tyrian
chisel:tyrian:1, Tyrian
chisel:tyrian:2, Tyrian
chisel:tyrian:3, Tyrian
chisel:tyrian:4, Tyrian
chisel:tyrian:5, Tyrian
chisel:tyrian:6, Tyrian
chisel:tyrian:7, Tyrian
chisel:tyrian:8, Tyrian
chisel:tyrian:9, Tyrian
chisel:tyrian:10, Tyrian
chisel:tyrian:11, Tyrian
chisel:tyrian:12, Tyrian
chisel:tyrian:13, Tyrian
chisel:tyrian:14, Tyrian
chisel:tyrian:15, Tyrian
chisel:uraniumblock:0, Block of Uranium
chisel:uraniumblock:1, Block of Uranium
chisel:uraniumblock:2, Block of Uranium
chisel:uraniumblock:3, Block of Uranium
chisel:uraniumblock:4, Block of Uranium
chisel:uraniumblock:5, Block of Uranium
chisel:valentines:0, Valentines Block
chisel:valentines:1, Valentines Block
chisel:valentines:2, Valentines Block
chisel:valentines:3, Valentines Block
chisel:valentines:4, Valentines Block
chisel:valentines:5, Valentines Block
chisel:valentines:6, Valentines Block
chisel:valentines:7, Valentines Block
chisel:valentines:8, Valentines Block
chisel:valentines:9, Valentines Block
chisel:voidstone:0, Voidstone
chisel:voidstone:1, Voidstone
chisel:voidstone:2, Voidstone
chisel:voidstone:3, Voidstone
chisel:voidstone:4, Voidstone
chisel:voidstone:5, Voidstone
chisel:voidstone:6, Voidstone
chisel:voidstone:7, Voidstone
chisel:voidstone2:0, Energised Voidstone
chisel:voidstone2:1, Energised Voidstone
chisel:voidstone2:2, Energised Voidstone
chisel:voidstone2:3, Energised Voidstone
chisel:voidstone2:4, Energised Voidstone
chisel:voidstone2:5, Energised Voidstone
chisel:voidstone2:6, Energised Voidstone
chisel:voidstone2:7, Energised Voidstone
chisel:voidstoneRunic:1, Runic Voidstone
chisel:voidstoneRunic:2, Runic Voidstone
chisel:voidstoneRunic:3, Runic Voidstone
chisel:voidstoneRunic:4, Runic Voidstone
chisel:voidstoneRunic:5, Runic Voidstone
chisel:voidstoneRunic:6, Runic Voidstone
chisel:voidstoneRunic:7, Runic Voidstone
chisel:voidstoneRunic:8, Runic Voidstone
chisel:voidstoneRunic:9, Runic Voidstone
chisel:voidstoneRunic:10, Runic Voidstone
chisel:voidstoneRunic:11, Runic Voidstone
chisel:voidstoneRunic:12, Runic Voidstone
chisel:voidstoneRunic:13, Runic Voidstone
chisel:voidstoneRunic:14, Runic Voidstone
chisel:voidstoneRunic:15, Runic Voidstone
chisel:voidstonePillar:0, Voidstone Pillar
chisel:voidstonePillar2:0, Energised Voidstone Pillar
chisel:warningSign:0, Warning Sign
chisel:warningSign:1, Warning Sign
chisel:warningSign:2, Warning Sign
chisel:warningSign:3, Warning Sign
chisel:warningSign:4, Warning Sign
chisel:warningSign:5, Warning Sign
chisel:warningSign:6, Warning Sign
chisel:warningSign:7, Warning Sign
chisel:warningSign:8, Warning Sign
chisel:warningSign:9, Warning Sign
chisel:warningSign:10, Warning Sign
chisel:warningSign:11, Warning Sign
chisel:warningSign:12, Warning Sign
chisel:warningSign:13, Warning Sign
chisel:warningSign:14, Warning Sign
chisel:waterstone:0, Waterstone
chisel:waterstone:1, Waterstone
chisel:waterstone:2, Waterstone
chisel:waterstone:3, Waterstone
chisel:waterstone:4, Waterstone
chisel:waterstone:5, Waterstone
chisel:waterstone:6, Waterstone
chisel:oak_planks:1, Oak Wood Planks
chisel:oak_planks:2, Oak Wood Planks
chisel:oak_planks:6, Oak Wood Planks
chisel:oak_planks:8, Oak Wood Planks
chisel:oak_planks:9, Oak Wood Planks
chisel:oak_planks:10, Oak Wood Planks
chisel:oak_planks:11, Oak Wood Planks
chisel:oak_planks:13, Oak Wood Planks
chisel:oak_planks:3, Oak Wood Planks
chisel:oak_planks:4, Oak Wood Planks
chisel:oak_planks:5, Oak Wood Planks
chisel:oak_planks:7, Oak Wood Planks
chisel:oak_planks:12, Oak Wood Planks
chisel:oak_planks:14, Oak Wood Planks
chisel:oak_planks:15, Oak Wood Planks
chisel:spruce_planks:1, Spruce Wood Planks
chisel:spruce_planks:2, Spruce Wood Planks
chisel:spruce_planks:6, Spruce Wood Planks
chisel:spruce_planks:8, Spruce Wood Planks
chisel:spruce_planks:9, Spruce Wood Planks
chisel:spruce_planks:10, Spruce Wood Planks
chisel:spruce_planks:11, Spruce Wood Planks
chisel:spruce_planks:13, Spruce Wood Planks
chisel:spruce_planks:3, Spruce Wood Planks
chisel:spruce_planks:4, Spruce Wood Planks
chisel:spruce_planks:5, Spruce Wood Planks
chisel:spruce_planks:7, Spruce Wood Planks
chisel:spruce_planks:12, Spruce Wood Planks
chisel:spruce_planks:14, Spruce Wood Planks
chisel:spruce_planks:15, Spruce Wood Planks
chisel:birch_planks:1, Birch Wood Planks
chisel:birch_planks:2, Birch Wood Planks
chisel:birch_planks:6, Birch Wood Planks
chisel:birch_planks:8, Birch Wood Planks
chisel:birch_planks:9, Birch Wood Planks
chisel:birch_planks:10, Birch Wood Planks
chisel:birch_planks:11, Birch Wood Planks
chisel:birch_planks:13, Birch Wood Planks
chisel:birch_planks:3, Birch Wood Planks
chisel:birch_planks:4, Birch Wood Planks
chisel:birch_planks:5, Birch Wood Planks
chisel:birch_planks:7, Birch Wood Planks
chisel:birch_planks:12, Birch Wood Planks
chisel:birch_planks:14, Birch Wood Planks
chisel:birch_planks:15, Birch Wood Planks
chisel:jungle_planks:1, Jungle Wood Planks
chisel:jungle_planks:2, Jungle Wood Planks
chisel:jungle_planks:6, Jungle Wood Planks
chisel:jungle_planks:8, Jungle Wood Planks
chisel:jungle_planks:9, Jungle Wood Planks
chisel:jungle_planks:10, Jungle Wood Planks
chisel:jungle_planks:11, Jungle Wood Planks
chisel:jungle_planks:13, Jungle Wood Planks
chisel:jungle_planks:3, Jungle Wood Planks
chisel:jungle_planks:4, Jungle Wood Planks
chisel:jungle_planks:5, Jungle Wood Planks
chisel:jungle_planks:7, Jungle Wood Planks
chisel:jungle_planks:12, Jungle Wood Planks
chisel:jungle_planks:14, Jungle Wood Planks
chisel:jungle_planks:15, Jungle Wood Planks
chisel:acacia_planks:1, Acacia Wood Planks
chisel:acacia_planks:2, Acacia Wood Planks
chisel:acacia_planks:6, Acacia Wood Planks
chisel:acacia_planks:8, Acacia Wood Planks
chisel:acacia_planks:9, Acacia Wood Planks
chisel:acacia_planks:10, Acacia Wood Planks
chisel:acacia_planks:11, Acacia Wood Planks
chisel:acacia_planks:13, Acacia Wood Planks
chisel:acacia_planks:3, Acacia Wood Planks
chisel:acacia_planks:4, Acacia Wood Planks
chisel:acacia_planks:5, Acacia Wood Planks
chisel:acacia_planks:7, Acacia Wood Planks
chisel:acacia_planks:12, Acacia Wood Planks
chisel:acacia_planks:14, Acacia Wood Planks
chisel:acacia_planks:15, Acacia Wood Planks
chisel:dark_oak_planks:1, Dark Oak Wood Planks
chisel:dark_oak_planks:2, Dark Oak Wood Planks
chisel:dark_oak_planks:6, Dark Oak Wood Planks
chisel:dark_oak_planks:8, Dark Oak Wood Planks
chisel:dark_oak_planks:9, Dark Oak Wood Planks
chisel:dark_oak_planks:10, Dark Oak Wood Planks
chisel:dark_oak_planks:11, Dark Oak Wood Planks
chisel:dark_oak_planks:13, Dark Oak Wood Planks
chisel:dark_oak_planks:3, Dark Oak Wood Planks
chisel:dark_oak_planks:4, Dark Oak Wood Planks
chisel:dark_oak_planks:5, Dark Oak Wood Planks
chisel:dark_oak_planks:7, Dark Oak Wood Planks
chisel:dark_oak_planks:12, Dark Oak Wood Planks
chisel:dark_oak_planks:14, Dark Oak Wood Planks
chisel:dark_oak_planks:15, Dark Oak Wood Planks
chisel:woolen_clay:0, Woolen Clay
chisel:woolen_clay:1, Woolen Clay
chisel:woolen_clay:2, Woolen Clay
chisel:woolen_clay:3, Woolen Clay
chisel:woolen_clay:4, Woolen Clay
chisel:woolen_clay:5, Woolen Clay
chisel:woolen_clay:6, Woolen Clay
chisel:woolen_clay:7, Woolen Clay
chisel:woolen_clay:8, Woolen Clay
chisel:woolen_clay:9, Woolen Clay
chisel:woolen_clay:10, Woolen Clay
chisel:woolen_clay:11, Woolen Clay
chisel:woolen_clay:12, Woolen Clay
chisel:woolen_clay:13, Woolen Clay
chisel:woolen_clay:14, Woolen Clay
chisel:woolen_clay:15, Woolen Clay
CarpentersBlocks:blockCarpentersBlock, Carpenter's Block
CarpentersBlocks:blockCarpentersBarrier, Carpenter's Barrier
CarpentersBlocks:blockCarpentersBed, Carpenter's Bed
CarpentersBlocks:blockCarpentersButton, Carpenter's Button
CarpentersBlocks:blockCarpentersCollapsibleBlock, Carpenter's Collapsible Block
CarpentersBlocks:blockCarpentersDaylightSensor, Carpenter's Daylight Sensor
CarpentersBlocks:blockCarpentersDoor, Carpenter's Door
CarpentersBlocks:blockCarpentersFlowerPot, Carpenter's Flower Pot
CarpentersBlocks:blockCarpentersGarageDoor, Carpenter's Garage Door
CarpentersBlocks:blockCarpentersGate, Carpenter's Gate
CarpentersBlocks:blockCarpentersHatch, Carpenter's Hatch
CarpentersBlocks:blockCarpentersLadder, Carpenter's Ladder
CarpentersBlocks:blockCarpentersLever, Carpenter's Lever
CarpentersBlocks:blockCarpentersPressurePlate, Carpenter's Pressure Plate
CarpentersBlocks:blockCarpentersSafe, Carpenter's Safe
CarpentersBlocks:blockCarpentersSlope:0, Carpenter's Wedge Slope
CarpentersBlocks:blockCarpentersSlope:1, Carpenter's Oblique Interior Slope
CarpentersBlocks:blockCarpentersSlope:2, Carpenter's Oblique Exterior Slope
CarpentersBlocks:blockCarpentersSlope:3, Carpenter's Prism Slope
CarpentersBlocks:blockCarpentersSlope:4, Carpenter's Prism Wedge Slope
CarpentersBlocks:blockCarpentersStairs, Carpenter's Stairs
CarpentersBlocks:blockCarpentersTorch, Carpenter's Torch
Ztones:stoneTile, Ztone Tile
Ztones:cleanDirt, Garden Soil
Ztones:booster, Booster
Ztones:lampf, Flat Lamp
Ztones:lampt, Flat Lamp
Ztones:lampb, Flat Lamp
Ztones:auroraBlock, Aurora
Ztones:tile.agonBlock:0, Agon ⓪
Ztones:tile.agonBlock:1, Agon ①
Ztones:tile.agonBlock:2, Agon ②
Ztones:tile.agonBlock:3, Agon ③
Ztones:tile.agonBlock:4, Agon ④
Ztones:tile.agonBlock:5, Agon ⑤
Ztones:tile.agonBlock:6, Agon ⑥
Ztones:tile.agonBlock:7, Agon ⑦
Ztones:tile.agonBlock:8, Agon ⑧
Ztones:tile.agonBlock:9, Agon ⑨
Ztones:tile.agonBlock:10, Agon ⑩
Ztones:tile.agonBlock:11, Agon ⑪
Ztones:tile.agonBlock:12, Agon ⑫
Ztones:tile.agonBlock:13, Agon ⑬
Ztones:tile.agonBlock:14, Agon ⑭
Ztones:tile.agonBlock:15, Agon ⑮
Ztones:tile.bittBlock:0, Bitt ⓪
Ztones:tile.bittBlock:1, Bitt ①
Ztones:tile.bittBlock:2, Bitt ②
Ztones:tile.bittBlock:3, Bitt ③
Ztones:tile.bittBlock:4, Bitt ④
Ztones:tile.bittBlock:5, Bitt ⑤
Ztones:tile.bittBlock:6, Bitt ⑥
Ztones:tile.bittBlock:7, Bitt ⑦
Ztones:tile.bittBlock:8, Bitt ⑧
Ztones:tile.bittBlock:9, Bitt ⑨
Ztones:tile.bittBlock:10, Bitt ⑩
Ztones:tile.bittBlock:11, Bitt ⑪
Ztones:tile.bittBlock:12, Bitt ⑫
Ztones:tile.bittBlock:13, Bitt ⑬
Ztones:tile.bittBlock:14, Bitt ⑭
Ztones:tile.bittBlock:15, Bitt ⑮
Ztones:tile.crayBlock:0, Cray ⓪
Ztones:tile.crayBlock:1, Cray ①
Ztones:tile.crayBlock:2, Cray ②
Ztones:tile.crayBlock:3, Cray ③
Ztones:tile.crayBlock:4, Cray ④
Ztones:tile.crayBlock:5, Cray ⑤
Ztones:tile.crayBlock:6, Cray ⑥
Ztones:tile.crayBlock:7, Cray ⑦
Ztones:tile.crayBlock:8, Cray ⑧
Ztones:tile.crayBlock:9, Cray ⑨
Ztones:tile.crayBlock:10, Cray ⑩
Ztones:tile.crayBlock:11, Cray ⑪
Ztones:tile.crayBlock:12, Cray ⑫
Ztones:tile.crayBlock:13, Cray ⑬
Ztones:tile.crayBlock:14, Cray ⑭
Ztones:tile.crayBlock:15, Cray ⑮
Ztones:tile.fortBlock:0, Fort ⓪
Ztones:tile.fortBlock:1, Fort ①
Ztones:tile.fortBlock:2, Fort ②
Ztones:tile.fortBlock:3, Fort ③
Ztones:tile.fortBlock:4, Fort ④
Ztones:tile.fortBlock:5, Fort ⑤
Ztones:tile.fortBlock:6, Fort ⑥
Ztones:tile.fortBlock:7, Fort ⑦
Ztones:tile.fortBlock:8, Fort ⑧
Ztones:tile.fortBlock:9, Fort ⑨
Ztones:tile.fortBlock:10, Fort ⑩
Ztones:tile.fortBlock:11, Fort ⑪
Ztones:tile.fortBlock:12, Fort ⑫
Ztones:tile.fortBlock:13, Fort ⑬
Ztones:tile.fortBlock:14, Fort ⑭
Ztones:tile.fortBlock:15, Fort ⑮
Ztones:tile.iszmBlock:0, Iszm ⓪
Ztones:tile.iszmBlock:1, Iszm ①
Ztones:tile.iszmBlock:2, Iszm ②
Ztones:tile.iszmBlock:3, Iszm ③
Ztones:tile.iszmBlock:4, Iszm ④
Ztones:tile.iszmBlock:5, Iszm ⑤
Ztones:tile.iszmBlock:6, Iszm ⑥
Ztones:tile.iszmBlock:7, Iszm ⑦
Ztones:tile.iszmBlock:8, Iszm ⑧
Ztones:tile.iszmBlock:9, Iszm ⑨
Ztones:tile.iszmBlock:10, Iszm ⑩
Ztones:tile.iszmBlock:11, Iszm ⑪
Ztones:tile.iszmBlock:12, Iszm ⑫
Ztones:tile.iszmBlock:13, Iszm ⑬
Ztones:tile.iszmBlock:14, Iszm ⑭
Ztones:tile.iszmBlock:15, Iszm ⑮
Ztones:tile.jeltBlock:0, Jelt ⓪
Ztones:tile.jeltBlock:1, Jelt ①
Ztones:tile.jeltBlock:2, Jelt ②
Ztones:tile.jeltBlock:3, Jelt ③
Ztones:tile.jeltBlock:4, Jelt ④
Ztones:tile.jeltBlock:5, Jelt ⑤
Ztones:tile.jeltBlock:6, Jelt ⑥
Ztones:tile.jeltBlock:7, Jelt ⑦
Ztones:tile.jeltBlock:8, Jelt ⑧
Ztones:tile.jeltBlock:9, Jelt ⑨
Ztones:tile.jeltBlock:10, Jelt ⑩
Ztones:tile.jeltBlock:11, Jelt ⑪
Ztones:tile.jeltBlock:12, Jelt ⑫
Ztones:tile.jeltBlock:13, Jelt ⑬
Ztones:tile.jeltBlock:14, Jelt ⑭
Ztones:tile.jeltBlock:15, Jelt ⑮
Ztones:tile.korpBlock:0, Korp ⓪
Ztones:tile.korpBlock:1, Korp ①
Ztones:tile.korpBlock:2, Korp ②
Ztones:tile.korpBlock:3, Korp ③
Ztones:tile.korpBlock:4, Korp ④
Ztones:tile.korpBlock:5, Korp ⑤
Ztones:tile.korpBlock:6, Korp ⑥
Ztones:tile.korpBlock:7, Korp ⑦
Ztones:tile.korpBlock:8, Korp ⑧
Ztones:tile.korpBlock:9, Korp ⑨
Ztones:tile.korpBlock:10, Korp ⑩
Ztones:tile.korpBlock:11, Korp ⑪
Ztones:tile.korpBlock:12, Korp ⑫
Ztones:tile.korpBlock:13, Korp ⑬
Ztones:tile.korpBlock:14, Korp ⑭
Ztones:tile.korpBlock:15, Korp ⑮
Ztones:tile.krypBlock:0, Kryp ⓪
Ztones:tile.krypBlock:1, Kryp ①
Ztones:tile.krypBlock:2, Kryp ②
Ztones:tile.krypBlock:3, Kryp ③
Ztones:tile.krypBlock:4, Kryp ④
Ztones:tile.krypBlock:5, Kryp ⑤
Ztones:tile.krypBlock:6, Kryp ⑥
Ztones:tile.krypBlock:7, Kryp ⑦
Ztones:tile.krypBlock:8, Kryp ⑧
Ztones:tile.krypBlock:9, Kryp ⑨
Ztones:tile.krypBlock:10, Kryp ⑩
Ztones:tile.krypBlock:11, Kryp ⑪
Ztones:tile.krypBlock:12, Kryp ⑫
Ztones:tile.krypBlock:13, Kryp ⑬
Ztones:tile.krypBlock:14, Kryp ⑭
Ztones:tile.krypBlock:15, Kryp ⑮
Ztones:tile.lairBlock:0, Lair ⓪
Ztones:tile.lairBlock:1, Lair ①
Ztones:tile.lairBlock:2, Lair ②
Ztones:tile.lairBlock:3, Lair ③
Ztones:tile.lairBlock:4, Lair ④
Ztones:tile.lairBlock:5, Lair ⑤
Ztones:tile.lairBlock:6, Lair ⑥
Ztones:tile.lairBlock:7, Lair ⑦
Ztones:tile.lairBlock:8, Lair ⑧
Ztones:tile.lairBlock:9, Lair ⑨
Ztones:tile.lairBlock:10, Lair ⑩
Ztones:tile.lairBlock:11, Lair ⑪
Ztones:tile.lairBlock:12, Lair ⑫
Ztones:tile.lairBlock:13, Lair ⑬
Ztones:tile.lairBlock:14, Lair ⑭
Ztones:tile.lairBlock:15, Lair ⑮
Ztones:tile.laveBlock:0, Lave ⓪
Ztones:tile.laveBlock:1, Lave ①
Ztones:tile.laveBlock:2, Lave ②
Ztones:tile.laveBlock:3, Lave ③
Ztones:tile.laveBlock:4, Lave ④
Ztones:tile.laveBlock:5, Lave ⑤
Ztones:tile.laveBlock:6, Lave ⑥
Ztones:tile.laveBlock:7, Lave ⑦
Ztones:tile.laveBlock:8, Lave ⑧
Ztones:tile.laveBlock:9, Lave ⑨
Ztones:tile.laveBlock:10, Lave ⑩
Ztones:tile.laveBlock:11, Lave ⑪
Ztones:tile.laveBlock:12, Lave ⑫
Ztones:tile.laveBlock:13, Lave ⑬
Ztones:tile.laveBlock:14, Lave ⑭
Ztones:tile.laveBlock:15, Lave ⑮
Ztones:tile.mintBlock:0, Mint ⓪
Ztones:tile.mintBlock:1, Mint ①
Ztones:tile.mintBlock:2, Mint ②
Ztones:tile.mintBlock:3, Mint ③
Ztones:tile.mintBlock:4, Mint ④
Ztones:tile.mintBlock:5, Mint ⑤
Ztones:tile.mintBlock:6, Mint ⑥
Ztones:tile.mintBlock:7, Mint ⑦
Ztones:tile.mintBlock:8, Mint ⑧
Ztones:tile.mintBlock:9, Mint ⑨
Ztones:tile.mintBlock:10, Mint ⑩
Ztones:tile.mintBlock:11, Mint ⑪
Ztones:tile.mintBlock:12, Mint ⑫
Ztones:tile.mintBlock:13, Mint ⑬
Ztones:tile.mintBlock:14, Mint ⑭
Ztones:tile.mintBlock:15, Mint ⑮
Ztones:tile.mystBlock:0, Myst ⓪
Ztones:tile.mystBlock:1, Myst ①
Ztones:tile.mystBlock:2, Myst ②
Ztones:tile.mystBlock:3, Myst ③
Ztones:tile.mystBlock:4, Myst ④
Ztones:tile.mystBlock:5, Myst ⑤
Ztones:tile.mystBlock:6, Myst ⑥
Ztones:tile.mystBlock:7, Myst ⑦
Ztones:tile.mystBlock:8, Myst ⑧
Ztones:tile.mystBlock:9, Myst ⑨
Ztones:tile.mystBlock:10, Myst ⑩
Ztones:tile.mystBlock:11, Myst ⑪
Ztones:tile.mystBlock:12, Myst ⑫
Ztones:tile.mystBlock:13, Myst ⑬
Ztones:tile.mystBlock:14, Myst ⑭
Ztones:tile.mystBlock:15, Myst ⑮
Ztones:tile.redsBlock:0, Reds ⓪
Ztones:tile.redsBlock:1, Reds ①
Ztones:tile.redsBlock:2, Reds ②
Ztones:tile.redsBlock:3, Reds ③
Ztones:tile.redsBlock:4, Reds ④
Ztones:tile.redsBlock:5, Reds ⑤
Ztones:tile.redsBlock:6, Reds ⑥
Ztones:tile.redsBlock:7, Reds ⑦
Ztones:tile.redsBlock:8, Reds ⑧
Ztones:tile.redsBlock:9, Reds ⑨
Ztones:tile.redsBlock:10, Reds ⑩
Ztones:tile.redsBlock:11, Reds ⑪
Ztones:tile.redsBlock:12, Reds ⑫
Ztones:tile.redsBlock:13, Reds ⑬
Ztones:tile.redsBlock:14, Reds ⑭
Ztones:tile.redsBlock:15, Reds ⑮
Ztones:tile.roenBlock:0, Roen ⓪
Ztones:tile.roenBlock:1, Roen ①
Ztones:tile.roenBlock:2, Roen ②
Ztones:tile.roenBlock:3, Roen ③
Ztones:tile.roenBlock:4, Roen ④
Ztones:tile.roenBlock:5, Roen ⑤
Ztones:tile.roenBlock:6, Roen ⑥
Ztones:tile.roenBlock:7, Roen ⑦
Ztones:tile.roenBlock:8, Roen ⑧
Ztones:tile.roenBlock:9, Roen ⑨
Ztones:tile.roenBlock:10, Roen ⑩
Ztones:tile.roenBlock:11, Roen ⑪
Ztones:tile.roenBlock:12, Roen ⑫
Ztones:tile.roenBlock:13, Roen ⑬
Ztones:tile.roenBlock:14, Roen ⑭
Ztones:tile.roenBlock:15, Roen ⑮
Ztones:tile.solsBlock:0, Sols ⓪
Ztones:tile.solsBlock:1, Sols ①
Ztones:tile.solsBlock:2, Sols ②
Ztones:tile.solsBlock:3, Sols ③
Ztones:tile.solsBlock:4, Sols ④
Ztones:tile.solsBlock:5, Sols ⑤
Ztones:tile.solsBlock:6, Sols ⑥
Ztones:tile.solsBlock:7, Sols ⑦
Ztones:tile.solsBlock:8, Sols ⑧
Ztones:tile.solsBlock:9, Sols ⑨
Ztones:tile.solsBlock:10, Sols ⑩
Ztones:tile.solsBlock:11, Sols ⑪
Ztones:tile.solsBlock:12, Sols ⑫
Ztones:tile.solsBlock:13, Sols ⑬
Ztones:tile.solsBlock:14, Sols ⑭
Ztones:tile.solsBlock:15, Sols ⑮
Ztones:tile.tankBlock:0, Tank ⓪
Ztones:tile.tankBlock:1, Tank ①
Ztones:tile.tankBlock:2, Tank ②
Ztones:tile.tankBlock:3, Tank ③
Ztones:tile.tankBlock:4, Tank ④
Ztones:tile.tankBlock:5, Tank ⑤
Ztones:tile.tankBlock:6, Tank ⑥
Ztones:tile.tankBlock:7, Tank ⑦
Ztones:tile.tankBlock:8, Tank ⑧
Ztones:tile.tankBlock:9, Tank ⑨
Ztones:tile.tankBlock:10, Tank ⑩
Ztones:tile.tankBlock:11, Tank ⑪
Ztones:tile.tankBlock:12, Tank ⑫
Ztones:tile.tankBlock:13, Tank ⑬
Ztones:tile.tankBlock:14, Tank ⑭
Ztones:tile.tankBlock:15, Tank ⑮
Ztones:tile.vectBlock:0, Vect ⓪
Ztones:tile.vectBlock:1, Vect ①
Ztones:tile.vectBlock:2, Vect ②
Ztones:tile.vectBlock:3, Vect ③
Ztones:tile.vectBlock:4, Vect ④
Ztones:tile.vectBlock:5, Vect ⑤
Ztones:tile.vectBlock:6, Vect ⑥
Ztones:tile.vectBlock:7, Vect ⑦
Ztones:tile.vectBlock:8, Vect ⑧
Ztones:tile.vectBlock:9, Vect ⑨
Ztones:tile.vectBlock:10, Vect ⑩
Ztones:tile.vectBlock:11, Vect ⑪
Ztones:tile.vectBlock:12, Vect ⑫
Ztones:tile.vectBlock:13, Vect ⑬
Ztones:tile.vectBlock:14, Vect ⑭
Ztones:tile.vectBlock:15, Vect ⑮
Ztones:tile.venaBlock:0, Vena ⓪
Ztones:tile.venaBlock:1, Vena ①
Ztones:tile.venaBlock:2, Vena ②
Ztones:tile.venaBlock:3, Vena ③
Ztones:tile.venaBlock:4, Vena ④
Ztones:tile.venaBlock:5, Vena ⑤
Ztones:tile.venaBlock:6, Vena ⑥
Ztones:tile.venaBlock:7, Vena ⑦
Ztones:tile.venaBlock:8, Vena ⑧
Ztones:tile.venaBlock:9, Vena ⑨
Ztones:tile.venaBlock:10, Vena ⑩
Ztones:tile.venaBlock:11, Vena ⑪
Ztones:tile.venaBlock:12, Vena ⑫
Ztones:tile.venaBlock:13, Vena ⑬
Ztones:tile.venaBlock:14, Vena ⑭
Ztones:tile.venaBlock:15, Vena ⑮
Ztones:tile.zechBlock:0, Zech ⓪
Ztones:tile.zechBlock:1, Zech ①
Ztones:tile.zechBlock:2, Zech ②
Ztones:tile.zechBlock:3, Zech ③
Ztones:tile.zechBlock:4, Zech ④
Ztones:tile.zechBlock:5, Zech ⑤
Ztones:tile.zechBlock:6, Zech ⑥
Ztones:tile.zechBlock:7, Zech ⑦
Ztones:tile.zechBlock:8, Zech ⑧
Ztones:tile.zechBlock:9, Zech ⑨
Ztones:tile.zechBlock:10, Zech ⑩
Ztones:tile.zechBlock:11, Zech ⑪
Ztones:tile.zechBlock:12, Zech ⑫
Ztones:tile.zechBlock:13, Zech ⑬
Ztones:tile.zechBlock:14, Zech ⑭
Ztones:tile.zechBlock:15, Zech ⑮
Ztones:tile.zionBlock:0, Zion ⓪
Ztones:tile.zionBlock:1, Zion ①
Ztones:tile.zionBlock:2, Zion ②
Ztones:tile.zionBlock:3, Zion ③
Ztones:tile.zionBlock:4, Zion ④
Ztones:tile.zionBlock:5, Zion ⑤
Ztones:tile.zionBlock:6, Zion ⑥
Ztones:tile.zionBlock:7, Zion ⑦
Ztones:tile.zionBlock:8, Zion ⑧
Ztones:tile.zionBlock:9, Zion ⑨
Ztones:tile.zionBlock:10, Zion ⑩
Ztones:tile.zionBlock:11, Zion ⑪
Ztones:tile.zionBlock:12, Zion ⑫
Ztones:tile.zionBlock:13, Zion ⑬
Ztones:tile.zionBlock:14, Zion ⑭
Ztones:tile.zionBlock:15, Zion ⑮
Ztones:tile.zomeBlock:0, Zome ⓪
Ztones:tile.zomeBlock:1, Zome ①
Ztones:tile.zomeBlock:2, Zome ②
Ztones:tile.zomeBlock:3, Zome ③
Ztones:tile.zomeBlock:4, Zome ④
Ztones:tile.zomeBlock:5, Zome ⑤
Ztones:tile.zomeBlock:6, Zome ⑥
Ztones:tile.zomeBlock:7, Zome ⑦
Ztones:tile.zomeBlock:8, Zome ⑧
Ztones:tile.zomeBlock:9, Zome ⑨
Ztones:tile.zomeBlock:10, Zome ⑩
Ztones:tile.zomeBlock:11, Zome ⑪
Ztones:tile.zomeBlock:12, Zome ⑫
Ztones:tile.zomeBlock:13, Zome ⑬
Ztones:tile.zomeBlock:14, Zome ⑭
Ztones:tile.zomeBlock:15, Zome ⑮
Ztones:tile.zoneBlock:0, Zone ⓪
Ztones:tile.zoneBlock:1, Zone ①
Ztones:tile.zoneBlock:2, Zone ②
Ztones:tile.zoneBlock:3, Zone ③
Ztones:tile.zoneBlock:4, Zone ④
Ztones:tile.zoneBlock:5, Zone ⑤
Ztones:tile.zoneBlock:6, Zone ⑥
Ztones:tile.zoneBlock:7, Zone ⑦
Ztones:tile.zoneBlock:8, Zone ⑧
Ztones:tile.zoneBlock:9, Zone ⑨
Ztones:tile.zoneBlock:10, Zone ⑩
Ztones:tile.zoneBlock:11, Zone ⑪
Ztones:tile.zoneBlock:12, Zone ⑫
Ztones:tile.zoneBlock:13, Zone ⑬
Ztones:tile.zoneBlock:14, Zone ⑭
Ztones:tile.zoneBlock:15, Zone ⑮
Ztones:tile.zorgBlock:0, Zorg ⓪
Ztones:tile.zorgBlock:1, Zorg ①
Ztones:tile.zorgBlock:2, Zorg ②
Ztones:tile.zorgBlock:3, Zorg ③
Ztones:tile.zorgBlock:4, Zorg ④
Ztones:tile.zorgBlock:5, Zorg ⑤
Ztones:tile.zorgBlock:6, Zorg ⑥
Ztones:tile.zorgBlock:7, Zorg ⑦
Ztones:tile.zorgBlock:8, Zorg ⑧
Ztones:tile.zorgBlock:9, Zorg ⑨
Ztones:tile.zorgBlock:10, Zorg ⑩
Ztones:tile.zorgBlock:11, Zorg ⑪
Ztones:tile.zorgBlock:12, Zorg ⑫
Ztones:tile.zorgBlock:13, Zorg ⑬
Ztones:tile.zorgBlock:14, Zorg ⑭
Ztones:tile.zorgBlock:15, Zorg ⑮
Ztones:tile.glaxx:0, Tinted Glass ⓪
Ztones:tile.glaxx:1, Tinted Glass ①
Ztones:tile.glaxx:2, Tinted Glass ②
Ztones:tile.glaxx:3, Tinted Glass ③
Ztones:tile.glaxx:4, Tinted Glass ④
Ztones:tile.glaxx:5, Tinted Glass ⑤
Ztones:tile.glaxx:6, Tinted Glass ⑥
Ztones:tile.glaxx:7, Tinted Glass ⑦
Ztones:tile.glaxx:8, Tinted Glass ⑧
Ztones:tile.glaxx:9, Tinted Glass ⑨
Ztones:tile.glaxx:10, Tinted Glass ⑩
Ztones:tile.glaxx:11, Tinted Glass ⑪
Ztones:tile.glaxx:12, Tinted Glass ⑫
Ztones:tile.glaxx:13, Tinted Glass ⑬
Ztones:tile.glaxx:14, Tinted Glass ⑭
Ztones:tile.glaxx:15, Tinted Glass ⑮
Ztones:tile.reedBlock:0, Reed ⓪
Ztones:tile.reedBlock:1, Reed ①
Ztones:tile.reedBlock:2, Reed ②
Ztones:tile.reedBlock:3, Reed ③
Ztones:tile.reedBlock:4, Reed ④
Ztones:tile.reedBlock:5, Reed ⑤
Ztones:tile.reedBlock:6, Reed ⑥
Ztones:tile.reedBlock:7, Reed ⑦
Ztones:tile.reedBlock:8, Reed ⑧
Ztones:tile.reedBlock:9, Reed ⑨
Ztones:tile.reedBlock:10, Reed ⑩
Ztones:tile.reedBlock:11, Reed ⑪
Ztones:tile.reedBlock:12, Reed ⑫
Ztones:tile.reedBlock:13, Reed ⑬
Ztones:tile.reedBlock:14, Reed ⑭
Ztones:tile.reedBlock:15, Reed ⑮
Ztones:tile.syncBlock:0, Sync ⓪
Ztones:tile.syncBlock:1, Sync ①
Ztones:tile.syncBlock:2, Sync ②
Ztones:tile.syncBlock:3, Sync ③
Ztones:tile.syncBlock:4, Sync ④
Ztones:tile.syncBlock:5, Sync ⑤
Ztones:tile.syncBlock:6, Sync ⑥
Ztones:tile.syncBlock:7, Sync ⑦
Ztones:tile.syncBlock:8, Sync ⑧
Ztones:tile.syncBlock:9, Sync ⑨
Ztones:tile.syncBlock:10, Sync ⑩
Ztones:tile.syncBlock:11, Sync ⑪
Ztones:tile.syncBlock:12, Sync ⑫
Ztones:tile.syncBlock:13, Sync ⑬
Ztones:tile.syncBlock:14, Sync ⑭
Ztones:tile.syncBlock:15, Sync ⑮
Ztones:tile.zkulBlock:0, Zkul ⓪
Ztones:tile.zkulBlock:1, Zkul ①
Ztones:tile.zkulBlock:2, Zkul ②
Ztones:tile.zkulBlock:3, Zkul ③
Ztones:tile.zkulBlock:4, Zkul ④
Ztones:tile.zkulBlock:5, Zkul ⑤
Ztones:tile.zkulBlock:6, Zkul ⑥
Ztones:tile.zkulBlock:7, Zkul ⑦
Ztones:tile.zkulBlock:8, Zkul ⑧
Ztones:tile.zkulBlock:9, Zkul ⑨
Ztones:tile.zkulBlock:10, Zkul ⑩
Ztones:tile.zkulBlock:11, Zkul ⑪
Ztones:tile.zkulBlock:12, Zkul ⑫
Ztones:tile.zkulBlock:13, Zkul ⑬
Ztones:tile.zkulBlock:14, Zkul ⑭
Ztones:tile.zkulBlock:15, Zkul ⑮
Ztones:tile.azurBlock:0, Azur ⓪
Ztones:tile.azurBlock:1, Azur ①
Ztones:tile.azurBlock:2, Azur ②
Ztones:tile.azurBlock:3, Azur ③
Ztones:tile.azurBlock:4, Azur ④
Ztones:tile.azurBlock:5, Azur ⑤
Ztones:tile.azurBlock:6, Azur ⑥
Ztones:tile.azurBlock:7, Azur ⑦
Ztones:tile.azurBlock:8, Azur ⑧
Ztones:tile.azurBlock:9, Azur ⑨
Ztones:tile.azurBlock:10, Azur ⑩
Ztones:tile.azurBlock:11, Azur ⑪
Ztones:tile.azurBlock:12, Azur ⑫
Ztones:tile.azurBlock:13, Azur ⑬
Ztones:tile.azurBlock:14, Azur ⑭
Ztones:tile.azurBlock:15, Azur ⑮
Ztones:tile.zetaBlock:0, Zeta ⓪
Ztones:tile.zetaBlock:1, Zeta ①
Ztones:tile.zetaBlock:2, Zeta ②
Ztones:tile.zetaBlock:3, Zeta ③
Ztones:tile.zetaBlock:4, Zeta ④
Ztones:tile.zetaBlock:5, Zeta ⑤
Ztones:tile.zetaBlock:6, Zeta ⑥
Ztones:tile.zetaBlock:7, Zeta ⑦
Ztones:tile.zetaBlock:8, Zeta ⑧
Ztones:tile.zetaBlock:9, Zeta ⑨
Ztones:tile.zetaBlock:10, Zeta ⑩
Ztones:tile.zetaBlock:11, Zeta ⑪
Ztones:tile.zetaBlock:12, Zeta ⑫
Ztones:tile.zetaBlock:13, Zeta ⑬
Ztones:tile.zetaBlock:14, Zeta ⑭
Ztones:tile.zetaBlock:15, Zeta ⑮
Ztones:tile.zestBlock:0, Zest ⓪
Ztones:tile.zestBlock:1, Zest ①
Ztones:tile.zestBlock:2, Zest ②
Ztones:tile.zestBlock:3, Zest ③
Ztones:tile.zestBlock:4, Zest ④
Ztones:tile.zestBlock:5, Zest ⑤
Ztones:tile.zestBlock:6, Zest ⑥
Ztones:tile.zestBlock:7, Zest ⑦
Ztones:tile.zestBlock:8, Zest ⑧
Ztones:tile.zestBlock:9, Zest ⑨
Ztones:tile.zestBlock:10, Zest ⑩
Ztones:tile.zestBlock:11, Zest ⑪
Ztones:tile.zestBlock:12, Zest ⑫
Ztones:tile.zestBlock:13, Zest ⑬
Ztones:tile.zestBlock:14, Zest ⑭
Ztones:tile.zestBlock:15, Zest ⑮
Ztones:tile.zoeaBlock:0, Zoea ⓪
Ztones:tile.zoeaBlock:1, Zoea ①
Ztones:tile.zoeaBlock:2, Zoea ②
Ztones:tile.zoeaBlock:3, Zoea ③
Ztones:tile.zoeaBlock:4, Zoea ④
Ztones:tile.zoeaBlock:5, Zoea ⑤
Ztones:tile.zoeaBlock:6, Zoea ⑥
Ztones:tile.zoeaBlock:7, Zoea ⑦
Ztones:tile.zoeaBlock:8, Zoea ⑧
Ztones:tile.zoeaBlock:9, Zoea ⑨
Ztones:tile.zoeaBlock:10, Zoea ⑩
Ztones:tile.zoeaBlock:11, Zoea ⑪
Ztones:tile.zoeaBlock:12, Zoea ⑫
Ztones:tile.zoeaBlock:13, Zoea ⑬
Ztones:tile.zoeaBlock:14, Zoea ⑭
Ztones:tile.zoeaBlock:15, Zoea ⑮
Ztones:tile.zaneBlock:0, Zane ⓪
Ztones:tile.zaneBlock:1, Zane ①
Ztones:tile.zaneBlock:2, Zane ②
Ztones:tile.zaneBlock:3, Zane ③
Ztones:tile.zaneBlock:4, Zane ④
Ztones:tile.zaneBlock:5, Zane ⑤
Ztones:tile.zaneBlock:6, Zane ⑥
Ztones:tile.zaneBlock:7, Zane ⑦
Ztones:tile.zaneBlock:8, Zane ⑧
Ztones:tile.zaneBlock:9, Zane ⑨
Ztones:tile.zaneBlock:10, Zane ⑩
Ztones:tile.zaneBlock:11, Zane ⑪
Ztones:tile.zaneBlock:12, Zane ⑫
Ztones:tile.zaneBlock:13, Zane ⑬
Ztones:tile.zaneBlock:14, Zane ⑭
Ztones:tile.zaneBlock:15, Zane ⑮
Ztones:tile.zythBlock:0, Zyth ⓪
Ztones:tile.zythBlock:1, Zyth ①
Ztones:tile.zythBlock:2, Zyth ②
Ztones:tile.zythBlock:3, Zyth ③
Ztones:tile.zythBlock:4, Zyth ④
Ztones:tile.zythBlock:5, Zyth ⑤
Ztones:tile.zythBlock:6, Zyth ⑥
Ztones:tile.zythBlock:7, Zyth ⑦
Ztones:tile.zythBlock:8, Zyth ⑧
Ztones:tile.zythBlock:9, Zyth ⑨
Ztones:tile.zythBlock:10, Zyth ⑩
Ztones:tile.zythBlock:11, Zyth ⑪
Ztones:tile.zythBlock:12, Zyth ⑫
Ztones:tile.zythBlock:13, Zyth ⑬
Ztones:tile.zythBlock:14, Zyth ⑭
Ztones:tile.zythBlock:15, Zyth ⑮
Ztones:tile.ztylBlock:0, Ztyl ⓪
Ztones:tile.ztylBlock:1, Ztyl ①
Ztones:tile.ztylBlock:2, Ztyl ②
Ztones:tile.ztylBlock:3, Ztyl ③
Ztones:tile.ztylBlock:4, Ztyl ④
Ztones:tile.ztylBlock:5, Ztyl ⑤
Ztones:tile.ztylBlock:6, Ztyl ⑥
Ztones:tile.ztylBlock:7, Ztyl ⑦
Ztones:tile.ztylBlock:8, Ztyl ⑧
Ztones:tile.ztylBlock:9, Ztyl ⑨
Ztones:tile.ztylBlock:10, Ztyl ⑩
Ztones:tile.ztylBlock:11, Ztyl ⑪
Ztones:tile.ztylBlock:12, Ztyl ⑫
Ztones:tile.ztylBlock:13, Ztyl ⑬
Ztones:tile.ztylBlock:14, Ztyl ⑭
Ztones:tile.ztylBlock:15, Ztyl ⑮
clockworkphase:brassBlock, Brass Block
clockworkphase:clockworkAssemblyTable, Clockwork Assembly Table
clockworkphase:windingBox, Winding Box
clockworkphase:disassembler, Disassembler
clockworkphase:timeSand, Time Sand
clockworkphase:celestialCompass, Celestial Compass Core
clockworkphase:celestialCompassSub, Celestial Compass
clockworkphase:timeWell, Well of Time
clockworkphase:oreTemporal, tEmPoRAl oRe
clockworkphase:sandTemporal, tEmPoRAl sNaD
clockworkphase:woodTemporal, tEmPoRAl lOg
clockworkphase:blockTemporal, tEmPoRAl blOCk
clockworkphase:extractorLife, Life Fork Extractor
clockworkphase:extractorLight, Light Fork Extractor
clockworkphase:extractorWater, Water Fork Extractor
clockworkphase:extractorEarth, Earth Fork Extractor
clockworkphase:extractorAir, Air Fork Extractor
clockworkphase:extractorFire, Fire Fork Extractor
clockworkphase:extractorLunar, Lunar Fork Extractor
clockworkphase:extractorDeath, Death Fork Extractor
clockworkphase:hourglassLightBlock, Hourglass Light
props:blockProps, Unnamed Block, report to mod author.
props:blockFake, Unnamed Block, report to mod author.
dinodim:tile.cave_painting, Cave Painting
dinodim:tile.tar, Tar
dinodim:tile.planttop1, Prehistoric Creeping Plant
dinodim:tile.planttop2, Prehistoric Clover
dinodim:tile.planttop3, Prehistoric Moss
dinodim:tile.plant1, Prehistoric Flower (Purple)
dinodim:tile.plant2, Prehistoric Bulb
dinodim:tile.plant3, Prehistoric Flower (Light Blue)
dinodim:tile.plant4, Prehistoric Flower (White)
dinodim:tile.grass1, Short Prehistoric Grass
dinodim:tile.grass2, Tall Prehistoric Grass
dinodim:tile.mirabilis_log, Mirabilis Log
dinodim:tile.mirabilis_planks, Mirabilis Planks
dinodim:tile.portal, Portal
MoCreatures:MoCStone:0, WyvernLair Stone
MoCreatures:MoCStone:1, OgreLair Stone
MoCreatures:MoCGrass:0, WyvernLair Grass
MoCreatures:MoCGrass:1, OgreLair Grass
MoCreatures:MoCDirt:0, WyvernLair Dirt
MoCreatures:MoCDirt:1, OgreLair Dirt
MoCreatures:MoCLeaves:0, WyvernLair Leaves
MoCreatures:MoCLeaves:1, OgreLair Leaves
MoCreatures:MoCLog:0, WyvernLair Log
MoCreatures:MoCLog:1, OgreLair Log
MoCreatures:MoCTallGrass:0, WyvernLair Tall Grass
MoCreatures:MoCTallGrass:1, OgreLair Tall Grass
MoCreatures:MoCWoodPlank:0, WyvernLair Wood Plank
MoCreatures:MoCWoodPlank:1, OgreLair Wood Plank
HardcoreEnderExpansion:enhanced_tnt, TNT
HardcoreEnderExpansion:end_powder_ore, End Powder Ore
HardcoreEnderExpansion:void_chest, Void Chest
HardcoreEnderExpansion:end_stone_terrain:0, Infested End Stone
HardcoreEnderExpansion:end_stone_terrain:1, Burned End Stone
HardcoreEnderExpansion:end_stone_terrain:2, Enchanted End Stone
HardcoreEnderExpansion:laboratory_stairs, Laboratory Stairs
HardcoreEnderExpansion:death_flower_pot, tile.flowerPot.name
HardcoreEnderExpansion:obsidian_stairs, Obsidian Stairs
HardcoreEnderExpansion:stardust_ore, Stardust Ore
HardcoreEnderExpansion:death_flower:0, Death Flower
HardcoreEnderExpansion:death_flower:15, Death Flower
HardcoreEnderExpansion:decomposition_table, Decomposition Table
HardcoreEnderExpansion:laboratory_obsidian, Laboratory Obsidian
HardcoreEnderExpansion:corrupted_energy_high, Unnamed Block, report to mod author.
HardcoreEnderExpansion:ravaged_brick_glow, Glowing Ravaged Brick
HardcoreEnderExpansion:dungeon_puzzle:13, Dungeon Puzzle (Wall)
HardcoreEnderExpansion:dungeon_puzzle:14, Dungeon Puzzle (Rock)
HardcoreEnderExpansion:dungeon_puzzle:15, Dungeon Puzzle (Ceiling)
HardcoreEnderExpansion:dungeon_puzzle:12, Dungeon Puzzle (Disabled)
HardcoreEnderExpansion:dungeon_puzzle:0, Dungeon Puzzle (Triggerable - Unlit)
HardcoreEnderExpansion:dungeon_puzzle:1, Dungeon Puzzle (Triggerable - Lit)
HardcoreEnderExpansion:dungeon_puzzle:2, Dungeon Puzzle (Non-triggerable - Unlit)
HardcoreEnderExpansion:dungeon_puzzle:3, Dungeon Puzzle (Non-triggerable - Lit)
HardcoreEnderExpansion:dungeon_puzzle:4, Dungeon Puzzle (Distributor - Spread - Unlit)
HardcoreEnderExpansion:dungeon_puzzle:5, Dungeon Puzzle (Distributor - Spread - Lit)
HardcoreEnderExpansion:dungeon_puzzle:6, Dungeon Puzzle (Distributor - Square - Unlit)
HardcoreEnderExpansion:dungeon_puzzle:7, Dungeon Puzzle (Distributor - Square - Lit)
HardcoreEnderExpansion:laboratory_floor, Laboratory Floor
HardcoreEnderExpansion:custom_spawner, Monster Spawner
HardcoreEnderExpansion:cinder, Cinder
HardcoreEnderExpansion:spooky_leaves, Spooky Leaves
HardcoreEnderExpansion:igneous_rock_ore, Igneous Rock Ore
HardcoreEnderExpansion:enderman_head_block, Enderman Head
HardcoreEnderExpansion:obsidian_end, Falling Obsidian
HardcoreEnderExpansion:endium_ore, Endium Ore
HardcoreEnderExpansion:crossed_decoration:2, Thorny Bush
HardcoreEnderExpansion:crossed_decoration:3, Infested Bush
HardcoreEnderExpansion:crossed_decoration:4, Infested Fern
HardcoreEnderExpansion:crossed_decoration:5, Infested Grass
HardcoreEnderExpansion:crossed_decoration:6, Lilyfire
HardcoreEnderExpansion:crossed_decoration:7, Tall Violet Moss
HardcoreEnderExpansion:crossed_decoration:8, Moderate Violet Moss
HardcoreEnderExpansion:crossed_decoration:9, Short Violet Moss
HardcoreEnderExpansion:crossed_decoration:10, Flameweed
HardcoreEnderExpansion:crossed_decoration:11, Flameweed
HardcoreEnderExpansion:crossed_decoration:12, Flameweed
HardcoreEnderExpansion:crossed_decoration:13, Shadow Orchid
HardcoreEnderExpansion:obsidian_special:0, Smooth Obsidian
HardcoreEnderExpansion:obsidian_special:1, Chiseled Obsidian
HardcoreEnderExpansion:obsidian_special:2, Obsidian Pillar
HardcoreEnderExpansion:block_special_effects:1, specialEffects.1.name
HardcoreEnderExpansion:block_special_effects:2, specialEffects.2.name
HardcoreEnderExpansion:block_special_effects:3, specialEffects.3.name
HardcoreEnderExpansion:block_special_effects:4, specialEffects.4.name
HardcoreEnderExpansion:block_special_effects:5, specialEffects.5.name
HardcoreEnderExpansion:experience_table, Experience Table
HardcoreEnderExpansion:ravaged_brick:0, Ravaged Brick
HardcoreEnderExpansion:ravaged_brick:1, Ravaged Brick
HardcoreEnderExpansion:ravaged_brick:2, Ravaged Brick
HardcoreEnderExpansion:ravaged_brick:3, Ravaged Brick
HardcoreEnderExpansion:ravaged_brick:4, Ravaged Brick
HardcoreEnderExpansion:ravaged_brick:5, Ravaged Brick
HardcoreEnderExpansion:sphalerite:0, Sphalerite
HardcoreEnderExpansion:sphalerite:1, Sphalerite with Stardust
HardcoreEnderExpansion:ravaged_brick_fence, Ravaged Brick Fence
HardcoreEnderExpansion:biome_core, tile.biomeIslandCore.name
HardcoreEnderExpansion:essence_altar:0, Basic Essence Altar
HardcoreEnderExpansion:essence_altar:1, Dragon Essence Altar
HardcoreEnderExpansion:essence_altar:2, Fiery Essence Altar
HardcoreEnderExpansion:essence_altar:3, Spectral Essence Altar
HardcoreEnderExpansion:obsidian_special_glow:0, Smooth Glowing Obsidian
HardcoreEnderExpansion:obsidian_special_glow:1, Chiseled Glowing Obsidian
HardcoreEnderExpansion:obsidian_special_glow:2, Glowing Obsidian Pillar
HardcoreEnderExpansion:ravaged_brick_slab:0, Ravaged Brick Slab
HardcoreEnderExpansion:persegrit:0, Persegrit
HardcoreEnderExpansion:persegrit:1, Persegrit
HardcoreEnderExpansion:persegrit:2, Persegrit
HardcoreEnderExpansion:persegrit:3, Persegrit
HardcoreEnderExpansion:persegrit:4, Persegrit
HardcoreEnderExpansion:persegrit:5, Persegrit
HardcoreEnderExpansion:persegrit:6, Persegrit
HardcoreEnderExpansion:persegrit:7, Persegrit
HardcoreEnderExpansion:persegrit:8, Persegrit
HardcoreEnderExpansion:persegrit:9, Persegrit
HardcoreEnderExpansion:persegrit:10, Persegrit
HardcoreEnderExpansion:persegrit:11, Persegrit
HardcoreEnderExpansion:persegrit:12, Persegrit
HardcoreEnderExpansion:persegrit:13, Persegrit
HardcoreEnderExpansion:persegrit:14, Persegrit
HardcoreEnderExpansion:persegrit:15, Persegrit
HardcoreEnderExpansion:endium_block, Endium Block
HardcoreEnderExpansion:corrupted_energy_low, Unnamed Block, report to mod author.
HardcoreEnderExpansion:transport_beacon, Transport Beacon
HardcoreEnderExpansion:energy_extraction_table, Extraction Table
HardcoreEnderExpansion:laboratory_glass, Laboratory Glass
HardcoreEnderExpansion:spooky_log, Spooky Log
HardcoreEnderExpansion:energy_cluster, Energy Cluster
HardcoreEnderExpansion:enhanced_brewing_stand_block, tile.brewingStand.name
HardcoreEnderExpansion:ender_goo, Ender Goo
HardcoreEnderExpansion:temple_end_portal, tile.templeEndPortal.name
HardcoreEnderExpansion:ravaged_brick_smooth, Smooth Ravaged Brick
HardcoreEnderExpansion:ravaged_brick_stairs, Ravaged Brick Stairs
HardcoreEnderExpansion:accumulation_table, Accumulation Table
HardcoreEnderExpansion:laser_beam, tile.laserBeam.name
HardcoreEnderExpansion:instability_orb_ore, Instability Orb Ore
ImmersiveEngineering:ore:0, Copper Ore
ImmersiveEngineering:ore:1, Bauxite Ore
ImmersiveEngineering:ore:2, Lead Ore
ImmersiveEngineering:ore:3, Silver Ore
ImmersiveEngineering:ore:4, Nickel Ore
ImmersiveEngineering:storage:0, Block of Copper
ImmersiveEngineering:storage:1, Block of Aluminium
ImmersiveEngineering:storage:2, Block of Lead
ImmersiveEngineering:storage:3, Block of Silver
ImmersiveEngineering:storage:4, Block of Nickel
ImmersiveEngineering:storage:5, Block of Constantan
ImmersiveEngineering:storage:6, Block of Electrum
ImmersiveEngineering:storage:7, Block of Steel
ImmersiveEngineering:storage:8, Copper Wire Coil
ImmersiveEngineering:storage:9, Electrum Wire Coil
ImmersiveEngineering:storage:10, High-Voltage Wire Coil
ImmersiveEngineering:storageSlab:0, Copper Slab
ImmersiveEngineering:storageSlab:1, Aluminium Slab
ImmersiveEngineering:storageSlab:2, Lead Slab
ImmersiveEngineering:storageSlab:3, Silver Slab
ImmersiveEngineering:storageSlab:4, Nickel Slab
ImmersiveEngineering:storageSlab:5, Constantan Slab
ImmersiveEngineering:storageSlab:6, Electrum Slab
ImmersiveEngineering:storageSlab:7, Steel Slab
ImmersiveEngineering:stoneSlab:0, Hempcrete Slab
ImmersiveEngineering:stoneSlab:1, Concrete Slab
ImmersiveEngineering:stoneSlab:2, Concrete Tile Slab
ImmersiveEngineering:metalDevice:0, LV Wire Connector
ImmersiveEngineering:metalDevice:1, LV Capacitor
ImmersiveEngineering:metalDevice:1, LV Capacitor
ImmersiveEngineering:metalDevice:2, MV Wire Connector
ImmersiveEngineering:metalDevice:3, MV Capacitor
ImmersiveEngineering:metalDevice:3, MV Capacitor
ImmersiveEngineering:metalDevice:4, Transformer
ImmersiveEngineering:metalDevice:5, HV Wire Relay
ImmersiveEngineering:metalDevice:6, HV Wire Connector
ImmersiveEngineering:metalDevice:7, HV Capacitor
ImmersiveEngineering:metalDevice:7, HV Capacitor
ImmersiveEngineering:metalDevice:8, HV Transformer
ImmersiveEngineering:metalDevice:9, Kinetic Dynamo
ImmersiveEngineering:metalDevice:10, Thermoelectric Generator
ImmersiveEngineering:metalDevice:11, Conveyor Belt
ImmersiveEngineering:metalDevice:12, External Heater
ImmersiveEngineering:metalDevice:13, Item Router
ImmersiveEngineering:metalDevice:14, Core Sample Drill
ImmersiveEngineering:metalDevice:15, Dropping Conveyor Belt
ImmersiveEngineering:metalDevice2:0, Breaker Switch
ImmersiveEngineering:metalDevice2:2, Current Transformer
ImmersiveEngineering:metalDevice2:3, Powered Lantern
ImmersiveEngineering:metalDevice2:4, Floodlight
ImmersiveEngineering:metalDevice2:5, Fluid Pipe
ImmersiveEngineering:metalDevice2:6, Fluid Pump
ImmersiveEngineering:metalDevice2:7, Metal Barrel
ImmersiveEngineering:metalDevice2:8, Creative Capacitor
ImmersiveEngineering:metalDevice2:9, Redstone Breaker
ImmersiveEngineering:metalDevice2:10, Charging Station
ImmersiveEngineering:metalDevice2:11, Blast Furnace Preheater
ImmersiveEngineering:metalDecoration:0, Steel Fence
ImmersiveEngineering:metalDecoration:1, Steel Scaffolding
ImmersiveEngineering:metalDecoration:2, Lantern
ImmersiveEngineering:metalDecoration:3, Structural Arm
ImmersiveEngineering:metalDecoration:4, Radiator Block
ImmersiveEngineering:metalDecoration:5, Heavy Engineering Block
ImmersiveEngineering:metalDecoration:6, Generator Block
ImmersiveEngineering:metalDecoration:7, Light Engineering Block
ImmersiveEngineering:metalDecoration:8, Structural Cable Connector
ImmersiveEngineering:metalDecoration:9, Steel Wall Mount
ImmersiveEngineering:metalDecoration:10, Sheet Metal Block
ImmersiveEngineering:metalDecoration:11, Steel Scaffolding
ImmersiveEngineering:metalDecoration:12, Aluminium Fence
ImmersiveEngineering:metalDecoration:13, Aluminium Scaffolding
ImmersiveEngineering:metalDecoration:14, Aluminium Scaffolding
ImmersiveEngineering:metalDecoration:15, Aluminium Structural Arm
ImmersiveEngineering:metalDecoration2:0, Aluminium Sheet Metal Block
ImmersiveEngineering:metalDecoration2:1, Lead Sheet Metal Block
ImmersiveEngineering:metalDecoration2:2, Steel Sheet Metal Block
ImmersiveEngineering:metalMultiblock:0, Lightning Rod Base
ImmersiveEngineering:metalMultiblock:2, Industrial Squeezer
ImmersiveEngineering:metalMultiblock:3, Fermenter
ImmersiveEngineering:woodenDevice:0, Wooden Post
ImmersiveEngineering:woodenDevice:1, Water Wheel
ImmersiveEngineering:woodenDevice:2, Windmill
ImmersiveEngineering:woodenDevice:3, Improved Windmill
ImmersiveEngineering:woodenDevice:4, Wooden Storage Crate
ImmersiveEngineering:woodenDevice:5, Engineer's Workbench
ImmersiveEngineering:woodenDevice:6, Wooden Barrel
ImmersiveEngineering:woodenDecoration:1, Treated Wood Fence
ImmersiveEngineering:woodenDecoration:2, Treated Wood Slab
ImmersiveEngineering:woodenDecoration:4, Treated Wood Doubleslab
ImmersiveEngineering:woodenDecoration:5, Treated Wood Scaffolding
ImmersiveEngineering:woodenDecoration:6, Wooden Wall Mount
ImmersiveEngineering:treatedWood:0, Treated Wood Planks
ImmersiveEngineering:treatedWood:1, Treated Wood Planks
ImmersiveEngineering:treatedWood:2, Treated Wood Planks
ImmersiveEngineering:woodenStairs, Treated Wood Stairs
ImmersiveEngineering:woodenStairs1, Treated Wood Stairs
ImmersiveEngineering:woodenStairs2, Treated Wood Stairs
ImmersiveEngineering:stoneDevice:4, Insulating Glass
ImmersiveEngineering:stoneDecoration:0, Hempcrete
ImmersiveEngineering:stoneDecoration:1, Coke Brick
ImmersiveEngineering:stoneDecoration:2, Blast Brick
ImmersiveEngineering:stoneDecoration:3, Block of Coal Coke
ImmersiveEngineering:stoneDecoration:4, Concrete
ImmersiveEngineering:stoneDecoration:5, Concrete Tile
ImmersiveEngineering:stoneDecoration:6, Reinforced Blast Brick
ImmersiveEngineering:concreteStairs, Concrete Stairs
ImmersiveEngineering:concreteTileStairs, Concrete Tile Stairs
ImmersiveEngineering:hemp, Industrial Hemp
ImmersiveEngineering:fakeLight, tile.ImmersiveEngineering.fakeLight.name
ImmersiveEngineering:clothDevice, tile.ImmersiveEngineering.clothDevice.name
immersiveintegration:extendablePost, Extendable Wooden Post
immersiveintegration:steelTrapdoor, Steel Trapdoor
immersiveintegration:steelDecoration:0, Coke Oven Wall
immersiveintegration:steelDecoration:1, Heated Coke Oven Wall
immersiveintegration:steelDecoration:2, Coke Oven Port
immersiveintegration:extendedPost, Wooden Post Extension
immersiveintegration:industrialCokeOven, Industrial Coke Oven
immersiveintegration:itemRobin, Item Robin
immersiveintegration:inductionCharger:0, LV Induction Charger
immersiveintegration:inductionCharger:1, MV Induction Charger
immersiveintegration:inductionCharger:2, HV Induction Charger
immersiveintegration:redstoneWireConnector, Redstone Wire Connector
immersiveintegration:meWireConnector, ME Wire Connector
immersiveintegration:meDenseWireConnector, ME Dense Wire Connector
immersiveintegration:meTransformer, ME Transformer
immersiveintegration:meDenseTransformer, ME Dense Transformer
immersiveintegration:aeDecoration:0, Fluix Wire Coil
immersiveintegration:aeDecoration:1, Dense Wire Coil
obsaoa:obsaoasmoothstonea:0, Smooth Crystevia Rock
obsaoa:obsaoasmoothstonea:1, Smooth Creep Stone
obsaoa:obsaoasmoothstonea:2, Smooth Unstable Stone
obsaoa:obsaoasmoothstonea:3, Smooth Primed Stone
obsaoa:obsaoasmoothstonea:4, Smooth Haven Stone
obsaoa:obsaoasmoothstonea:5, Smooth Abyssal Stone
obsaoa:obsaoasmoothstonea:6, Smooth Precasian Stone
obsaoa:obsaoasmoothstonea:7, Smooth Precasian Stone
obsaoa:obsaoasmoothstonea:8, Smooth Mysterium Stone
obsaoa:obsaoasmoothstonea:9, Smooth Barathos Hellstone
obsaoa:obsaoasmoothstonea:10, Smooth Baron Stone
obsaoa:obsaoasmoothstonea:11, Smooth Toxic Stone
obsaoa:obsaoasmoothstonea:12, Smooth Lelyetia Stone
obsaoa:obsaoasmoothstonea:13, Smooth Greckon Stone
obsaoa:obsaoasmoothstonea:14, Smooth Borean Stone
obsaoa:obsaoasmoothstonea:15, Smooth Dustopia Stone
obsaoa:obsaoastonebricka:0, Smooth Crystevia Rock Bricks
obsaoa:obsaoastonebricka:1, Smooth Creep Stone Bricks
obsaoa:obsaoastonebricka:2, Smooth Unstable Stone Bricks
obsaoa:obsaoastonebricka:3, Smooth Primed Stone Bricks
obsaoa:obsaoastonebricka:4, Smooth Haven Stone Bricks
obsaoa:obsaoastonebricka:5, Smooth Abyssal Stone Bricks
obsaoa:obsaoastonebricka:6, Smooth Precasian Stone Bricks
obsaoa:obsaoastonebricka:7, Smooth Precasian Stone Bricks
obsaoa:obsaoastonebricka:8, Smooth Mysterium Stone Bricks
obsaoa:obsaoastonebricka:9, Smooth Barathos Hellstone Bricks
obsaoa:obsaoastonebricka:10, Smooth Baron Stone Bricks
obsaoa:obsaoastonebricka:11, Smooth Toxic Stone Bricks
obsaoa:obsaoastonebricka:12, Smooth Lelyetia Stone Bricks
obsaoa:obsaoastonebricka:13, Smooth Greckon Stone Bricks
obsaoa:obsaoastonebricka:14, Smooth Borean Stone Bricks
obsaoa:obsaoastonebricka:15, Smooth Dustopia Stone Bricks
obsaoa:obsaoasmoothstoneb:0, Smooth Iromine Stone
obsaoa:obsaoasmoothstoneb:1, Smooth Deep Rock
obsaoa:obsaoasmoothstoneb:2, Smooth Gardencia Stone
obsaoa:obsaoastonebrickb:0, Smooth Iromine Stone Bricks
obsaoa:obsaoastonebrickb:1, Smooth Deep Rock Bricks
obsaoa:obsaoastonebrickb:2, Smooth Gardencia Stone Bricks
OreSpawn:OreSpawn_SpiderSpawnBlock, tile.orespider.name
OreSpawn:OreSpawn_BatSpawnBlock, tile.orebat.name
OreSpawn:OreSpawn_CowSpawnBlock, tile.orecow.name
OreSpawn:OreSpawn_PigSpawnBlock, tile.orepig.name
OreSpawn:OreSpawn_SquidSpawnBlock, tile.oresquid.name
OreSpawn:OreSpawn_ChickenSpawnBlock, tile.orechicken.name
OreSpawn:OreSpawn_CreeperSpawnBlock, tile.orecreeper.name
OreSpawn:OreSpawn_SkeletonSpawnBlock, tile.oreskeleton.name
OreSpawn:OreSpawn_ZombieSpawnBlock, tile.orezombie.name
OreSpawn:OreSpawn_SlimeSpawnBlock, tile.oreslime.name
OreSpawn:OreSpawn_GhastSpawnBlock, tile.oreghast.name
OreSpawn:OreSpawn_ZombiePigmanSpawnBlock, tile.orezombiepigman.name
OreSpawn:OreSpawn_EndermanSpawnBlock, tile.oreenderman.name
OreSpawn:OreSpawn_CaveSpiderSpawnBlock, tile.orecavespider.name
OreSpawn:OreSpawn_SilverfishSpawnBlock, tile.oresilverfish.name
OreSpawn:OreSpawn_MagmaCubeSpawnBlock, tile.oremagmacube.name
OreSpawn:OreSpawn_WitchSpawnBlock, tile.orewitch.name
OreSpawn:OreSpawn_SheepSpawnBlock, tile.oresheep.name
OreSpawn:OreSpawn_WolfSpawnBlock, tile.orewolf.name
OreSpawn:OreSpawn_MooshroomSpawnBlock, tile.oremooshroom.name
OreSpawn:OreSpawn_WitherBossSpawnBlock, tile.orewitherboss.name
OreSpawn:OreSpawn_GirlfriendSpawnBlock, tile.oregirlfriend.name
OreSpawn:OreSpawn_BoyfriendSpawnBlock, tile.oreboyfriend.name
OreSpawn:OreSpawn_RedCowSpawnBlock, tile.oreredcow.name
OreSpawn:OreSpawn_CrystalCowSpawnBlock, tile.orecrystalcow.name
OreSpawn:OreSpawn_VillagerSpawnBlock, tile.orevillager.name
OreSpawn:OreSpawn_GoldCowSpawnBlock, tile.oregoldcow.name
OreSpawn:OreSpawn_EnchantedCowSpawnBlock, tile.oreenchantedcow.name
OreSpawn:OreSpawn_MOTHRASpawnBlock, tile.oreMOTHRA.name
OreSpawn:OreSpawn_AloSpawnBlock, tile.orealosaurus.name
OreSpawn:OreSpawn_CryoSpawnBlock, tile.orecryolophosaurus.name
OreSpawn:OreSpawn_CamaSpawnBlock, tile.orecamarasaurus.name
OreSpawn:OreSpawn_VeloSpawnBlock, tile.orevelocityraptor.name
OreSpawn:OreSpawn_HydroSpawnBlock, tile.orehydrolisc.name
OreSpawn:OreSpawn_BasilSpawnBlock, tile.orebasilisc.name
OreSpawn:OreSpawn_DragonflySpawnBlock, tile.oredragonfly.name
OreSpawn:OreSpawn_EmperorScorpionSpawnBlock, tile.oreemperorscorpion.name
OreSpawn:OreSpawn_ScorpionSpawnBlock, tile.orescorpion.name
OreSpawn:OreSpawn_CaveFisherSpawnBlock, tile.orecavefisher.name
OreSpawn:OreSpawn_SpyroSpawnBlock, tile.orespyro.name
OreSpawn:OreSpawn_BaryonyxSpawnBlock, tile.orebaryonyx.name
OreSpawn:OreSpawn_GammaMetroidSpawnBlock, tile.oregammametroid.name
OreSpawn:OreSpawn_CockateilSpawnBlock, tile.orecockateil.name
OreSpawn:OreSpawn_KyuubiSpawnBlock, tile.orekyuubi.name
OreSpawn:OreSpawn_AlienSpawnBlock, tile.orealien.name
OreSpawn:OreSpawn_IronGolemSpawnBlock, tile.oreirongolem.name
OreSpawn:OreSpawn_SnowGolemSpawnBlock, tile.oresnowgolem.name
OreSpawn:OreSpawn_EnderDragonSpawnBlock, tile.oreenderdragon.name
OreSpawn:OreSpawn_OcelotSpawnBlock, tile.oreocelot.name
OreSpawn:OreSpawn_WitherSkeletonSpawnBlock, tile.orewitherskeleton.name
OreSpawn:OreSpawn_BlazeSpawnBlock, tile.oreblaze.name
OreSpawn:OreSpawn_AttackSquidSpawnBlock, tile.oreattacksquid.name
OreSpawn:OreSpawn_WaterDragonSpawnBlock, tile.orewaterdragon.name
OreSpawn:OreSpawn_CephadromeSpawnBlock, tile.orecephadrome.name
OreSpawn:OreSpawn_KrakenSpawnBlock, tile.orekraken.name
OreSpawn:OreSpawn_LizardSpawnBlock, tile.orelizard.name
OreSpawn:OreSpawn_DragonSpawnBlock, tile.oredragon.name
OreSpawn:OreSpawn_BeeSpawnBlock, tile.orebee.name
OreSpawn:OreSpawn_HorseSpawnBlock, tile.orehorse.name
OreSpawn:OreSpawn_TrooperBugSpawnBlock, tile.oretrooper.name
OreSpawn:OreSpawn_SpitBugSpawnBlock, tile.orespit.name
OreSpawn:OreSpawn_StinkBugSpawnBlock, tile.orestink.name
OreSpawn:OreSpawn_OstrichSpawnBlock, tile.oreostrich.name
OreSpawn:OreSpawn_GazelleSpawnBlock, tile.oregazelle.name
OreSpawn:OreSpawn_ChipmunkSpawnBlock, tile.orechipmunk.name
OreSpawn:OreSpawn_CreepingHorrorSpawnBlock, tile.orecreepinghorror.name
OreSpawn:OreSpawn_TerribleTerrorSpawnBlock, tile.oreterribleterror.name
OreSpawn:OreSpawn_CliffRacerSpawnBlock, tile.orecliffracer.name
OreSpawn:OreSpawn_TriffidSpawnBlock, tile.oretriffid.name
OreSpawn:OreSpawn_PitchBlackSpawnBlock, tile.orenightmare.name
OreSpawn:OreSpawn_LurkingTerrorSpawnBlock, tile.orelurkingterror.name
OreSpawn:OreSpawn_GodzillaPartSpawnBlock, tile.oregodzillapart.name
OreSpawn:OreSpawn_GodzillaSpawnBlock, tile.oregodzilla.name
OreSpawn:OreSpawn_TheKingPartSpawnBlock, tile.orethekingpart.name
OreSpawn:OreSpawn_TheKingSpawnBlock, tile.oretheking.name
OreSpawn:OreSpawn_TheQueenPartSpawnBlock, tile.orethequeenpart.name
OreSpawn:OreSpawn_TheQueenSpawnBlock, tile.orethequeen.name
OreSpawn:OreSpawn_SmallWormSpawnBlock, tile.oresmallworm.name
OreSpawn:OreSpawn_MediumWormSpawnBlock, tile.oremediumworm.name
OreSpawn:OreSpawn_LargeWormSpawnBlock, tile.orelargeworm.name
OreSpawn:OreSpawn_CassowarySpawnBlock, tile.orecassowary.name
OreSpawn:OreSpawn_CloudSharkSpawnBlock, tile.orecloudshark.name
OreSpawn:OreSpawn_GoldFishSpawnBlock, tile.oregoldfish.name
OreSpawn:OreSpawn_LeafMonsterSpawnBlock, tile.oreleafmonster.name
OreSpawn:OreSpawn_TshirtSpawnBlock, tile.oretshirt.name
OreSpawn:OreSpawn_EnderKnightSpawnBlock, tile.oreenderknight.name
OreSpawn:OreSpawn_EnderReaperSpawnBlock, tile.oreenderreaper.name
OreSpawn:OreSpawn_BeaverSpawnBlock, tile.orebeaver.name
OreSpawn:OreSpawn_UrchinSpawnBlock, tile.oreurchin.name
OreSpawn:OreSpawn_FlounderSpawnBlock, tile.oreflounder.name
OreSpawn:OreSpawn_SkateSpawnBlock, tile.oreskate.name
OreSpawn:OreSpawn_RotatorSpawnBlock, tile.orerotator.name
OreSpawn:OreSpawn_PeacockSpawnBlock, tile.orepeacock.name
OreSpawn:OreSpawn_FairySpawnBlock, tile.orefairy.name
OreSpawn:OreSpawn_DungeonBeastSpawnBlock, tile.oredungeonbeast.name
OreSpawn:OreSpawn_VortexSpawnBlock, tile.orevortex.name
OreSpawn:OreSpawn_RatSpawnBlock, tile.orerat.name
OreSpawn:OreSpawn_WhaleSpawnBlock, tile.orewhale.name
OreSpawn:OreSpawn_IrukandjiSpawnBlock, tile.oreirukandji.name
OreSpawn:OreSpawn_TRexSpawnBlock, tile.oretrex.name
OreSpawn:OreSpawn_HerculesSpawnBlock, tile.orehercules.name
OreSpawn:OreSpawn_MantisSpawnBlock, tile.oremantis.name
OreSpawn:OreSpawn_StinkySpawnBlock, tile.orestinky.name
OreSpawn:OreSpawn_EasterBunnySpawnBlock, tile.oreeasterbunny.name
OreSpawn:OreSpawn_CaterKillerSpawnBlock, tile.orecaterkiller.name
OreSpawn:OreSpawn_MolenoidSpawnBlock, tile.oremolenoid.name
OreSpawn:OreSpawn_SeaMonsterSpawnBlock, tile.oreseamonster.name
OreSpawn:OreSpawn_SeaViperSpawnBlock, tile.oreseaviper.name
OreSpawn:OreSpawn_LeonSpawnBlock, tile.oreleon.name
OreSpawn:OreSpawn_HammerheadSpawnBlock, tile.orehammerhead.name
OreSpawn:OreSpawn_RubberDuckySpawnBlock, tile.orerubberducky.name
OreSpawn:OreSpawn_CriminalSpawnBlock, tile.orecriminal.name
OreSpawn:OreSpawn_BrutalflySpawnBlock, tile.orebrutalfly.name
OreSpawn:OreSpawn_NastysaurusSpawnBlock, tile.orenastysaurus.name
OreSpawn:OreSpawn_PointysaurusSpawnBlock, tile.orepointysaurus.name
OreSpawn:OreSpawn_CricketSpawnBlock, tile.orecricket.name
OreSpawn:OreSpawn_FrogSpawnBlock, tile.orefrog.name
OreSpawn:OreSpawn_SpiderDriverSpawnBlock, tile.orespiderdriver.name
OreSpawn:OreSpawn_CrabSpawnBlock, tile.orecrab.name
OreSpawn:OreSpawn_OreSaltBlock, tile.oresalt.name
OreSpawn:OreSpawn_RTPBlock, tile.blockteleport.name
OreSpawn:OreSpawn_MoleDirtBlock, tile.moledirt.name
OreSpawn:OreSpawn_OreTitaniumBlock, tile.oretitanium.name
OreSpawn:OreSpawn_OreUraniumBlock, tile.oreuranium.name
OreSpawn:OreSpawn_BlockTitaniumBlock, tile.blocktitanium.name
OreSpawn:OreSpawn_BlockMobzillaScaleBlock, tile.blockmobzillascale.name
OreSpawn:OreSpawn_BlockUraniumBlock, tile.blockuranium.name
OreSpawn:OreSpawn_LavafoamBlock, tile.lavafoam.name
OreSpawn:OreSpawn_OreRubyBlock, tile.oreruby.name
OreSpawn:OreSpawn_BlockRubyBlock, tile.blockruby.name
OreSpawn:OreSpawn_OreAmethystBlock, tile.oreamethyst.name
OreSpawn:OreSpawn_BlockAmethystBlock, tile.blockamethyst.name
OreSpawn:OreSpawn_CrystalPinkBlock, tile.crystalpink_block.name
OreSpawn:OreSpawn_TigersEyeBlock, tile.tigerseye_block.name
OreSpawn:OreSpawn_PizzaBlock, tile.pizza.name
OreSpawn:OreSpawn_DuctTapeBlock, tile.ducttape.name
OreSpawn:OreSpawn_OreCrystalStoneBlock, tile.crystalstone.name
OreSpawn:OreSpawn_OreCrystalRatBlock, tile.crystalrat.name
OreSpawn:OreSpawn_OreRedAntTrollBlock, tile.redanttroll.name
OreSpawn:OreSpawn_OreTermiteTrollBlock, tile.termitetroll.name
OreSpawn:OreSpawn_OreCrystalFairyBlock, tile.crystalfairy.name
OreSpawn:OreSpawn_OreCrystalCoalBlock, tile.crystalcoal.name
OreSpawn:OreSpawn_OreCrystalGrassBlock, tile.crystalgrass.name
OreSpawn:OreSpawn_OreCrystalCrystalBlock, tile.crystalcrystal.name
OreSpawn:OreSpawn_OreTigersEyeBlock, tile.tigerseye.name
OreSpawn:OreSpawn_CrystalPlanksBlock, tile.crystalplanks.name
OreSpawn:OreSpawn_CrystalWorkbenchBlock, tile.crystalworkbench.name
OreSpawn:OreSpawn_CrystalFurnaceBlock, tile.crystalfurnace.name
OreSpawn:OreSpawn_CrystalFurnaceOnBlock, tile.crystalfurnace.name
OreSpawn:OreSpawn_StrawberryPlant, Unnamed Block, report to mod author.
OreSpawn:OreSpawn_RadishPlant, Unnamed Block, report to mod author.
OreSpawn:OreSpawn_RicePlant, Unnamed Block, report to mod author.
OreSpawn:OreSpawn_ButterflyPlant, Unnamed Block, report to mod author.
OreSpawn:OreSpawn_MothPlant, Unnamed Block, report to mod author.
OreSpawn:OreSpawn_MosquitoPlant, Unnamed Block, report to mod author.
OreSpawn:OreSpawn_FireflyPlant, Unnamed Block, report to mod author.
OreSpawn:OreSpawn_CornPlant1, tile.corn_0.name
OreSpawn:OreSpawn_CornPlant2, tile.corn_1.name
OreSpawn:OreSpawn_CornPlant3, tile.corn_2.name
OreSpawn:OreSpawn_CornPlant4, tile.corn_3.name
OreSpawn:OreSpawn_QuinoaPlant1, tile.quinoa_0.name
OreSpawn:OreSpawn_QuinoaPlant2, tile.quinoa_1.name
OreSpawn:OreSpawn_QuinoaPlant3, tile.quinoa_2.name
OreSpawn:OreSpawn_QuinoaPlant4, tile.quinoa_3.name
OreSpawn:OreSpawn_TomatoPlant1, tile.tomato_0.name
OreSpawn:OreSpawn_TomatoPlant2, tile.tomato_1.name
OreSpawn:OreSpawn_TomatoPlant3, tile.tomato_2.name
OreSpawn:OreSpawn_TomatoPlant4, tile.tomato_3.name
OreSpawn:OreSpawn_LettucePlant1, tile.lettuce_0.name
OreSpawn:OreSpawn_LettucePlant2, tile.lettuce_1.name
OreSpawn:OreSpawn_LettucePlant3, tile.lettuce_2.name
OreSpawn:OreSpawn_LettucePlant4, tile.lettuce_3.name
OreSpawn:OreSpawn_AppleLeaves, tile.leaves_apple.name
OreSpawn:OreSpawn_ExperienceLeaves, tile.leaves_experience.name
OreSpawn:OreSpawn_ScaryLeaves, tile.leaves_scary.name
OreSpawn:OreSpawn_CherryLeaves, tile.leaves_cherry.name
OreSpawn:OreSpawn_PeachLeaves, tile.leaves_peach.name
OreSpawn:OreSpawn_SkyTreeLog, tile.skytreelog.name
OreSpawn:OreSpawn_DuplicatorLog, tile.duplicatortreelog.name
OreSpawn:OreSpawn_ExperiencePlant, tile.experiencesapling.name
OreSpawn:OreSpawn_CrystalPlant, tile.crystalsapling.name
OreSpawn:OreSpawn_CrystalPlant2, tile.crystalsapling2.name
OreSpawn:OreSpawn_CrystalPlant3, tile.crystalsapling3.name
OreSpawn:OreSpawn_FlowerPink, tile.flower_pink.name
OreSpawn:OreSpawn_FlowerBlue, tile.flower_blue.name
OreSpawn:OreSpawn_FlowerBlack, tile.flower_black.name
OreSpawn:OreSpawn_FlowerScary, tile.flower_scary.name
OreSpawn:OreSpawn_CrystalFlowerRed, tile.crystalflower_red.name
OreSpawn:OreSpawn_CrystalFlowerGreen, tile.crystalflower_green.name
OreSpawn:OreSpawn_CrystalFlowerBlue, tile.crystalflower_blue.name
OreSpawn:OreSpawn_CrystalFlowerYellow, tile.crystalflower_yellow.name
OreSpawn:OreSpawn_CrystalLeaves, tile.crystaltreeleaves.name
OreSpawn:OreSpawn_CrystalLeaves2, tile.crystaltreeleaves2.name
OreSpawn:OreSpawn_CrystalLeaves3, tile.crystaltreeleaves3.name
OreSpawn:OreSpawn_CrystalTreeLog, tile.crystaltreelog.name
OreSpawn:OreSpawn_ExtremeTorch, tile.extremetorch.name
OreSpawn:OreSpawn_CrystalTorch, tile.crystaltorch.name
OreSpawn:OreSpawn_KrakenRepellent, tile.krakenrepellent.name
OreSpawn:OreSpawn_CreeperRepellent, tile.creeperrepellent.name
OreSpawn:OreSpawn_Island, tile.island.name
OreSpawn:OreSpawn_KingSpawner, tile.kingspawner.name
OreSpawn:OreSpawn_QueenSpawner, tile.queenspawner.name
OreSpawn:OreSpawn_DungeonSpawner, tile.dungeonspawner.name
OreSpawn:OreSpawn_EnderPearlBlock, tile.blockenderpearl.name
OreSpawn:OreSpawn_EyeOfEnderBlock, tile.blockeyeofender.name
OreSpawn:OreSpawn_AntBlock, tile.AntBlock.name
OreSpawn:OreSpawn_RedAntBlock, tile.RedAntBlock.name
OreSpawn:OreSpawn_TermiteBlock, tile.TermiteBlock.name
OreSpawn:OreSpawn_CrystalTermiteBlock, tile.CrystalTermiteBlock.name
OreSpawn:OreSpawn_RainbowAntBlock, tile.RainbowAntBlock.name
OreSpawn:OreSpawn_UnstableAntBlock, tile.UnstableAntBlock.name
harvestcraft:cuttingboard, Cutting Board
harvestcraft:pot, Pot
harvestcraft:beehive, Beehive
harvestcraft:apiary, Apiary
harvestcraft:presser, Presser
harvestcraft:sink, tile.sink.name
harvestcraft:salt, Salt Ore
harvestcraft:spamcompressedsaltBlockalt, Compressed Salt Block
harvestcraft:market, Market
harvestcraft:oven, Oven
harvestcraft:ovenon, tile.ovenon.name
harvestcraft:churn, Churn
harvestcraft:churnon, tile.churnon.name
harvestcraft:quern, Quern
harvestcraft:quernon, tile.quernon.name
harvestcraft:fishtrap, Fish Trap
harvestcraft:animaltrap, Animal Trap
harvestcraft:berrygarden, Berry Garden
harvestcraft:desertgarden, Desert Garden
harvestcraft:grassgarden, Grass Garden
harvestcraft:gourdgarden, Gourd Garden
harvestcraft:groundgarden, Ground Garden
harvestcraft:herbgarden, Herb Garden
harvestcraft:leafygarden, Leafy Garden
harvestcraft:mushroomgarden, Mushroom Garden
harvestcraft:stalkgarden, Stalk Garden
harvestcraft:textilegarden, Textile Garden
harvestcraft:tropicalgarden, Tropical Garden
harvestcraft:watergarden, Water Garden
harvestcraft:pamApple, Apple
harvestcraft:pamappleSapling, Apple Sapling
harvestcraft:pamAlmond, Almond
harvestcraft:pamalmondSapling, Almond Sapling
harvestcraft:pamApricot, Apricot
harvestcraft:pamapricotSapling, Apricot Sapling
harvestcraft:pamAvocado, Avocado
harvestcraft:pamavocadoSapling, Avocado Sapling
harvestcraft:pamBanana, Banana
harvestcraft:pambananaSapling, Banana Sapling
harvestcraft:pamCashew, Cashew
harvestcraft:pamcashewSapling, Cashew Sapling
harvestcraft:pamCherry, Cherry
harvestcraft:pamcherrySapling, Cherry Sapling
harvestcraft:pamChestnut, Chestnut
harvestcraft:pamchestnutSapling, Chestnut Sapling
harvestcraft:pamCinnamon, Cinnamon Wood
harvestcraft:pamcinnamonSapling, Cinnamon Sapling
harvestcraft:pamCoconut, Coconut
harvestcraft:pamcoconutSapling, Coconut Sapling
harvestcraft:pamDate, Date
harvestcraft:pamdateSapling, Date Sapling
harvestcraft:pamDragonfruit, Dragonfruit
harvestcraft:pamdragonfruitSapling, Dragonfruit Sapling
harvestcraft:pamDurian, Durian
harvestcraft:pamdurianSapling, Durian Sapling
harvestcraft:pamFig, Fig
harvestcraft:pamfigSapling, Fig Sapling
harvestcraft:pamGrapefruit, Grapefruit
harvestcraft:pamgrapefruitSapling, Grapefruit Sapling
harvestcraft:pamLemon, Lemon
harvestcraft:pamlemonSapling, Lemon Sapling
harvestcraft:pamLime, Lime
harvestcraft:pamlimeSapling, Lime Sapling
harvestcraft:pamMaple, Maple Wood
harvestcraft:pammapleSapling, Maple Sapling
harvestcraft:pamMango, Mango
harvestcraft:pammangoSapling, Mango Sapling
harvestcraft:pamNutmeg, Nutmeg
harvestcraft:pamnutmegSapling, Nutmeg Sapling
harvestcraft:pamOlive, Olive
harvestcraft:pamoliveSapling, Olive Sapling
harvestcraft:pamOrange, Orange
harvestcraft:pamorangeSapling, Orange Sapling
harvestcraft:pamPapaya, Papaya
harvestcraft:pampapayaSapling, Papaya Sapling
harvestcraft:pamPaperbark, Paperbark Wood
harvestcraft:pampaperbarkSapling, Paperbark Sapling
harvestcraft:pamPeach, Peach
harvestcraft:pampeachSapling, Peach Sapling
harvestcraft:pamPear, Pear
harvestcraft:pampearSapling, Pear Sapling
harvestcraft:pamPecan, Pecan
harvestcraft:pampecanSapling, Pecan Sapling
harvestcraft:pamPeppercorn, Peppercorn
harvestcraft:pampeppercornSapling, Peppercorn Sapling
harvestcraft:pamPersimmon, Persimmon
harvestcraft:pampersimmonSapling, Persimmon Sapling
harvestcraft:pamPistachio, Pistachio
harvestcraft:pampistachioSapling, Pistachio Sapling
harvestcraft:pamPlum, Plum
harvestcraft:pamplumSapling, Plum Sapling
harvestcraft:pamPomegranate, Pomegranate
harvestcraft:pampomegranateSapling, Pomegranate Sapling
harvestcraft:pamStarfruit, Starfruit
harvestcraft:pamstarfruitSapling, Starfruit Sapling
harvestcraft:pamVanillabean, Vanilla Bean
harvestcraft:pamvanillabeanSapling, Vanilla Sapling
harvestcraft:pamWalnut, Walnut
harvestcraft:pamwalnutSapling, Walnut Sapling
harvestcraft:pamGooseberry, Goosberry
harvestcraft:pamgooseberrySapling, Gooseberry Sapling
harvestcraft:pamblackberryCrop, Blackberry Crop
harvestcraft:pamblueberryCrop, Blueberry Crop
harvestcraft:pamcandleberryCrop, Candleberry Crop
harvestcraft:pamraspberryCrop, Raspberry Crop
harvestcraft:pamstrawberryCrop, Strawberry Crop
harvestcraft:pamcactusfruitCrop, Cactus Fruit Crop
harvestcraft:pamasparagusCrop, Asparagus Crop
harvestcraft:pambarleyCrop, Barley Crop
harvestcraft:pamoatsCrop, Oats Crop
harvestcraft:pamryeCrop, Rye Crop
harvestcraft:pamcornCrop, Corn Crop
harvestcraft:pambambooshootCrop, Bamboo Crop
harvestcraft:pamcantaloupeCrop, Cantaloupe Crop
harvestcraft:pamcucumberCrop, Cucumber Crop
harvestcraft:pamwintersquashCrop, Winter Squash Crop
harvestcraft:pamzucchiniCrop, Zucchini Crop
harvestcraft:pambeetCrop, Beet Crop
harvestcraft:pamonionCrop, Onion Crop
harvestcraft:pamparsnipCrop, Parsnip Crop
harvestcraft:pampeanutCrop, Peanut Crop
harvestcraft:pamradishCrop, Radish Crop
harvestcraft:pamrutabagaCrop, Rutabaga Crop
harvestcraft:pamsweetpotatoCrop, Sweet Potato Crop
harvestcraft:pamturnipCrop, Turnip Crop
harvestcraft:pamrhubarbCrop, Rhubarb Crop
harvestcraft:pamceleryCrop, Celery Crop
harvestcraft:pamgarlicCrop, Garlic Crop
harvestcraft:pamgingerCrop, Ginger Crop
harvestcraft:pamspiceleafCrop, Spice Leaf Crop
harvestcraft:pamtealeafCrop, Tea Leaf Crop
harvestcraft:pamcoffeebeanCrop, Coffee Bean Crop
harvestcraft:pammustardseedsCrop, Mustard Seeds Crop
harvestcraft:pambroccoliCrop, Broccoli Crop
harvestcraft:pamcauliflowerCrop, Cauliflower Crop
harvestcraft:pamleekCrop, Leek Crop
harvestcraft:pamlettuceCrop, Lettuce Crop
harvestcraft:pamscallionCrop, Scallion Crop
harvestcraft:pamartichokeCrop, Artichoke Crop
harvestcraft:pambrusselsproutCrop, Brussel Sprout Crop
harvestcraft:pamcabbageCrop, Cabbage Crop
harvestcraft:pamspinachCrop, Spinach Crop
harvestcraft:pamwhitemushroomCrop, White Mushroom Crop
harvestcraft:pambeanCrop, Bean Crop
harvestcraft:pamsoybeanCrop, Soybean Crop
harvestcraft:pambellpepperCrop, Bell Pepper Crop
harvestcraft:pamchilipepperCrop, Chili Pepper Crop
harvestcraft:pameggplantCrop, Eggplant Crop
harvestcraft:pamokraCrop, Okra Crop
harvestcraft:pampeasCrop, Peas Crop
harvestcraft:pamtomatoCrop, Tomato Crop
harvestcraft:pamcottonCrop, Cotton Crop
harvestcraft:pampineappleCrop, Pineapple Crop
harvestcraft:pamgrapeCrop, Grape Crop
harvestcraft:pamkiwiCrop, Kiwi Crop
harvestcraft:pamcranberryCrop, Cranberry Crop
harvestcraft:pamriceCrop, Rice Crop
harvestcraft:pamseaweedCrop, Seaweed Crop
harvestcraft:pamcurryleafCrop, Curry Leaf Crop
harvestcraft:pamsesameseedsCrop, Sesame Seeds Crop
harvestcraft:pamwaterchestnutCrop, Water Chestnut Crop
harvestcraft:pamcandleDeco1, White Candle
harvestcraft:pamcandleDeco2, Orange Candle
harvestcraft:pamcandleDeco3, Magenta Candle
harvestcraft:pamcandleDeco4, Light Blue Candle
harvestcraft:pamcandleDeco5, Yellow Candle
harvestcraft:pamcandleDeco6, Lime Candle
harvestcraft:pamcandleDeco7, Pink Candle
harvestcraft:pamcandleDeco8, Dark Grey Candle
harvestcraft:pamcandleDeco9, Light Grey Candle
harvestcraft:pamcandleDeco10, Cyan Candle
harvestcraft:pamcandleDeco11, Purple Candle
harvestcraft:pamcandleDeco12, Blue Candle
harvestcraft:pamcandleDeco13, Brown Candle
harvestcraft:pamcandleDeco14, Green Candle
harvestcraft:pamcandleDeco15, Red Candle
harvestcraft:pamcandleDeco16, Black Candle
harvestcraft:pamcarrotCake, Carrot Cake
harvestcraft:pamcheeseCake, Cheese Cake
harvestcraft:pamcherrycheeseCake, Cherry Cheese Cake
harvestcraft:pampineappleupsidedownCake, Pineapple Upside Down Cake
harvestcraft:pamchocolatesprinkleCake, Chocolate Sprinkles Cake
harvestcraft:pamredvelvetCake, Red Velvet Cake
harvestcraft:pamlamingtonCake, Lamington
harvestcraft:pampavlovaCake, Pavlova
harvestcraft:pamholidayCake, Holiday Cake
harvestcraft:pampumpkincheeseCake, Pumpkin Cheese Cake
statues:statues.statue, tile.statues.statue.name
statues:statues.showcase, tile.statues.showcase.name
StorageDrawers:fullDrawers1:0, Oak Drawer
StorageDrawers:fullDrawers1:1, Spruce Drawer
StorageDrawers:fullDrawers1:2, Birch Drawer
StorageDrawers:fullDrawers1:3, Jungle Drawer
StorageDrawers:fullDrawers1:4, Acacia Drawer
StorageDrawers:fullDrawers1:5, Dark Oak Drawer
StorageDrawers:fullDrawers2:0, Oak Drawers 1x2
StorageDrawers:fullDrawers2:1, Spruce Drawers 1x2
StorageDrawers:fullDrawers2:2, Birch Drawers 1x2
StorageDrawers:fullDrawers2:3, Jungle Drawers 1x2
StorageDrawers:fullDrawers2:4, Acacia Drawers 1x2
StorageDrawers:fullDrawers2:5, Dark Oak Drawers 1x2
StorageDrawers:fullDrawers4:0, Oak Drawers 2x2
StorageDrawers:fullDrawers4:1, Spruce Drawers 2x2
StorageDrawers:fullDrawers4:2, Birch Drawers 2x2
StorageDrawers:fullDrawers4:3, Jungle Drawers 2x2
StorageDrawers:fullDrawers4:4, Acacia Drawers 2x2
StorageDrawers:fullDrawers4:5, Dark Oak Drawers 2x2
StorageDrawers:halfDrawers2:0, Compact Oak Drawers 1x2
StorageDrawers:halfDrawers2:1, Compact Spruce Drawers 1x2
StorageDrawers:halfDrawers2:2, Compact Birch Drawers 1x2
StorageDrawers:halfDrawers2:3, Compact Jungle Drawers 1x2
StorageDrawers:halfDrawers2:4, Compact Acacia Drawers 1x2
StorageDrawers:halfDrawers2:5, Compact Dark Oak Drawers 1x2
StorageDrawers:halfDrawers4:0, Compact Oak Drawers 2x2
StorageDrawers:halfDrawers4:1, Compact Spruce Drawers 2x2
StorageDrawers:halfDrawers4:2, Compact Birch Drawers 2x2
StorageDrawers:halfDrawers4:3, Compact Jungle Drawers 2x2
StorageDrawers:halfDrawers4:4, Compact Acacia Drawers 2x2
StorageDrawers:halfDrawers4:5, Compact Dark Oak Drawers 2x2
StorageDrawers:compDrawers, Compacting Drawer
StorageDrawers:controller, Drawer Controller
StorageDrawers:controllerSlave, Controller Slave
StorageDrawers:trim:0, Oak Trim
StorageDrawers:trim:1, Spruce Trim
StorageDrawers:trim:2, Birch Trim
StorageDrawers:trim:3, Jungle Trim
StorageDrawers:trim:4, Acacia Trim
StorageDrawers:trim:5, Dark Oak Trim
StorageDrawers:framingTable, Framing Table
StorageDrawers:fullCustom1, Framed Drawer
StorageDrawers:fullCustom2, Framed Drawers 1x2
StorageDrawers:fullCustom4, Framed Drawers 2x2
StorageDrawers:halfCustom2, Framed Drawers 1x2
StorageDrawers:halfCustom4, Framed Drawers 2x2
StorageDrawers:trimCustom, Framed Trim
StorageDrawersErebus:fullDrawers1:0, Baobab Drawer
StorageDrawersErebus:fullDrawers1:1, Eucalyptus Drawer
StorageDrawersErebus:fullDrawers1:2, Mahogany Drawer
StorageDrawersErebus:fullDrawers1:3, Mossbark Drawer
StorageDrawersErebus:fullDrawers1:4, Asper Drawer
StorageDrawersErebus:fullDrawers1:5, Cypress Drawer
StorageDrawersErebus:fullDrawers1:7, White Drawer
StorageDrawersErebus:fullDrawers1:8, Bamboo Drawer
StorageDrawersErebus:fullDrawers1:9, Rotten Drawer
StorageDrawersErebus:fullDrawers1:10, Marshwood Drawer
StorageDrawersErebus:fullDrawers1:14, Scorched Drawer
StorageDrawersErebus:fullDrawers1:15, Varnished Drawer
StorageDrawersErebus:fullDrawers2:0, Baobab Drawers 1x2
StorageDrawersErebus:fullDrawers2:1, Eucalyptus Drawers 1x2
StorageDrawersErebus:fullDrawers2:2, Mahogany Drawers 1x2
StorageDrawersErebus:fullDrawers2:3, Mossbark Drawers 1x2
StorageDrawersErebus:fullDrawers2:4, Asper Drawers 1x2
StorageDrawersErebus:fullDrawers2:5, Cypress Drawers 1x2
StorageDrawersErebus:fullDrawers2:7, White Drawers 1x2
StorageDrawersErebus:fullDrawers2:8, Bamboo Drawers 1x2
StorageDrawersErebus:fullDrawers2:9, Rotten Drawers 1x2
StorageDrawersErebus:fullDrawers2:10, Marshwood Drawers 1x2
StorageDrawersErebus:fullDrawers2:14, Scorched Drawers 1x2
StorageDrawersErebus:fullDrawers2:15, Varnished Drawers 1x2
StorageDrawersErebus:fullDrawers4:0, Baobab Drawers 2x2
StorageDrawersErebus:fullDrawers4:1, Eucalyptus Drawers 2x2
StorageDrawersErebus:fullDrawers4:2, Mahogany Drawers 2x2
StorageDrawersErebus:fullDrawers4:3, Mossbark Drawers 2x2
StorageDrawersErebus:fullDrawers4:4, Asper Drawers 2x2
StorageDrawersErebus:fullDrawers4:5, Cypress Drawers 2x2
StorageDrawersErebus:fullDrawers4:7, White Drawers 2x2
StorageDrawersErebus:fullDrawers4:8, Bamboo Drawers 2x2
StorageDrawersErebus:fullDrawers4:9, Rotten Drawers 2x2
StorageDrawersErebus:fullDrawers4:10, Marshwood Drawers 2x2
StorageDrawersErebus:fullDrawers4:14, Scorched Drawers 2x2
StorageDrawersErebus:fullDrawers4:15, Varnished Drawers 2x2
StorageDrawersErebus:halfDrawers2:0, Compact Baobab Drawers 1x2
StorageDrawersErebus:halfDrawers2:1, Compact Eucalyptus Drawers 1x2
StorageDrawersErebus:halfDrawers2:2, Compact Mahogany Drawers 1x2
StorageDrawersErebus:halfDrawers2:3, Compact Mossbark Drawers 1x2
StorageDrawersErebus:halfDrawers2:4, Compact Asper Drawers 1x2
StorageDrawersErebus:halfDrawers2:5, Compact Cypress Drawers 1x2
StorageDrawersErebus:halfDrawers2:7, Compact White Drawers 1x2
StorageDrawersErebus:halfDrawers2:8, Compact Bamboo Drawers 1x2
StorageDrawersErebus:halfDrawers2:9, Compact Rotten Drawers 1x2
StorageDrawersErebus:halfDrawers2:10, Compact Marshwood Drawers 1x2
StorageDrawersErebus:halfDrawers2:14, Compact Scorched Drawers 1x2
StorageDrawersErebus:halfDrawers2:15, Compact Varnished Drawers 1x2
StorageDrawersErebus:halfDrawers4:0, Compact Baobab Drawers 2x2
StorageDrawersErebus:halfDrawers4:1, Compact Eucalyptus Drawers 2x2
StorageDrawersErebus:halfDrawers4:2, Compact Mahogany Drawers 2x2
StorageDrawersErebus:halfDrawers4:3, Compact Mossbark Drawers 2x2
StorageDrawersErebus:halfDrawers4:4, Compact Asper Drawers 2x2
StorageDrawersErebus:halfDrawers4:5, Compact Cypress Drawers 2x2
StorageDrawersErebus:halfDrawers4:7, Compact White Drawers 2x2
StorageDrawersErebus:halfDrawers4:8, Compact Bamboo Drawers 2x2
StorageDrawersErebus:halfDrawers4:9, Compact Rotten Drawers 2x2
StorageDrawersErebus:halfDrawers4:10, Compact Marshwood Drawers 2x2
StorageDrawersErebus:halfDrawers4:14, Compact Scorched Drawers 2x2
StorageDrawersErebus:halfDrawers4:15, Compact Varnished Drawers 2x2
StorageDrawersErebus:trim:0, Baobab Trim
StorageDrawersErebus:trim:1, Eucalyptus Trim
StorageDrawersErebus:trim:2, Mahogany Trim
StorageDrawersErebus:trim:3, Mossbark Trim
StorageDrawersErebus:trim:4, Asper Trim
StorageDrawersErebus:trim:5, Cypress Trim
StorageDrawersErebus:trim:7, White Trim
StorageDrawersErebus:trim:8, Bamboo Trim
StorageDrawersErebus:trim:9, Rotten Trim
StorageDrawersErebus:trim:10, Marshwood Trim
StorageDrawersErebus:trim:14, Scorched Trim
StorageDrawersErebus:trim:15, Varnished Trim
TardisMod:tile.TardisMod.Tardis:0, TARDIS
TardisMod:tile.TardisMod.TardisTop, TARDIS
TardisMod:tile.TardisMod.TardisCore:0, Time Rotor
TardisMod:tile.TardisMod.ConsoleBlock:0, Console
TardisMod:tile.TardisMod.TardisEngineBlock:0, Temporal Engine
TardisMod:tile.TardisMod.Component:0, Open Roundel
TardisMod:tile.TardisMod.Component:1, Open White Roundel
TardisMod:tile.TardisMod.InternalDoor:0, Door
TardisMod:tile.TardisMod.InternalDoor:4, Primary Door
TardisMod:tile.TardisMod.DecoBlock:0, Walkway
TardisMod:tile.TardisMod.DecoBlock:1, Wall
TardisMod:tile.TardisMod.DecoBlock:2, tile.TardisMod.DecoBlock.Walkway.name
TardisMod:tile.TardisMod.DecoGlass:0, Glass
TardisMod:tile.TardisMod.DecoGlass:1, Open Walkway
TardisMod:tile.TardisMod.TardisDirt, Temporal Dirt
TardisMod:tile.TardisMod.Schema, Schema Boundary
TardisMod:tile.TardisMod.SchemaCore:0, Schema Core
TardisMod:tile.TardisMod.SchemaComponent:0, Door
TardisMod:tile.TardisMod.SchemaComponent:1, Door
TardisMod:tile.TardisMod.SchemaComponent:2, Room Control Panel
TardisMod:tile.TardisMod.SchemaComponent:3, Console
TardisMod:tile.TardisMod.SchemaComponent:4, Door
TardisMod:tile.TardisMod.SchemaComponent:5, Door
TardisMod:tile.TardisMod.SchemaComponent:6, Console
TardisMod:tile.TardisMod.SchemaComponent:7, Temporal Engine
TardisMod:tile.TardisMod.SchemaComponent:8, Time Rotor
TardisMod:tile.TardisMod.Slab:0, Console Slab
TardisMod:tile.TardisMod.Slab:2, Corridor Slab
TardisMod:tile.TardisMod.Slab:4, Walkway
TardisMod:tile.TardisMod.Slab:6, Glass Slab
TardisMod:tile.TardisMod.LandingPad:0, TARDIS Landing Pad
TardisMod:tile.TardisMod.Lab:0, Temporal Laboratory
TardisMod:tile.TardisMod.GravityLift:0, Solid Gravity Lift
TardisMod:tile.TardisMod.GravityLift:1, Gravity Lift
TardisMod:tile.TardisMod.ForceField:0, Solid Force Field
TardisMod:tile.TardisMod.ForceField:1, Force Field
TardisMod:tile.TardisMod.Battery:0, Basic Artron Battery
TardisMod:tile.TardisMod.Battery:1, Advanced Artron Battery
TardisMod:tile.TardisMod.Battery:2, Temporal Artron Battery
TardisMod:tile.TardisMod.ColorableWall:15, Solid Block
TardisMod:tile.TardisMod.ColorableFloor:15, Flat Block
TardisMod:tile.TardisMod.ColorableBrick:15, Solid Bricks
TardisMod:tile.TardisMod.ColorablePlank:15, Solid Planks
TardisMod:tile.TardisMod.ColorableRoundel:15, Roundel
TardisMod:tile.TardisMod.ColorableOpenRoundel:15, Open Roundel
TardisMod:tile.TardisMod.Manual:0, Manual
TardisMod:tile.TardisMod.ManualHelper, Manual
TardisMod:tile.TardisMod.StairBlock, Stair
TardisMod:tile.TardisMod.Summoner:0, TARDIS Recaller
TardisMod:tile.TardisMod.MagicDoor:0, tile.TardisMod.MagicDoor.name
TardisMod:tile.TardisMod.ColorableWall.Simulacrum:15, Solid Block (c)
TardisMod:tile.TardisMod.ColorableFloor.Simulacrum:15, Flat Block (c)
TardisMod:tile.TardisMod.ColorableBrick.Simulacrum:15, Solid Bricks (c)
TardisMod:tile.TardisMod.ColorablePlank.Simulacrum:15, Solid Planks (c)
TardisMod:tile.TardisMod.DecoGlass.Simulacrum:0, Glass (c)
TardisMod:tile.TardisMod.DecoGlass.Simulacrum:1, Open Walkway (c)
TardisMod:tile.TardisMod.DecoBlock.Simulacrum:0, Walkway (c)
TardisMod:tile.TardisMod.DecoBlock.Simulacrum:1, Wall (c)
TardisMod:tile.TardisMod.DecoBlock.Simulacrum:2, tile.TardisMod.DecoBlock.Simulacrum.Walkway.name
TardisMod:tile.TardisMod.ShieldBlock:0, TARDIS Prevention Matrix
thebetweenlands:betweenstone, Betweenstone
thebetweenlands:pitstone, Pitstone
thebetweenlands:limestone, Limestone
thebetweenlands:genericStone:0, Corrupt Betweenstone
thebetweenlands:genericStone:1, Cragrock
thebetweenlands:genericStone:2, Mossy Cragrock Top
thebetweenlands:genericStone:3, Mossy Cragrock Bottom
thebetweenlands:druidStone1, Rune Stone
thebetweenlands:druidStone2, Rune Stone
thebetweenlands:druidStone3, Rune Stone
thebetweenlands:druidStone4, Rune Stone
thebetweenlands:druidStone5, Rune Stone
thebetweenlands:bedrock, Betweenlands Bedrock
thebetweenlands:swampDirt, Swamp Dirt
thebetweenlands:swampGrass, Swamp Grass
thebetweenlands:deadGrass, Dead Grass
thebetweenlands:silt, Silt
thebetweenlands:mud, Mud
thebetweenlands:swampWater, Swamp Water
thebetweenlands:algae, Algae
thebetweenlands:sulfurTorch, Sulfur Torch
thebetweenlands:dampTorch, Damp Torch
thebetweenlands:peat, Peat
thebetweenlands:wisp, Will o' the wisp
thebetweenlands:sludge, Sludge
thebetweenlands:fallenLeaves, Fallen Leaves
thebetweenlands:slimyGrass, Slimy Grass
thebetweenlands:slimyDirt, Slimy Dirt
thebetweenlands:sludgyDirt, Sludgy Dirt
thebetweenlands:tarFluid, Liquid Tar
thebetweenlands:stagnantWater, Stagnant Water
thebetweenlands:puddle, Puddle
thebetweenlands:farmedDirt:0, Purified Swamp Dirt
thebetweenlands:farmedDirt:1, Dug Swamp Dirt
thebetweenlands:farmedDirt:2, Dug Swamp Grass
thebetweenlands:farmedDirt:3, Dug Purified Swamp Dirt
thebetweenlands:farmedDirt:4, Composted Swamp Dirt
thebetweenlands:farmedDirt:5, Composted Swamp Grass
thebetweenlands:farmedDirt:6, Composted Purified Swamp Dirt
thebetweenlands:farmedDirt:7, Decayed Composted Swamp Dirt
thebetweenlands:farmedDirt:8, Decayed Composted Swamp Grass
thebetweenlands:dentrothyst:0, Green Dentrothyst
thebetweenlands:dentrothyst:1, Orange Dentrothyst
thebetweenlands:aquaMiddleGemOre, Aqua Middle Gem Ore
thebetweenlands:crimsonMiddleGemOre, Crimson Middle Gem Ore
thebetweenlands:greenMiddleGemOre, Green Middle Gem Ore
thebetweenlands:octineOre, Octine Ore
thebetweenlands:syrmoriteOre, Syrmorite Ore
thebetweenlands:boneOre, Slimy Bone Ore
thebetweenlands:sulfurOre, Sulfur Ore
thebetweenlands:valoniteOre, Valonite Ore
thebetweenlands:lifeCrystalOre, Life Crystal Ore
thebetweenlands:scabystOre, Scabyst Ore
thebetweenlands:saplingWeedwood, Weedwood Sapling
thebetweenlands:saplingSapTree, Sap Tree Sapling
thebetweenlands:saplingSpiritTree, Spirit Tree Sapling
thebetweenlands:saplingRubberTree, Rubber Tree Sapling
thebetweenlands:weedwoodLeaves, Weedwood Leaves
thebetweenlands:sapTreeLeaves, Sap Tree Leaves
thebetweenlands:rubberTreeLeaves, Rubber Tree Leaves
thebetweenlands:weedwoodLog, Weedwood Log
thebetweenlands:weedwood, Weedwood
thebetweenlands:weedwoodBark, Weedwood Bark
thebetweenlands:rottenWeedwoodBark, Rotten Weedwood Bark
thebetweenlands:sapTreeLog, Sap Tree Log
thebetweenlands:rubberTreeLog, Rubber Tree Log
thebetweenlands:weedwoodBush, Weedwood Bush
thebetweenlands:portalBark, Portal Tree Bark
thebetweenlands:portalBarkFrame:0, Portal Frame
thebetweenlands:portalBarkFrame:1, Portal Frame
thebetweenlands:portalBarkFrame:2, Portal Frame
thebetweenlands:portalBarkFrame:3, Portal Frame
thebetweenlands:portalBarkFrame:4, Portal Frame
thebetweenlands:portalBarkFrame:5, Portal Frame
thebetweenlands:portalBarkFrame:6, Portal Frame
thebetweenlands:portalBarkFrame:7, Portal Frame
thebetweenlands:portalBarkFrame:8, Portal Frame
thebetweenlands:portalBarkFrame:9, Portal Frame
thebetweenlands:portalBarkFrame:10, Portal Frame
thebetweenlands:portalBarkFrame:11, Portal Frame
thebetweenlands:portalBarkFrame:12, Portal Frame
thebetweenlands:portalBarkFrame:13, Portal Frame
thebetweenlands:portalBarkFrame:14, Portal Frame
thebetweenlands:portalBarkFrame:15, Portal Frame
thebetweenlands:weedwoodPlanks, Weedwood Planks
thebetweenlands:rubberTreePlanks, Rubber Tree Planks
thebetweenlands:hollowLog, Hollow Log
thebetweenlands:sundew, Sundew
thebetweenlands:doubleSwampTallgrass, Double Swamp Tallgrass
thebetweenlands:phragmites, Phragmites
thebetweenlands:tallCattail, Tall Cattail
thebetweenlands:cardinalFlower, Cardinal Flower
thebetweenlands:broomSedge, Broomsedge 
thebetweenlands:weepingBlue, Weeping Blue
thebetweenlands:pitcherPlant, Pitcher Plant
thebetweenlands:swampReedBlock, Swamp Reed
thebetweenlands:swampReedBlockUW, Swamp Reed Under Water
thebetweenlands:bogBean, Bog Bean
thebetweenlands:goldenClub, Golden Club
thebetweenlands:marshMarigold, Marsh Marigolds
thebetweenlands:waterWeeds, Swamp Kelp
thebetweenlands:waterWeedsSmall, Water Weeds
thebetweenlands:mireCoral, Mire Coral
thebetweenlands:deepWaterCoral, Deep Water Coral
thebetweenlands:waterFlowerStalk, Bladderwort Stalk
thebetweenlands:waterFlower, Bladderwort
thebetweenlands:rootUW, Root Under Water
thebetweenlands:root, Root
thebetweenlands:blackHatMushroom, Black Hat Mushroom
thebetweenlands:flatHeadMushroom, Flathead Mushroom
thebetweenlands:bulbCappedMushroom, Bulb-Capped Mushroom
thebetweenlands:swampPlant, Swamp Plant
thebetweenlands:venusFlyTrap, Venus Fly Trap
thebetweenlands:volarpad, Volarpad 
thebetweenlands:thorns, Thorns
thebetweenlands:poisonIvy, Poison Ivy
thebetweenlands:wallPlants:0, Moss
thebetweenlands:wallPlants:1, Lichen
thebetweenlands:hugeMushroomStalk, Bulb-Capped Mushroom Stalk
thebetweenlands:hugeMushroomTop, Bulb-Capped Mushroom Top
thebetweenlands:middleFruitBush, Purple Pear Bush
thebetweenlands:fungusCrop, Yellow Dotted Fungus
thebetweenlands:aspectrusCrop, Aspectrus Plant
thebetweenlands:caveMoss, Cave Moss
thebetweenlands:caveGrass, Cave Grass
thebetweenlands:cattail, Cattail
thebetweenlands:swampTallgrass, Swamp Tallgrass
thebetweenlands:shoots, Shoots
thebetweenlands:nettle, Nettle
thebetweenlands:nettleFlowered, Flowering Nettle
thebetweenlands:arrowArum, Arrow Arum
thebetweenlands:buttonBush, Buttonbush
thebetweenlands:marshHibiscus, Marsh Hibiscus
thebetweenlands:pickerelWeed, Pickerel Weed
thebetweenlands:softRush, Soft Rush
thebetweenlands:marshMallow, Marsh Mallow
thebetweenlands:milkweed, Milkweed
thebetweenlands:blueIris, Blue Iris
thebetweenlands:copperIris, Copper Iris
thebetweenlands:blueEyedGrass, Blue Eyed Grass
thebetweenlands:boneset, Boneset
thebetweenlands:bottleBrushGrass, Bottle Brush Grass
thebetweenlands:sludgecreep, Sludgecreep
thebetweenlands:deadWeedwoodBush, Dead Weedwood Bush
thebetweenlands:hanger, Hanger
thebetweenlands:treeFungus, Shelf Fungus
thebetweenlands:weedwoodCraftingTable, Weedwood Crafting Table
thebetweenlands:weedwoodChest, Weedwood Chest
thebetweenlands:furnaceBL, Sulfur Furnace
thebetweenlands:furnaceBLLit, Betweenstone Furnace
thebetweenlands:dualFurnaceBL, Dual Sulfur Furnace
thebetweenlands:dualFurnaceBLLit, Betweenstone dual Furnace
thebetweenlands:stalactite, Stalactite Block
thebetweenlands:animator, Animator
thebetweenlands:purifier, Purifier
thebetweenlands:compostBin, Compost Bin
thebetweenlands:alembic, Alembic
thebetweenlands:infuser, Infuser
thebetweenlands:aspectVialBlock, Aspect Vial Block
thebetweenlands:pestleAndMortar, Mortar
thebetweenlands:mudBrick, Mud Bricks
thebetweenlands:angryBetweenstone, Angry Betweenstone
thebetweenlands:betweenstoneTilesFortress, Glowing Betweenstone Tile
thebetweenlands:betweenstoneBricks, Betweenstone Bricks
thebetweenlands:betweenstoneBricksCracked, Cracked Betweenstone Brick
thebetweenlands:betweenstoneTiles, Betweenstone Tiles
thebetweenlands:betweenstoneBricksMossy, Mossy Betweenstone Bricks
thebetweenlands:betweenstoneTilesMossy, Mossy Betweenstone Tiles
thebetweenlands:betweenstoneTilesCracked, Cracked Betweenstone Tiles
thebetweenlands:betweenstoneTilesCollapsing, Weak Betweenstone Tiles
thebetweenlands:betweenstoneTilesMossyCollapsing, Weak Mossy Betweenstone Tiles
thebetweenlands:betweenstoneSmoothMossy, Mossy Smooth Betweenstone
thebetweenlands:chiseledBetweenstone, Chiseled Betweenstone 
thebetweenlands:betweenstoneBricksMirage, Betweenstone Bricks Mirage
thebetweenlands:carvedCrag, Chiseled Cragrock
thebetweenlands:cragrockBrick, Cragrock Bricks
thebetweenlands:polishedLimestone, Polished Limestone
thebetweenlands:limestoneBricks, Limestone Bricks
thebetweenlands:limestoneTiles, Limestone Tiles
thebetweenlands:polishedLimestoneCollapsing, Weak Polished Limestone
thebetweenlands:chiseledLimestone, Chiseled Limestone
thebetweenlands:cragTiles, Cragrock Tiles
thebetweenlands:bronzeCircleBrick, Bronze Circle Brick
thebetweenlands:silverCircleBrick, Silver Circle Brick
thebetweenlands:goldCircleBrick, Gold Circle Brick
thebetweenlands:smoothBetweenstone, Smooth Betweenstone
thebetweenlands:smoothCragrock, Smooth Cragrock
thebetweenlands:solidTar, Solid Tar
thebetweenlands:sulphurBlock, Sulfur Block
thebetweenlands:syrmoriteBlock, Syrmorite Block
thebetweenlands:octineBlock, Octine Block
thebetweenlands:valoniteBlock, Valonite Block
thebetweenlands:templeBrick, Temple Bricks
thebetweenlands:mossyTempleBrick, Mossy Temple Brick
thebetweenlands:crackedTempleBrick, Cracked Temple Brick
thebetweenlands:bloodyTempleBrick, Bloody Temple Brick
thebetweenlands:smoothTempleBrick, Smooth Temple Brick
thebetweenlands:carvedTempleBrick, Chiseled Temple Brick
thebetweenlands:dungeonTile, Dungeon Tile
thebetweenlands:dungeonWall, Dungeon Wall
thebetweenlands:templePillar, Temple Pillar
thebetweenlands:betweenstonePillar, Betweenstone Pillar
thebetweenlands:pitstonePillar, Pitstone Pillar
thebetweenlands:limestonePillar, Limestone Pillar
thebetweenlands:cragrockPillar, Cragrock Pillar
thebetweenlands:thatch, Thatch
thebetweenlands:blockOfCompost, Block of Compost
thebetweenlands:mireCoralBlock, Block of Mire Coral
thebetweenlands:deepWaterCoralBlock, Block of Deep Water Coral
thebetweenlands:rubberTap, Weedwood Bucket
thebetweenlands:itemShelf, Item Shelf
thebetweenlands:smoothPitstone, Smooth Pitstone
thebetweenlands:pitstoneBricks, Pitstone Bricks
thebetweenlands:pitstoneTiles, Pitstone Tiles
thebetweenlands:chiseledPitstone, Chiseled Pitstone
thebetweenlands:choca, Chock-A-Block
thebetweenlands:geckoCage, Gecko Cage
thebetweenlands:weedwoodChipPath, Woodchip Path
thebetweenlands:walkway, Weedwood Walkway
thebetweenlands:totem, Totem Block
thebetweenlands:siltGlass, Silt Glass
thebetweenlands:polishedDentrothyst1, Polished Green Dentrothyst
thebetweenlands:polishedDentrothyst2, Polished Orange Dentrothyst
thebetweenlands:siltGlassPane, Silt Glass Pane
thebetweenlands:polishedDentrothyst1Pane, Polished Green Dentrothyst Pane
thebetweenlands:polishedDentrothyst2Pane, Polished Orange Dentrothyst Pane
thebetweenlands:repeller, Repeller
thebetweenlands:syrmoriteHopper, Syrmorite Hopper
thebetweenlands:slimyBoneBlock, Slimy Bone Block
thebetweenlands:aquaMiddleGemBlock, Aqua Middle Gem Block
thebetweenlands:crimsonMiddleGemBlock, Crimson Middle Gem Block
thebetweenlands:greenMiddleGemBlock, Green Middle Gem Block
thebetweenlands:mossyLimestoneBricks, Mossy Limestone Bricks
thebetweenlands:crackedLimestoneBricks, Cracked Limestone Bricks
thebetweenlands:glowingSmoothCragrock, Glowing Smooth Cragrock
thebetweenlands:energyBarrier, Energy Barrier
thebetweenlands:druidAltar, Dark Druid Altar
thebetweenlands:betweenstoneBrickStairs, Betweenstone Brick Stairs
thebetweenlands:mudBrickStairs, Mud Brick Stairs
thebetweenlands:cragrockBrickStairs, Cragrock Brick Stairs
thebetweenlands:limestoneBrickStairs, Limestone Brick Stairs
thebetweenlands:limestoneStairs, Limestone Stairs
thebetweenlands:smoothBetweenstoneStairs, Smooth Betweenstone Stairs
thebetweenlands:smoothCragrockStairs, Smooth Cragrock Stairs
thebetweenlands:smoothPitstoneStairs, Smooth Pitstone Stairs
thebetweenlands:betweenstoneBrickStairsMossy, Mossy Betweenstone Brick Stairs
thebetweenlands:betweenstoneSmoothStairsMossy, Mossy Smooth Betweenstone Stairs
thebetweenlands:solidTarStairs, Solid Tar Stairs
thebetweenlands:templeBrickStairs, Temple Brick Stairs
thebetweenlands:weedwoodPlankStairs, Weedwood Plank Stairs
thebetweenlands:rubberTreePlankStairs, Rubber Tree Plank Stairs
thebetweenlands:pitstoneBrickStairs, Pitstone Brick Stairs
thebetweenlands:betweenstoneBrickWall, Betweenstone Brick Wall
thebetweenlands:mudBrickWall, Mud Brick Wall
thebetweenlands:cragrockWall, Cragrock Brick Wall
thebetweenlands:limestoneBrickWall, Limestone Brick Wall
thebetweenlands:limestoneWall, Limestone Wall
thebetweenlands:smoothBetweenstoneWall, Smooth Betweenstone Wall
thebetweenlands:smoothBetweenstoneWallMossy, Mossy Smooth Betweenstone Wall
thebetweenlands:betweenstoneBrickWallMossy, Mossy Betweenstone Brick Wall
thebetweenlands:betweenstoneBrickWallCracked, Cracked Betweenstone Brick Wall
thebetweenlands:betweenstoneBrickStairsCracked, Cracked Betweenstone Brick Stairs
thebetweenlands:smoothCragrockWall, Smooth Cragrock Wall
thebetweenlands:smoothPitstoneWall, Smooth Pitstone Wall
thebetweenlands:solidTarWall, Solid Tar Wall
thebetweenlands:templeBrickWall, Temple Brick Wall
thebetweenlands:pitstoneBrickWall, Pitstone Brick Wall
thebetweenlands:weedwoodPlankFence, Weedwood Plank Fence
thebetweenlands:rubberTreePlankFence, Rubber Tree Plank Fence
thebetweenlands:weedwoodPlanksFenceGate, Weedwood Plank Fence Gate
thebetweenlands:rubberTreePlanksFenceGate, Rubber Tree Plank Fence Gate
thebetweenlands:weedwoodJukebox, Weedwood Jukebox
thebetweenlands:weedwoodLadder, Weedwood Ladder
thebetweenlands:weedwoodSignStanding, Weedwood Sign
thebetweenlands:weedwoodSignWall, Weedwood Sign
thebetweenlands:weedwoodPlanksButton, Weedwood Button
thebetweenlands:smoothBetweenstoneButton, Betweenstone Button
thebetweenlands:weedwoodPlanksPressurePlate, Weedwood Pressure Plate
thebetweenlands:betweenstonePressurePlate, Betweenstone Pressure Plate
thebetweenlands:syrmoriteBlockPressurePlate, Syrmorite Pressure Plate
thebetweenlands:weedwoodLever, Weedwood Lever
thebetweenlands:mudFlowerPot, Mud Brick Flower Pot
thebetweenlands:lootPot1, Pot of Chance
thebetweenlands:lootPot2, Pot of Chance
thebetweenlands:lootPot3, Pot of Chance
thebetweenlands:tarLootPot1, Pot of Chance
thebetweenlands:tarLootPot2, Pot of Chance
thebetweenlands:tarLootPot3, Pot of Chance
thebetweenlands:mossBed, Moss Bed
thebetweenlands:doorweedwood, Weedwood Door
thebetweenlands:doorrubber, Rubber Tree Plank Door
thebetweenlands:doorsyrmorite, Syrmorite Door
thebetweenlands:weedwoodTrapDoor, Weedwood Trapdoor
thebetweenlands:rubberTreePlankTrapDoor, Rubber Tree Plank Trapdoor
thebetweenlands:syrmoriteTrapDoor, Syrmorite Trapdoor
thebetweenlands:druidSpawner, Dark Druid Spawner
thebetweenlands:tarBeastSpawner, Tar Beast Spawner
thebetweenlands:blSpawner, Monster Spawner
thebetweenlands:rope, Rope
thebetweenlands:possessedBlock, Possessed Block
thebetweenlands:spikeTrap, Spike Trap
thebetweenlands:itemCage, Item Cage
thebetweenlands:Weedwood Planks Slab:0, Weedwood Planks Slab
thebetweenlands:tile.thebetweenlands.weedwoodPlanksSlabDouble:0, Weedwood Planks Slab
thebetweenlands:Rubber Tree Planks Slab:0, Rubber Tree Planks Slab
thebetweenlands:tile.thebetweenlands.rubberTreePlanksSlabDouble:0, Rubber Tree Planks Slab
thebetweenlands:Betweenstone Brick Slab:0, Betweenstone Brick Slab
thebetweenlands:tile.thebetweenlands.betweenstoneBricksSlabDouble:0, Betweenstone Brick Slab
thebetweenlands:Mud Brick Slab:0, Mud Brick Slab
thebetweenlands:tile.thebetweenlands.mudBrickSlabDouble:0, Mud Brick Slab
thebetweenlands:Cragrock Brick Slab:0, Cragrock Brick Slab
thebetweenlands:tile.thebetweenlands.cragrockBrickSlabDouble:0, Cragrock Brick Slab
thebetweenlands:Limestone Brick Slab:0, Limestone Brick Slab
thebetweenlands:tile.thebetweenlands.limestoneBricksSlabDouble:0, Limestone Brick Slab
thebetweenlands:Limestone Slab:0, Limestone Slab
thebetweenlands:tile.thebetweenlands.limestoneSlabDouble:0, Limestone Slab
thebetweenlands:Smooth Betweenstone Slab:0, Smooth Betweenstone Slab
thebetweenlands:tile.thebetweenlands.smoothBetweenstoneSlabDouble:0, Smooth Betweenstone Slab
thebetweenlands:Smooth Cragrock Slab:0, Smooth Cragrock Slab
thebetweenlands:tile.thebetweenlands.smoothCragrockSlabDouble:0, Smooth Cragrock Slab
thebetweenlands:Smooth Pitstone Slab:0, Smooth Pitstone Slab
thebetweenlands:tile.thebetweenlands.smoothPitstoneSlabDouble:0, Smooth Pitstone Slab
thebetweenlands:Solid Tar Slab:0, Solid Tar Slab
thebetweenlands:tile.thebetweenlands.solidTarSlabDouble:0, Solid Tar Slab
thebetweenlands:Temple Brick Slab:0, Temple Brick Slab
thebetweenlands:tile.thebetweenlands.templeBrickSlabDouble:0, Temple Brick Slab
thebetweenlands:Pitstone Brick Slab:0, Pitstone Brick Slab
thebetweenlands:tile.thebetweenlands.pitstoneBricksSlabDouble:0, Pitstone Brick Slab
thebetweenlands:Thatch Slab:0, Thatch Slab
thebetweenlands:tile.thebetweenlands.thatchSlabDouble:0, Thatch Slab
thebetweenlands:thatchSlope, Thatch Roof
thebetweenlands:Mossy Betweenstone Brick Slab:0, Mossy Betweenstone Brick Slab
thebetweenlands:tile.thebetweenlands.betweenstoneBricksMossySlabDouble:0, Mossy Betweenstone Brick Slab
thebetweenlands:Mossy Smooth Betweenstone Slab:0, Mossy Smooth Betweenstone Slab
thebetweenlands:tile.thebetweenlands.betweenstoneSmoothMossySlabDouble:0, Mossy Smooth Betweenstone Slab
thebetweenlands:Cracked Betweenstone Brick Slab:0, Cracked Betweenstone Brick Slab
thebetweenlands:tile.thebetweenlands.betweenstoneBricksCrackedSlabDouble:0, Cracked Betweenstone Brick Slab
thebetweenlands:treePortalBlock, Tree Portal
erebus:logBaobab:0, Baobab Wood
erebus:saplingBaobab:0, Baobab Sapling
erebus:plankStairBaobab:0, Baobab Stairs
erebus:slabPlanksBaobab:0, Baobab Slab
erebus:fenceBaobab:0, Baobab Fence
erebus:fenceGateBaobab:0, Baobab Fence Gate
erebus:leavesBaobab:0, Baobab Leaves
erebus:logEucalyptus:0, Eucalyptus Wood
erebus:saplingEucalyptus:0, Eucalyptus Sapling
erebus:plankStairEucalyptus:0, Eucalyptus Stairs
erebus:slabPlanksEucalyptus:0, Eucalyptus Slab
erebus:fenceEucalyptus:0, Eucalyptus Fence
erebus:fenceGateEucalyptus:0, Eucalyptus Fence Gate
erebus:leavesEucalyptus:0, Eucalyptus Leaves
erebus:logMahogany:0, Mahogany Wood
erebus:saplingMahogany:0, Mahogany Sapling
erebus:plankStairMahogany:0, Mahogany Stairs
erebus:slabPlanksMahogany:0, Mahogany Slab
erebus:fenceMahogany:0, Mahogany Fence
erebus:fenceGateMahogany:0, Mahogany Fence Gate
erebus:leavesMahogany:0, Mahogany Leaves
erebus:logMossbark:0, Mossbark Wood
erebus:saplingMossbark:0, Mossbark Sapling
erebus:plankStairMossbark:0, Mossbark Stairs
erebus:slabPlanksMossbark:0, Mossbark Slab
erebus:fenceMossbark:0, Mossbark Fence
erebus:fenceGateMossbark:0, Mossbark Fence Gate
erebus:leavesMossbark:0, Mossbark Leaves
erebus:logAsper:0, Asper Wood
erebus:saplingAsper:0, Asper Sapling
erebus:plankStairAsper:0, Asper Stairs
erebus:slabPlanksAsper:0, Asper Slab
erebus:fenceAsper:0, Asper Fence
erebus:fenceGateAsper:0, Asper Fence Gate
erebus:leavesAsper:0, Asper Leaves
erebus:logCypress:0, Cypress Wood
erebus:saplingCypress:0, Cypress Sapling
erebus:plankStairCypress:0, Cypress Stairs
erebus:slabPlanksCypress:0, Cypress Slab
erebus:fenceCypress:0, Cypress Fence
erebus:fenceGateCypress:0, Cypress Fence Gate
erebus:leavesCypress:0, Cypress Leaves
erebus:logSap:0, Balsam Wood
erebus:saplingSap:0, Balsam Sapling
erebus:plankStairSap:0, Balsam Stairs
erebus:slabPlanksSap:0, Balsam Slab
erebus:fenceSap:0, Balsam Fence
erebus:fenceGateSap:0, Balsam Fence Gate
erebus:leavesSap:0, Balsam Leaves
erebus:plankStairWhite:0, White Stairs
erebus:slabPlanksWhite:0, White Slab
erebus:fenceWhite:0, White Fence
erebus:fenceGateWhite:0, White Fence Gate
erebus:plankStairBamboo:0, Bamboo Stairs
erebus:slabPlanksBamboo:0, Bamboo Slab
erebus:fenceBamboo:0, Bamboo Fence
erebus:fenceGateBamboo:0, Bamboo Fence Gate
erebus:logRotten:0, Rotten Wood
erebus:plankStairRotten:0, Rotten Stairs
erebus:slabPlanksRotten:0, Rotten Slab
erebus:fenceRotten:0, Rotten Fence
erebus:fenceGateRotten:0, Rotten Fence Gate
erebus:logMarshwood:0, Marshwood Wood
erebus:saplingMarshwood:0, Marshwood Sapling
erebus:plankStairMarshwood:0, Marshwood Stairs
erebus:slabPlanksMarshwood:0, Marshwood Slab
erebus:fenceMarshwood:0, Marshwood Fence
erebus:fenceGateMarshwood:0, Marshwood Fence Gate
erebus:leavesMarshwood:0, Marshwood Leaves
erebus:portal, Erebus Portal
erebus:umberstone:0, Umberstone
erebus:umberstone:1, Umbercobble
erebus:umberstone:2, Mossy Umbercobble
erebus:umberstone:3, Webbed Umbercobble
erebus:umberstone:4, Umbricks
erebus:umberstone:5, Smooth Umbertile
erebus:umberstone:6, Smooth Umbertiles
erebus:redGem:0, Redgem
erebus:redGem:1, Redlamp
erebus:amber:0, Amber
erebus:amber:1, Amber Glass
erebus:amber:2, Amber Bricks
erebus:quickSand, Quicksand
erebus:ghostSand, Ghost Sand
erebus:umberstoneButton, Umberstone Button
erebus:volcanicRock, Volcanic Rock
erebus:swampVent, Swamp Gas Vent
erebus:umberGravel, Umberpebbles
erebus:oreCoal, Coal Ore
erebus:oreIron, Iron Ore
erebus:oreGold, Gold Ore
erebus:oreLapis, Lapis Ore
erebus:oreDiamond, Diamond Ore
erebus:oreEmerald, Emerald Ore
erebus:oreJade, Jade Ore
erebus:oreEncrustedDiamond, Volcanic Diamond Ore
erebus:orePetrifiedWood, Petrified Wood Ore
erebus:oreFossil, Fossil Ore
erebus:oreGneiss, Gneiss Ore
erebus:oreQuartz, Quartz Ore
erebus:oreAluminium, Aluminium Ore
erebus:oreCopper, Copper Ore
erebus:oreLead, Lead Ore
erebus:oreSilver, Silver Ore
erebus:oreTin, Tin Ore
erebus:planks:0, Baobab Planks
erebus:planks:1, Eucalyptus Planks
erebus:planks:2, Mahogany Planks
erebus:planks:3, Mossbark Planks
erebus:planks:4, Asper Planks
erebus:planks:5, Cypress Planks
erebus:planks:6, Balsam Planks
erebus:planks:7, White Planks
erebus:planks:8, Bamboo Planks
erebus:planks:9, Rotten Planks
erebus:planks:10, Marshwood Planks
erebus:log_hollow_acacia, Hollow Acacia Log
erebus:flower:0, Black Petal Block
erebus:flower:1, Red Petal Block
erebus:flower:2, Brown Petal Block
erebus:flower:3, Blue Petal Block
erebus:flower:4, Purple Petal Block
erebus:flower:5, Cyan Petal Block
erebus:flower:6, Light Gray Petal Block
erebus:flower:7, Gray Petal Block
erebus:flower:8, Pink Petal Block
erebus:flower:9, Yellow Petal Block
erebus:flower:10, Light Blue Petal Block
erebus:flower:11, Magenta Petal Block
erebus:flower:12, Orange Petal Block
erebus:flower:13, White Petal Block
erebus:flower:14, Exploding Stigma
erebus:flower:15, Stem
erebus:stigma:0, Black Stigma
erebus:stigma:1, Red Stigma
erebus:stigma:2, Brown Stigma
erebus:stigma:3, Blue Stigma
erebus:stigma:4, Purple Stigma
erebus:stigma:5, Cyan Stigma
erebus:stigma:6, Light Gray Stigma
erebus:stigma:7, Gray Stigma
erebus:stigma:8, Pink Stigma
erebus:stigma:9, Yellow Stigma
erebus:stigma:10, Light Blue Stigma
erebus:stigma:11, Magenta Stigma
erebus:stigma:12, Orange Stigma
erebus:stigma:13, White Stigma
erebus:log_scorched, Scorched Wood
erebus:planks_scorched, Scorched Planks
erebus:planks_varnished, Varnished Planks
erebus:saplessLog, Balsam resinless log
erebus:sundew, Sundew
erebus:weepingBlue, Weeping Blue Bell
erebus:bullrush, Bullrush
erebus:droughtedShrub, Droughted Shrub
erebus:tangledStalk, Tangled Stalk Mushrooms
erebus:highCapped, High Capped Mushroom
erebus:waterFlower, Tall Bloom
erebus:fiddlehead, Fiddlehead
erebus:fern, Fern
erebus:fireBloom, Firebloom
erebus:swampPlant, Swamp Plant
erebus:nettleFlowered, Blooming Nettle
erebus:nettle, Nettle
erebus:desertShrub, Desert Shrub 
erebus:bulbCappedShroom, Dark Capped Mushroom
erebus:kaizerfinger, Kaizer's Fingers Mushroom
erebus:bundleshroom, Sarcastic Czech Mushroom
erebus:greenMushroom, Grandma's Shoes Mushroom
erebus:dutchCap, Dutch Cap Mushroom
erebus:thorns, Thorns
erebus:turnipsCrop, Turnips
erebus:hanger, Erebus Hanger
erebus:wallPlants:0, Moss
erebus:wallPlants:1, Mould
erebus:wallPlantsCultivated:0, Cultivated Moss
erebus:wallPlantsCultivated:1, Cultivated Mould
erebus:mushroomCap0, Dark Capped Mushroom
erebus:mushroomCap1, Grandma's Shoes Mushroom
erebus:mushroomCap2, Sarcastic Czech Mushroom
erebus:mushroomCap3, Kaizer's Fingers Mushroom
erebus:mushroomCap4, Dutch Cap Mushroom
erebus:glowshroom, Glowshroom
erebus:glowshroomStalk, Glowshroom Stalk
erebus:glowshroomStalkDown1, Glowshroom Stalk
erebus:glowshroomStalkDown2, Glowshroom Stalk
erebus:glowshroomStalkDown3, Glowshroom Stalk
erebus:glowshroomStalkN1, Glowshroom Stalk
erebus:glowshroomStalkS1, Glowshroom Stalk
erebus:glowshroomStalkNS2, Glowshroom Stalk
erebus:glowshroomStalkW1, Glowshroom Stalk
erebus:glowshroomStalkE1, Glowshroom Stalk
erebus:glowshroomStalkWE2, Glowshroom Stalk
erebus:glowshroomStalkN3, Glowshroom Stalk
erebus:glowshroomStalkS3, Glowshroom Stalk
erebus:glowshroomStalkW3, Glowshroom Stalk
erebus:glowshroomStalkE3, Glowshroom Stalk
erebus:flowerPlanted:0, Black Flower
erebus:flowerPlanted:1, Red Flower
erebus:flowerPlanted:2, Brown Flower
erebus:flowerPlanted:3, Blue Flower
erebus:flowerPlanted:4, Purple Flower
erebus:flowerPlanted:5, Cyan Flower
erebus:flowerPlanted:6, Light Gray Flower
erebus:flowerPlanted:7, Gray Flower
erebus:flowerPlanted:8, Pink Flower
erebus:flowerPlanted:9, Yellow Flower
erebus:flowerPlanted:10, Light Blue Flower
erebus:flowerPlanted:11, Magenta Flower
erebus:flowerPlanted:12, Orange Flower
erebus:flowerPlanted:13, White Flower
erebus:flowerPlanted:14, White Flower
erebus:jadeBerryBush, Jadeberry Bush
erebus:heartBerryBush, Heartberry Bush
erebus:swampBerryBush, Swampberry Bush
erebus:mireCoral, Glowing Swamp Weed
erebus:algae, Swamp Algae
erebus:cabbageCrop, Cabbage
erebus:giantLilyPad, Giant Lily Pad
erebus:pricklyPair, Prickly Pair Cactus
erebus:blockSilk, Silk
erebus:mirbrick, Mirbrick
erebus:petrifiedWoodPlanks, Petrified Wood Planks
erebus:petrifiedCraftingTable, Petrified Crafting Table
erebus:bambooCrate, Bamboo Crate
erebus:umberFurnace, Umberfurnace
erebus:umberPaver:0, Umberpaver
erebus:umberPaver:1, Mossy Umberpaver
erebus:umberPaver:2, Webbed Umberpaver
erebus:insectRepellent, Insect Repellent Block
erebus:bambooShoot, tile.erebus.bambooShoot.name
erebus:bambooCrop, Bamboo Block
erebus:bambooTorch, Bamboo Torch
erebus:glowingJar, Glowing Jar
erebus:reinExo, Reinforced Exoskeleton Block
erebus:bambooLadder, Bamboo Ladder
erebus:bambooBridge, Bamboo Bridge
erebus:umberGolemStatue, Umbergolem Statue
erebus:petrifiedWoodChest, Petrified Wood Chest
erebus:blockBones, Block o' Bones
erebus:witherWeb, Wither Web
erebus:extenderThingy, Bamboo Extender
erebus:bambooPole, Bamboo Nerdpole
erebus:umberstonePillar, Umberstone Pillar
erebus:honeyCombBlock, Honey Comb
erebus:honeyBlock, Honey
erebus:honeyTreat, Honey Treat
erebus:mud, Mud
erebus:mudBricks, Mud Bricks
erebus:jarOHoney, Jar O'Honey
erebus:blockJade, Jade Block
erebus:glowGemBlock, Glowing Gem
erebus:mucusBomb, Mucus Bomb
erebus:siloSupports, Silo Supports
erebus:siloTank, Silo Tank
erebus:siloRoof, Silo Roof
erebus:composter, Composter
erebus:formicAcid, Formic Acid
erebus:dooramber, Amber Door
erebus:doorbaobab, Baobab Door
erebus:dooreucalyptus, Eucalyptus Door
erebus:doormahogany, Mahogany Door
erebus:doormossbark, Mossbark Door
erebus:doorasper, Asper Door
erebus:doorcypress, Cypress Door
erebus:doorrotten, Rotten Wood Door
erebus:doorpetrified, Petrified Wood Door
erebus:doorscorched, Scorched Door
erebus:doormarshwood, Marshwood Door
erebus:velocityBlock, Velocity Block
erebus:lightningSpeedBlock, Lightning Speed Block
erebus:altarBase, Altar Base
erebus:altarLightning, Altar of Lightning
erebus:altarHealing, Altar of Healing
erebus:altarXP, Altar of Experience
erebus:altarRepair, Altar of Repair
erebus:offeringAltar, Offering Altar
erebus:spiderSpawner, Spider Spawner
erebus:jumpingSpiderSpawner, Jumping Spider Spawner
erebus:tarantulaSpawner, Tarantula Spawner
erebus:waspSpawner, Wasp Spawner
erebus:antlionSpawner, Antlion Spawner
erebus:magmaCrawlerSpawner, Magma Crawler Spawner
erebus:dragonflySpawner, Dragonfly Spawner
erebus:sldingBlockPuzzle, tile.erebus.sldingBlockPuzzle.name
erebus:completedPuzzle, tile.erebus.completedPuzzle.name
erebus:forceLock, Force Lock
erebus:zombieAntSpawner, Zombie Ant Spawner
erebus:zombieAntSoldierSpawner, Zombie Ant Soldier Spawner
erebus:capstone, Pyramid Capstone
erebus:waspNestBlock, Wasp Nest Block
erebus:gneiss:0, Gneiss
erebus:gneiss:1, Carved Gneiss
erebus:gneiss:2, Layered Gneiss
erebus:gneiss:3, Gneiss Brick
erebus:gneiss:4, Smooth Gneiss
erebus:gneiss:5, Gneiss Tiles
erebus:templeBrick, Temple Brick
erebus:templePillar, Temple Pillar
erebus:templeTile, Temple Tile
erebus:gneissVent, Gneiss Gas Vent
erebus:templeBrickUnbreaking, Temple Brick Unbreaking
erebus:templeTeleporter, Temple Teleport Pad
erebus:forceField, Force Field
erebus:anthillBlock, Anthill Block
erebus:soldierAntTrap, Anthill Soldier Ant Trap
erebus:puffShroom, Anthill Puff-Shroom
erebus:umbercobbleStairs0, Umberstone Stairs
erebus:umbercobbleStairs1, Umbercobble Stairs
erebus:umbercobbleStairs2, Mossy Umbercobble Stairs
erebus:umbercobbleStairs3, Webbed Umbercobble Stairs
erebus:umbercobbleStairs4, Umbricks Stairs
erebus:umbercobbleStairs5, Smooth Umbertile Stairs
erebus:umbercobbleStairs6, Smooth Umbertiles Stairs
erebus:slab-umberstone0:0, Umberstone Slab
erebus:slab-umberstone1:0, Umbercobble Slab
erebus:slab-umberstone2:0, Mossy Umbercobble Slab
erebus:slab-umberstone3:0, Webbed Umbercobble Slab
erebus:slab-umberstone4:0, Umberstone Bricks Slab
erebus:slab-umberPaver0:0, Umberpaver Slab
erebus:slab-umberPaver1:0, Mossy Umberpaver Slab
erebus:slab-petrifiedWoodPlanks0:0, Petrified Wood Slab
erebus:gneissStairs0, Gneiss Stairs
erebus:gneissStairs1, Carved Gneiss Stairs
erebus:gneissStairs2, Layered Gneiss Stairs
erebus:gneissStairs3, Brick Gneiss Stairs
erebus:gneissStairs4, Smooth Gneiss Stairs
erebus:gneissStairs5, Tiled Gneiss Stairs
erebus:wallErebus:0, Umberstone Wall
erebus:wallErebus:1, Umbercobble Wall
erebus:wallErebus:2, Mossy Umbercobble Wall
erebus:wallErebus:3, Webbed Umbercobble Wall
erebus:wallErebus:4, Umbrick Wall
erebus:wallErebus:5, Umberpaver Wall
erebus:wallErebus:6, Mossy Umberpaver Wall
erebus:wallErebus:7, Webbed Umberpaver Wall
erebus:wallErebus:8, Amber Brick Wall
erebus:petrifiedWoodStairs, Petrified Wood Stairs
erebus:amberBrickStairs, Amber Brick Stairs
erebus:waspNestStairs, Wasp Nest Stairs
erebus:anthillStairs, Anthill Stairs (Unused WIP)
erebus:smoothieMaker, ErebusCo. Smoothie-matic 2000
erebus:gaeanKeystone, Gaean Keystone
erebus:tarantulaEgg, Tarantula Egg
erebus:antlionEgg, Antlion Egg
erebus:preservedBlock, Preserved Block
erebus:armchair, Adventurer's Armchair
tropicraft:tile.chunk, Chunk O' Head
tropicraft:tile.chunkStairs, Chunk O' Head Stairs
tropicraft:tile.oreEudialyte, Eudialyte Ore
tropicraft:tile.oreZircon, Zircon Ore
tropicraft:tile.oreAzurite, Azurite Ore
tropicraft:tile.blockOre:0, Eudialyte Block
tropicraft:tile.blockOre:1, Zircon Block
tropicraft:tile.blockOre:2, Azurite Block
tropicraft:tile.blockOre:3, Block of Cubic Zirconium
tropicraft:tile.thatch, Thatch Bundle
tropicraft:tile.coral:0, Coral Reef
tropicraft:tile.coral:1, Coral Reef
tropicraft:tile.coral:2, Coral Reef
tropicraft:tile.coral:3, Coral Reef
tropicraft:tile.coral:4, Coral Reef
tropicraft:tile.coral:5, Coral Reef
tropicraft:tile.bambooBundle, Bamboo Bundle
tropicraft:tile.log:0, Palm Log
tropicraft:tile.log:1, Mahogany Log
tropicraft:tile.plank:0, Palm Planks
tropicraft:tile.plank:1, Mahogany Planks
tropicraft:tile.bambooStairs, Bamboo Stairs
tropicraft:tile.thatchStairs, Thatch Stairs
tropicraft:tile.palmStairs, Palm Stairs
tropicraft:tile.mahoganyStairs, Mahogany Stairs
tropicraft:tile.tallFlower:1, Iris
tropicraft:tile.pineapple:1, Pineapple Plant
tropicraft:tile.bambooFence, Bamboo Fence
tropicraft:tile.palmFence, Palm Plank Fence
tropicraft:tile.sapling:0, Palm Sapling
tropicraft:tile.sapling:1, Mahogany Tree Sapling
tropicraft:tile.sapling:2, Grapefruit Tree Sapling
tropicraft:tile.sapling:3, Lemon Tree Sapling
tropicraft:tile.sapling:4, Lime Tree Sapling
tropicraft:tile.sapling:5, Orange Tree Sapling
tropicraft:tile.coffeePlant, Coffee Plant
tropicraft:tile.bambooFenceGate, Bamboo Fence Gate
tropicraft:tile.palmFenceGate, Palm Plank Fence Gate
tropicraft:tile.tikiTorch, Tiki Torch
tropicraft:tile.bambooDoor, tile.bambooDoor.name
tropicraft:tile.singleSlabs:0, Bamboo Slab
tropicraft:tile.singleSlabs:1, Thatch Slab
tropicraft:tile.singleSlabs:2, Chunk O' Head Slab
tropicraft:tile.singleSlabs:3, Palm Plank Slab
tropicraft:tile.tropicsWater, tile.tropicsWater.name
tropicraft:tile.rainStopper, tile.tropicraft:rainStopper.name
tropicraft:tile.flower:0, Commelina Diffusa
tropicraft:tile.flower:1, Crocosmia
tropicraft:tile.flower:2, Orchid
tropicraft:tile.flower:3, Canna
tropicraft:tile.flower:4, Anemone
tropicraft:tile.flower:5, Orange Anthurium
tropicraft:tile.flower:6, Red Anthurium
tropicraft:tile.flower:7, Magic Mushroom
tropicraft:tile.flower:8, Pathos
tropicraft:tile.flower:9, Acai Vine
tropicraft:tile.flower:10, Croton
tropicraft:tile.flower:11, Dracaena
tropicraft:tile.flower:12, Fern
tropicraft:tile.flower:13, Foilage
tropicraft:tile.flower:14, Bromeliad
tropicraft:tile.flowerPot, Bamboo Flower Pot
tropicraft:tile.coconut, Coconut
tropicraft:tile.firePit, Fire Pit
tropicraft:tile.bambooChest, Bamboo Chest
tropicraft:tile.portal, Tropics Portal
tropicraft:tile.portalWall, Tropics Portal Wall
tropicraft:tile.leaf:0, Grapefruit Leaves
tropicraft:tile.leaf:1, Lemon Leaves
tropicraft:tile.leaf:2, Lime Leaves
tropicraft:tile.leaf:3, Orange Leaves
tropicraft:tile.leafPalm, Palm Leaves
tropicraft:tile.leafRainforest:0, Kapok Leaves
tropicraft:tile.leafRainforest:1, Mahogany Leaves
tropicraft:tile.leafRainforest:2, Fruit Leaves
tropicraft:tile.bambooChute, Bamboo Chute
tropicraft:tile.purifiedSand, Purified Sand
tropicraft:tile.mineralSand:0, Coral Sands
tropicraft:tile.mineralSand:1, Foamy Sands
tropicraft:tile.mineralSand:2, Black Sands
tropicraft:tile.mineralSand:3, Mineral Sands
tropicraft:tile.sifter, Sifter
tropicraft:tile.curareBowl, Curare Bowl
tropicraft:tile.bongoDrum:0, Small Bongo Drum
tropicraft:tile.bongoDrum:1, Medium Bongo Drum
tropicraft:tile.bongoDrum:2, Large Bongo Drum
tropicraft:tile.koaChest, Koa Chest
tropicraft:tile.purchasePlate, Koa Trader Purchase Plate
tropicraft:tile.bambooMug, tile.bambooMug.name
tropicraft:tile.eihMixer, Drink Mixer
yegamolchattels:tikiTorch, Tiki Torch
yegamolchattels:statue, Statue
yegamolchattels:treasurePile, Treasure Pile
yegamolchattels:grandfatherClock, Grandfather Clock
yegamolchattels:weaponRack, Weapon Rack
yegamolchattels:grindstone, Grindstone Base
yegamolchattels:gong:0, Small Gong
yegamolchattels:gong:1, Gong
yegamolchattels:gong:2, Large Gong
yegamolchattels:pedestal:0, Wooden Pedestal
yegamolchattels:pedestal:1, Stone Pedestal
yegamolchattels:pedestal:2, Iron Pedestal
yegamolchattels:pedestal:3, Golden Pedestal
yegamolchattels:pedestal:4, Diamond Pedestal
yegamolchattels:ygcItemShelf:0, Jamien's Shelf
yegamolchattels:ygcItemShelf:1, Wall Shelf
yegamolchattels:ygcItemShelf:2, Wardrobe
yegamolchattels:ygcSnowGlobe, Snow Globe
yegamolchattels:plank_saw, Saw Bench
yegamolchattels:table_press, Table Press
yegamolchattels:flax_plant, Flax Plant
yegamolchattels:micro_block, Sculpture
yegamolchattels:loot_chest, Loot Chest
avp:skull.engineer, Engineer Helmet
avp:skull.spacejockey, Space Jockey Skull
avp:skull.xenomorph, Xenomorph Skull (Gigeresque)
avp:skull.xenomorph.warrior, Xenomorph Skull
avp:skull.yautja, Yautja Skull
avp:unitree.wood, Unidentified Wood
avp:unitree.tendons, Unidentified Tree Tendons
avp:unitree.leaves, Unidentified Leaves
avp:unitree.sapling, Unidentified Sapling
avp:stalagmite, Stalagmite
avp:oresilicon, Silicon Ore
avp:orecopper, Copper Ore
avp:orelithium, Lithium Ore
avp:orebauxite, Bauxite Ore
avp:solarpanel, Solar Panel
avp:satellitemodem, Satellite Modem
avp:satellitedish, Satellite Dish
avp:powercell, Powercell
avp:transformer, Step-Up Transformer
avp:transformernegative, Step-Down Transformer
avp:ceilinggrillstairs, Celing Grill Stairs
avp:ceilinggrillslab, Ceiling Grill Slab
avp:floorgrillstairs, Floor Grill Stairs
avp:floorgrillslab, Floor Grill Slab
avp:redstonesensor, Redstone Sensor
avp:redstoneemitter, Redstone Emitter
avp:redstonefluxgenerator, Redstone Flux Generator
avp:industrialwallstairs, Industrial Wall Stairs
avp:industrialslab, Industrial Slab
avp:industrialbrickstairs, Industrial Brick Stairs
avp:industrialbrickslab, Industrial Brick Slab
avp:industrialglassstairs, Industrial Glass Stairs
avp:industrialglassslab, Industrial Glass Slab
avp:hiveresin, tile.avp:hiveresin.name
avp:spawner, Sacrificial Spawner
avp:spawnerc, Sacrificial Spawner (Creative)
avp:portal.varda, Portal to Varda (Lv-223)
avp:portal.acheron, Portal to Acheron (Lv-426)
avp:assembler, Assembler
avp:turret, UA 571-E Sentry Turret
avp:terminal, Terminal
avp:stasismechanism, Stasis Mechanism
avp:generator, Repulsion Generator
avp:powerline, Powerline
avp:blastdoor, Blast Door
avp:supplychuteblock, Supply Crate (Weyland-Yutani)
avp:supplychuteblock.marines, Supply Crate (USCM)
avp:supplychuteblock.seegson, Supply Crate (Seegson)
avp:blackgoo, Black Goo
avp:mist, Reactive Mist
avp:cryostasistube, Cryostasis Tube
avp:lightpanel, Light Panel
avp:mainframepanel.shimmer, Mainframe Panel Shimmer
avp:mainframepanel.flicker, Mainframe Panel Flicker
avp:engineership.ampule, Ampule
avp:locker, Locker
avp:gunlocker, Gun Locker
avp:medpod, Medpod
avp:unidirt, Unidentified dirt
avp:unidirt.slope, Unidentified dirt Slope
avp:unidirt.corner, Unidentified dirt Corner
avp:unidirt.invertedcorner, Unidentified dirt Inverted Corner
avp:unidirt.ridge, Unidentified dirt Ridge
avp:unidirt.invertedridge, Unidentified dirt Inverted Ridge
avp:unidirt.smartinvertedridge, Unidentified dirt Smart Inverted Ridge
avp:unidirt.smartridge, Unidentified dirt Smart Ridge
avp:unistone, Unidentified stone
avp:unistone.slope, Unidentified stone Slope
avp:unistone.corner, Unidentified stone Corner
avp:unistone.invertedcorner, Unidentified stone Inverted Corner
avp:unistone.ridge, Unidentified stone Ridge
avp:unistone.invertedridge, Unidentified stone Inverted Ridge
avp:unistone.smartinvertedridge, Unidentified stone Smart Inverted Ridge
avp:unistone.smartridge, Unidentified stone Smart Ridge
avp:unisand, Unidentified sand
avp:unisand.slope, Unidentified sand Slope
avp:unisand.corner, Unidentified sand Corner
avp:unisand.invertedcorner, Unidentified sand Inverted Corner
avp:unisand.ridge, Unidentified sand Ridge
avp:unisand.invertedridge, Unidentified sand Inverted Ridge
avp:unisand.smartinvertedridge, Unidentified sand Smart Inverted Ridge
avp:unisand.smartridge, Unidentified sand Smart Ridge
avp:unigravel, Unidentified gravel
avp:unigravel.slope, Unidentified gravel Slope
avp:unigravel.corner, Unidentified gravel Corner
avp:unigravel.invertedcorner, Unidentified gravel Inverted Corner
avp:unigravel.ridge, Unidentified gravel Ridge
avp:unigravel.invertedridge, Unidentified gravel Inverted Ridge
avp:unigravel.smartinvertedridge, Unidentified gravel Smart Inverted Ridge
avp:unigravel.smartridge, Unidentified gravel Smart Ridge
avp:ceilingpanel, Ceiling Panel
avp:ceilingpanel.slope, Ceiling Panel Slope
avp:ceilingpanel.corner, Ceiling Panel Corner
avp:ceilingpanel.invertedcorner, Ceiling Panel Inverted Corner
avp:ceilingpanel.ridge, Ceiling Panel Ridge
avp:ceilingpanel.invertedridge, Ceiling Panel Inverted Ridge
avp:ceilingpanel.smartinvertedridge, Ceiling Panel Smart Inverted Ridge
avp:ceilingpanel.smartridge, Ceiling Panel Smart Ridge
avp:ceilingfan, Ceiling Fan
avp:ceilingfan.slope, Ceiling Fan Slope
avp:ceilingfan.corner, Ceiling Fan Corner
avp:ceilingfan.invertedcorner, Ceiling Fan Inverted Corner
avp:ceilingfan.ridge, Ceiling Fan Ridge
avp:ceilingfan.invertedridge, Ceiling Fan Inverted Ridge
avp:ceilingfan.smartinvertedridge, Ceiling Fan Smart Inverted Ridge
avp:ceilingfan.smartridge, Ceiling Fan Smart Ridge
avp:ceilingvent, Ceiling Vent
avp:ceilingvent.slope, Ceiling Vent Slope
avp:ceilingvent.corner, Ceiling Vent Corner
avp:ceilingvent.invertedcorner, Ceiling Vent Inverted Corner
avp:ceilingvent.ridge, Ceiling Vent Ridge
avp:ceilingvent.invertedridge, Ceiling Vent Inverted Ridge
avp:ceilingvent.smartinvertedridge, Ceiling Vent Smart Inverted Ridge
avp:ceilingvent.smartridge, Ceiling Vent Smart Ridge
avp:ceilinggrill, Ceiling Grill
avp:ceilinggrill.slope, Ceiling Grill Slope
avp:ceilinggrill.corner, Ceiling Grill Corner
avp:ceilinggrill.invertedcorner, Ceiling Grill Inverted Corner
avp:ceilinggrill.ridge, Ceiling Grill Ridge
avp:ceilinggrill.invertedridge, Ceiling Grill Inverted Ridge
avp:ceilinggrill.smartinvertedridge, Ceiling Grill Smart Inverted Ridge
avp:ceilinggrill.smartridge, Ceiling Grill Smart Ridge
avp:floorgrill, Floor Grill
avp:floorgrill.slope, Floor Grill Slope
avp:floorgrill.corner, Floor Grill Corner
avp:floorgrill.invertedcorner, Floor Grill Inverted Corner
avp:floorgrill.ridge, Floor Grill Ridge
avp:floorgrill.invertedridge, Floor Grill Inverted Ridge
avp:floorgrill.smartinvertedridge, Floor Grill Smart Inverted Ridge
avp:floorgrill.smartridge, Floor Grill Smart Ridge
avp:industrialwall, Industrial Wall
avp:industrialwall.slope, Industrial Wall Slope
avp:industrialwall.corner, Industrial Wall Corner
avp:industrialwall.invertedcorner, Industrial Wall Inverted Corner
avp:industrialwall.ridge, Industrial Wall Ridge
avp:industrialwall.invertedridge, Industrial Wall Inverted Ridge
avp:industrialwall.smartinvertedridge, Industrial Wall Smart Inverted Ridge
avp:industrialwall.smartridge, Industrial Wall Smart Ridge
avp:industrialwall2, Industrial Wall
avp:industrialwall2.slope, Industrial Wall Slope
avp:industrialwall2.corner, Industrial Wall Corner
avp:industrialwall2.invertedcorner, Industrial Wall Inverted Corner
avp:industrialwall2.ridge, Industrial Wall Ridge
avp:industrialwall2.invertedridge, Industrial Wall Inverted Ridge
avp:industrialwall2.smartinvertedridge, Industrial Wall Smart Inverted Ridge
avp:industrialwall2.smartridge, Industrial Wall Smart Ridge
avp:industrialvent, Industrial Vent
avp:industrialvent.slope, Industrial Vent Slope
avp:industrialvent.corner, Industrial Vent Corner
avp:industrialvent.invertedcorner, Industrial Vent Inverted Corner
avp:industrialvent.ridge, Industrial Vent Ridge
avp:industrialvent.invertedridge, Industrial Vent Inverted Ridge
avp:industrialvent.smartinvertedridge, Industrial Vent Smart Inverted Ridge
avp:industrialvent.smartridge, Industrial Vent Smart Ridge
avp:vent.wall, Vent Wall
avp:vent.wall.slope, Vent Wall Slope
avp:vent.wall.corner, Vent Wall Corner
avp:vent.wall.invertedcorner, Vent Wall Inverted Corner
avp:vent.wall.ridge, Vent Wall Ridge
avp:vent.wall.invertedridge, Vent Wall Inverted Ridge
avp:vent.wall.smartinvertedridge, Vent Wall Smart Inverted Ridge
avp:vent.wall.smartridge, Vent Wall Smart Ridge
avp:vent.ceiling, Vent Ceiling
avp:vent.ceiling.slope, Vent Ceiling Slope
avp:vent.ceiling.corner, Vent Ceiling Corner
avp:vent.ceiling.invertedcorner, Vent Ceiling Inverted Corner
avp:vent.ceiling.ridge, Vent Ceiling Ridge
avp:vent.ceiling.invertedridge, Vent Ceiling Inverted Ridge
avp:vent.ceiling.smartinvertedridge, Vent Ceiling Smart Inverted Ridge
avp:vent.ceiling.smartridge, Vent Ceiling Smart Ridge
avp:industrialbricks, Industrial Bricks
avp:industrialbricks.slope, Industrial Bricks Slope
avp:industrialbricks.corner, Industrial Bricks Corner
avp:industrialbricks.invertedcorner, Industrial Bricks Inverted Corner
avp:industrialbricks.ridge, Industrial Bricks Ridge
lotr:item.lotr:goldRing, Gold Ring
lotr:item.lotr:pouch:0, Small Pouch
lotr:item.lotr:pouch:1, Medium Pouch
lotr:item.lotr:pouch:2, Large Pouch
lotr:item.lotr:copper, Copper Ingot
lotr:item.lotr:tin, Tin Ingot
lotr:item.lotr:bronze, Bronze Ingot
lotr:item.lotr:silver, Silver Ingot
lotr:item.lotr:mithril, Mithril Ingot
lotr:item.lotr:shovelBronze, Bronze Shovel
lotr:item.lotr:pickaxeBronze, Bronze Pickaxe
lotr:item.lotr:axeBronze, Bronze Axe
lotr:item.lotr:swordBronze, Bronze Sword
lotr:item.lotr:hoeBronze, Bronze Hoe
lotr:item.lotr:helmetBronze, Bronze Helmet
lotr:item.lotr:bodyBronze, Bronze Chestplate
lotr:item.lotr:legsBronze, Bronze Leggings
lotr:item.lotr:bootsBronze, Bronze Boots
lotr:item.lotr:silverNugget, Silver Nugget
lotr:item.lotr:silverRing, Silver Ring
lotr:item.lotr:mithrilNugget, Mithril Nugget
lotr:item.lotr:mithrilRing, Mithril Ring
lotr:item.lotr:hobbitPipe, Hobbit Pipe
lotr:item.lotr:pipeweed, Pipeweed
lotr:item.lotr:clayMug, Clay Mug
lotr:item.lotr:mug, Mug
lotr:item.lotr:mugWater, Mug of Water
lotr:item.lotr:mugMilk, Mug of Milk
lotr:item.lotr:mugAle:0, Ale
lotr:item.lotr:mugAle:1, Ale
lotr:item.lotr:mugAle:2, Ale
lotr:item.lotr:mugAle:3, Ale
lotr:item.lotr:mugAle:4, Ale
lotr:item.lotr:mugChocolate, Mug of Chocolate
lotr:item.lotr:appleCrumble, Apple Crumble
lotr:item.lotr:mugMiruvor:0, Miruvor
lotr:item.lotr:mugMiruvor:1, Miruvor
lotr:item.lotr:mugMiruvor:2, Miruvor
lotr:item.lotr:mugMiruvor:3, Miruvor
lotr:item.lotr:mugMiruvor:4, Miruvor
lotr:item.lotr:mugOrcDraught:0, Orc Draught
lotr:item.lotr:mugOrcDraught:1, Orc Draught
lotr:item.lotr:mugOrcDraught:2, Orc Draught
lotr:item.lotr:mugOrcDraught:3, Orc Draught
lotr:item.lotr:mugOrcDraught:4, Orc Draught
lotr:item.lotr:scimitarOrc, Mordor Scimitar
lotr:item.lotr:helmetOrc, Mordor Helmet
lotr:item.lotr:bodyOrc, Mordor Chestplate
lotr:item.lotr:legsOrc, Mordor Leggings
lotr:item.lotr:bootsOrc, Mordor Boots
lotr:item.lotr:orcSteel, Orc Steel Ingot
lotr:item.lotr:battleaxeOrc, Mordor Battleaxe
lotr:item.lotr:lembas, Lembas
lotr:item.lotr:naurite, Naurite Gem
lotr:item.lotr:daggerOrc, Mordor Dagger
lotr:item.lotr:daggerOrcPoisoned, Poisoned Mordor Dagger
lotr:item.lotr:sting, Sting
lotr:item.lotr:spawnEgg:1, Spawn Horse
lotr:item.lotr:spawnEgg:2, Spawn Hobbit
lotr:item.lotr:spawnEgg:3, Spawn Mordor Orc
lotr:item.lotr:spawnEgg:4, Spawn Shire Pony
lotr:item.lotr:spawnEgg:5, Spawn Mordor Warg
lotr:item.lotr:spawnEgg:6, Spawn Gondor Soldier
lotr:item.lotr:spawnEgg:8, Spawn Galadhrim Elf
lotr:item.lotr:spawnEgg:9, Spawn Hobbit Bartender
lotr:item.lotr:spawnEgg:10, Spawn Hobbit Drunkard
lotr:item.lotr:spawnEgg:11, Spawn Galadhrim Warrior
lotr:item.lotr:spawnEgg:12, Spawn Mordor Orc Bombardier
lotr:item.lotr:spawnEgg:13, Spawn Mordor Orc Trader
lotr:item.lotr:spawnEgg:14, Spawn Mordor Orc Archer
lotr:item.lotr:spawnEgg:15, Spawn Gondor Ruins Wraith
lotr:item.lotr:spawnEgg:16, Spawn Blacksmith of Gondor
lotr:item.lotr:spawnEgg:17, Spawn Galadhrim Wanderer
lotr:item.lotr:spawnEgg:18, Spawn Dwarf
lotr:item.lotr:spawnEgg:19, Spawn Dwarf Warrior
lotr:item.lotr:spawnEgg:20, Spawn Dwarf Miner
lotr:item.lotr:spawnEgg:21, Spawn Marsh Wraith
lotr:item.lotr:spawnEgg:22, Spawn Mordor Warg Bombardier
lotr:item.lotr:spawnEgg:23, Spawn Mordor Orc Chieftain
lotr:item.lotr:spawnEgg:24, Spawn Gondorian Captain
lotr:item.lotr:spawnEgg:25, Spawn Dwarf Commander
lotr:item.lotr:spawnEgg:26, Spawn Dwarf Axe-thrower
lotr:item.lotr:spawnEgg:27, Spawn Gondor Archer
lotr:item.lotr:spawnEgg:28, Spawn Uruk-hai
lotr:item.lotr:spawnEgg:29, Spawn Uruk-hai Crossbower
lotr:item.lotr:spawnEgg:30, Spawn Uruk-hai Beserker
lotr:item.lotr:spawnEgg:31, Spawn Uruk-hai Trader
lotr:item.lotr:spawnEgg:32, Spawn Uruk-hai Chieftain
lotr:item.lotr:spawnEgg:33, Spawn Troll
lotr:item.lotr:spawnEgg:34, Spawn Olog-hai
lotr:item.lotr:spawnEgg:35, Spawn Galadhrim Lord
lotr:item.lotr:spawnEgg:36, Spawn Uruk-hai Sapper
lotr:item.lotr:spawnEgg:37, Spawn Mirkwood Spider
lotr:item.lotr:spawnEgg:38, Spawn Wood-elf
lotr:item.lotr:spawnEgg:39, Spawn Wood-elf Scout
lotr:item.lotr:spawnEgg:40, Spawn Rohan Barrow Wraith
lotr:item.lotr:spawnEgg:41, Spawn Rohirrim
lotr:item.lotr:spawnEgg:42, Spawn Rohirrim Archer
lotr:item.lotr:spawnEgg:43, Spawn Rohirrim Marshal
lotr:item.lotr:spawnEgg:44, Spawn Hobbit Shirriff
lotr:item.lotr:spawnEgg:45, Spawn Hobbit Shirriff Chief
lotr:item.lotr:spawnEgg:46, Spawn Blacksmith of Rohan
lotr:item.lotr:spawnEgg:47, Spawn Ranger of the North
lotr:item.lotr:spawnEgg:48, Spawn Ranger of Ithilien
lotr:item.lotr:spawnEgg:49, Spawn Dunlending Warrior
lotr:item.lotr:spawnEgg:50, Spawn Dunlending Archer
lotr:item.lotr:spawnEgg:51, Spawn Dunlending Warlord
lotr:item.lotr:spawnEgg:52, Spawn Dunlending
lotr:item.lotr:spawnEgg:53, Spawn Dunlending Bartender
lotr:item.lotr:spawnEgg:54, Spawn Dunlending Drunkard
lotr:item.lotr:spawnEgg:55, Spawn Ent
lotr:item.lotr:spawnEgg:56, Spawn Mountain Troll
lotr:item.lotr:spawnEgg:58, Spawn Huorn
lotr:item.lotr:spawnEgg:59, Spawn Dark Huorn
lotr:item.lotr:spawnEgg:60, Spawn Wood-elf Warrior
lotr:item.lotr:spawnEgg:61, Spawn Wood-elf Captain
lotr:item.lotr:spawnEgg:62, Spawn Rohan Meadhost
lotr:item.lotr:spawnEgg:63, Spawn Butterfly
lotr:item.lotr:spawnEgg:64, Spawn Midges
lotr:item.lotr:spawnEgg:65, Spawn Angmar Orc Chieftain
lotr:item.lotr:spawnEgg:67, Spawn Slave of Núrn
lotr:item.lotr:spawnEgg:68, Spawn Rabbit
lotr:item.lotr:spawnEgg:69, Spawn Wild Boar
lotr:item.lotr:spawnEgg:70, Spawn Hobbit Orcharder
lotr:item.lotr:spawnEgg:71, Spawn Mordor Orc Slaver
lotr:item.lotr:spawnEgg:72, Spawn Mordor Spider
lotr:item.lotr:spawnEgg:73, Spawn Mordor Orc Spider Keeper
lotr:item.lotr:spawnEgg:74, Spawn Angmar Orc
lotr:item.lotr:spawnEgg:75, Spawn Angmar Orc Archer
lotr:item.lotr:spawnEgg:76, Spawn Angmar Orc Bombardier
lotr:item.lotr:spawnEgg:77, Spawn Gundabad Orc
lotr:item.lotr:spawnEgg:78, Spawn Gundabad Orc Archer
lotr:item.lotr:spawnEgg:79, Spawn Gundabad Orc Chieftain
lotr:item.lotr:spawnEgg:80, Spawn Ranger Captain of the North
lotr:item.lotr:spawnEgg:81, Spawn Gundabad Warg
lotr:item.lotr:spawnEgg:82, Spawn Angmar Warg
lotr:item.lotr:spawnEgg:83, Spawn Angmar Warg Bombardier
lotr:item.lotr:spawnEgg:84, Spawn Isengard Warg
lotr:item.lotr:spawnEgg:85, Spawn Isengard Warg Bombardier
lotr:item.lotr:spawnEgg:86, Spawn Lion
lotr:item.lotr:spawnEgg:87, Spawn Lioness
lotr:item.lotr:spawnEgg:88, Spawn Giraffe
lotr:item.lotr:spawnEgg:89, Spawn Zebra
lotr:item.lotr:spawnEgg:90, Spawn Rhino
lotr:item.lotr:spawnEgg:91, Spawn Crocodile
lotr:item.lotr:spawnEgg:92, Spawn Near Haradrim
lotr:item.lotr:spawnEgg:93, Spawn Near Haradrim Warrior
lotr:item.lotr:spawnEgg:94, Spawn High Elf
lotr:item.lotr:spawnEgg:95, Spawn Gemsbok
lotr:item.lotr:spawnEgg:96, Spawn Flamingo
lotr:item.lotr:spawnEgg:97, Spawn Hobbit Farmer
lotr:item.lotr:spawnEgg:98, Spawn Hobbit Farmhand
lotr:item.lotr:spawnEgg:99, Spawn High Elf Warrior
lotr:item.lotr:spawnEgg:100, Spawn High Elf Lord
lotr:item.lotr:spawnEgg:101, Spawn Gondor Banner Bearer
lotr:item.lotr:spawnEgg:102, Spawn Rohan Banner Bearer
lotr:item.lotr:spawnEgg:103, Spawn Mordor Banner Bearer
lotr:item.lotr:spawnEgg:104, Spawn Galadhrim Banner Bearer
lotr:item.lotr:spawnEgg:105, Spawn Wood-elf Banner Bearer
lotr:item.lotr:spawnEgg:106, Spawn Dunlending Banner Bearer
lotr:item.lotr:spawnEgg:107, Spawn Uruk-hai Banner Bearer
lotr:item.lotr:spawnEgg:108, Spawn Dwarf Banner Bearer
lotr:item.lotr:spawnEgg:109, Spawn Angmar Banner Bearer
lotr:item.lotr:spawnEgg:110, Spawn Near Harad Banner Bearer
lotr:item.lotr:spawnEgg:111, Spawn High Elf Banner Bearer
lotr:item.lotr:spawnEgg:112, Spawn Jungle Scorpion
lotr:item.lotr:spawnEgg:113, Spawn Desert Scorpion
lotr:item.lotr:spawnEgg:114, Spawn Bird
lotr:item.lotr:spawnEgg:115, Spawn Crebain
lotr:item.lotr:spawnEgg:116, Spawn Camel
lotr:item.lotr:spawnEgg:117, Spawn Near Haradrim Archer
lotr:item.lotr:spawnEgg:118, Spawn Near Haradrim Warlord
lotr:item.lotr:spawnEgg:119, Spawn Blue Mountains Dwarf
lotr:item.lotr:spawnEgg:120, Spawn Blue Mountains Warrior
lotr:item.lotr:spawnEgg:121, Spawn Blue Mountains Axe-thrower
lotr:item.lotr:spawnEgg:122, Spawn Blue Mountains Banner Bearer
lotr:item.lotr:spawnEgg:123, Spawn Blue Mountains Commander
lotr:item.lotr:spawnEgg:124, Spawn Blue Mountains Miner
lotr:item.lotr:spawnEgg:125, Spawn Near Harad Drink Trader
lotr:item.lotr:spawnEgg:126, Spawn Near Harad Mineral Trader
lotr:item.lotr:spawnEgg:127, Spawn Near Harad Plant Trader
lotr:item.lotr:spawnEgg:128, Spawn Near Harad Food Trader
lotr:item.lotr:spawnEgg:129, Spawn Blue Mountains Merchant
lotr:item.lotr:spawnEgg:130, Spawn Bandit
lotr:item.lotr:spawnEgg:131, Spawn Ranger Banner Bearer
lotr:item.lotr:spawnEgg:132, Spawn Elk
lotr:item.lotr:spawnEgg:133, Spawn Gondor Tower Guard
lotr:item.lotr:spawnEgg:134, Spawn Merchant of Near Harad
lotr:item.lotr:spawnEgg:135, Spawn Harad Pyramid Wraith
lotr:item.lotr:spawnEgg:136, Spawn Dol Guldur Orc
lotr:item.lotr:spawnEgg:137, Spawn Dol Guldur Orc Archer
lotr:item.lotr:spawnEgg:138, Spawn Dol Guldur Banner Bearer
lotr:item.lotr:spawnEgg:139, Spawn Dol Guldur Orc Chieftain
lotr:item.lotr:spawnEgg:140, Spawn Mirk-troll
lotr:item.lotr:spawnEgg:141, Spawn Gundabad Banner Bearer
lotr:item.lotr:spawnEgg:142, Spawn Exploding Termite
lotr:item.lotr:spawnEgg:143, Spawn Dik-dik
lotr:item.lotr:spawnEgg:144, Spawn Black Uruk
lotr:item.lotr:spawnEgg:145, Spawn Black Uruk Archer
lotr:item.lotr:spawnEgg:146, Spawn Half-troll
lotr:item.lotr:spawnEgg:147, Spawn Ithilien Ranger Captain
lotr:item.lotr:spawnEgg:148, Spawn Ithilien Banner Bearer
lotr:item.lotr:spawnEgg:149, Spawn Half-troll Warrior
lotr:item.lotr:spawnEgg:150, Spawn Half-troll Banner Bearer
lotr:item.lotr:spawnEgg:151, Spawn Half-troll Warlord
lotr:item.lotr:spawnEgg:152, Spawn Angmar Orc Trader
lotr:item.lotr:spawnEgg:153, Spawn Dol Guldur Orc Trader
lotr:item.lotr:spawnEgg:154, Spawn Half-troll Scavenger
lotr:item.lotr:spawnEgg:155, Spawn Galadhrim Smith
lotr:item.lotr:spawnEgg:156, Spawn High Elven Smith
lotr:item.lotr:spawnEgg:157, Spawn Wood-elven Smith
lotr:item.lotr:spawnEgg:158, Spawn Swan Knight
lotr:item.lotr:spawnEgg:159, Spawn Dol Amroth Captain
lotr:item.lotr:spawnEgg:160, Spawn Dol Amroth Banner Bearer
lotr:item.lotr:spawnEgg:161, Spawn Swan
lotr:item.lotr:spawnEgg:162, Spawn Moredain
lotr:item.lotr:spawnEgg:163, Spawn Moredain Warrior
lotr:item.lotr:spawnEgg:164, Spawn Moredain Banner Bearer
lotr:item.lotr:spawnEgg:165, Spawn Moredain Chieftain
lotr:item.lotr:spawnEgg:166, Spawn Moredain Huntsman
lotr:item.lotr:spawnEgg:167, Spawn Moredain Hutmaker
lotr:item.lotr:spawnEgg:168, Spawn Dunlending Berserker
lotr:item.lotr:spawnEgg:169, Spawn Rhudaur Hillman
lotr:item.lotr:spawnEgg:170, Spawn Rhudaur Hillman Warrior
lotr:item.lotr:spawnEgg:171, Spawn Rhudaur Hillman Chieftain
lotr:item.lotr:spawnEgg:172, Spawn Rhudaur Hillman Banner Bearer
lotr:item.lotr:spawnEgg:173, Spawn Rhudaur Hillman Axe-thrower
lotr:item.lotr:spawnEgg:174, Spawn Dunlending Axe-thrower
lotr:item.lotr:spawnEgg:175, Spawn Iron Hills Merchant
lotr:item.lotr:spawnEgg:177, Spawn Oddment Collector
lotr:item.lotr:spawnEgg:178, Spawn Tauredain
lotr:item.lotr:spawnEgg:179, Spawn Tauredain Warrior
lotr:item.lotr:spawnEgg:180, Spawn Tauredain Banner Bearer
lotr:item.lotr:spawnEgg:181, Spawn Tauredain Chieftain
lotr:item.lotr:spawnEgg:182, Spawn Tauredain Blowgunner
lotr:item.lotr:spawnEgg:183, Spawn Barrow-wight
lotr:item.lotr:spawnEgg:184, Spawn Tauredain Shaman
lotr:item.lotr:spawnEgg:185, Spawn Galadhrim Warden
lotr:item.lotr:spawnEgg:186, Spawn Tauredain Farmer
lotr:item.lotr:spawnEgg:187, Spawn Tauredain Farmhand
lotr:item.lotr:spawnEgg:188, Spawn Dwarven Smith
lotr:item.lotr:spawnEgg:189, Spawn Blue Mountains Smith
lotr:item.lotr:spawnEgg:190, Spawn Tauredain Pyramid Wraith
lotr:item.lotr:spawnEgg:191, Spawn Gundabad Uruk
lotr:item.lotr:spawnEgg:192, Spawn Gundabad Uruk Archer
lotr:item.lotr:spawnEgg:193, Spawn Isengard Snaga
lotr:item.lotr:spawnEgg:194, Spawn Isengard Snaga Archer
lotr:item.lotr:spawnEgg:195, Spawn Harad Bandit
lotr:item.lotr:spawnEgg:196, Spawn Deer
lotr:item.lotr:spawnEgg:197, Spawn Dalishman
lotr:item.lotr:spawnEgg:198, Spawn Dalish Levyman
lotr:item.lotr:spawnEgg:199, Spawn Dalish Soldier
lotr:item.lotr:spawnEgg:200, Spawn Dalish Longbowman
lotr:item.lotr:spawnEgg:201, Spawn Dalish Banner Bearer
lotr:item.lotr:spawnEgg:202, Spawn Dalish Captain
lotr:item.lotr:spawnEgg:203, Spawn Blacksmith of Dale
lotr:item.lotr:spawnEgg:204, Spawn Dorwinrim
lotr:item.lotr:spawnEgg:205, Spawn Vintner Guard
lotr:item.lotr:spawnEgg:206, Spawn Vintner Guard Captain
lotr:item.lotr:spawnEgg:207, Spawn Dorwinion Banner Bearer
lotr:item.lotr:spawnEgg:208, Spawn Dorwinion Elf
lotr:item.lotr:spawnEgg:209, Spawn Warrior of Bladorthin
lotr:item.lotr:spawnEgg:210, Spawn Dorwinion Elf Banner Bearer
lotr:item.lotr:spawnEgg:211, Spawn Captain of Bladorthin
lotr:item.lotr:spawnEgg:212, Spawn Dalish Baker
lotr:item.lotr:spawnEgg:213, Spawn Dorwinion Vintner-elf
lotr:item.lotr:spawnEgg:214, Spawn Dorwinion Vinehand
lotr:item.lotr:spawnEgg:215, Spawn Dorwinion Vinekeeper
lotr:item.lotr:spawnEgg:216, Spawn Dorwinion Merchant
lotr:item.lotr:spawnEgg:217, Spawn Dalish Merchant
lotr:item.lotr:spawnEgg:218, Spawn Aurochs
lotr:item.lotr:spawnEgg:219, Spawn Kine of Araw
lotr:item.lotr:spawnEgg:220, Spawn Vintner Guard Crossbower
lotr:item.lotr:spawnEgg:800, Spawn Utumno Orc
lotr:item.lotr:spawnEgg:801, Spawn Utumno Orc Archer
lotr:item.lotr:spawnEgg:802, Spawn Utumno Warg
lotr:item.lotr:spawnEgg:803, Spawn Utumno Ice Warg
lotr:item.lotr:spawnEgg:804, Spawn Utumno Obsidian Warg
lotr:item.lotr:spawnEgg:805, Spawn Utumno Fire Warg
lotr:item.lotr:spawnEgg:806, Spawn Utumno Ice Spider
lotr:item.lotr:spawnEgg:807, Spawn Balrog
lotr:item.lotr:spawnEgg:808, Spawn Tormented Elf
lotr:item.lotr:spawnEgg:809, Spawn Utumno Troll
lotr:item.lotr:spawnEgg:1001, Spawn Gollum
lotr:item.lotr:spawnEgg:1002, Spawn Saruman
lotr:item.lotr:pipeweedLeaf, Pipeweed Leaf
lotr:item.lotr:pipeweedSeeds, Pipeweed Seeds
lotr:item.lotr:structureSpawner:1, Build Hobbit Hole
lotr:item.lotr:structureSpawner:2, Build Hobbit Tavern
lotr:item.lotr:structureSpawner:3, Build Hobbit Picnic Bench
lotr:item.lotr:structureSpawner:4, Build Hobbit Windmill
lotr:item.lotr:structureSpawner:5, Build Hobbit Farm
lotr:item.lotr:structureSpawner:20, Build Blue Mountains House
lotr:item.lotr:structureSpawner:21, Build Blue Mountains Stronghold
lotr:item.lotr:structureSpawner:22, Build Blue Mountains Smithy
lotr:item.lotr:structureSpawner:30, Build High Elven Turret
lotr:item.lotr:structureSpawner:31, Build Ruined High Elven Turret
lotr:item.lotr:structureSpawner:32, Build High Elven Hall
lotr:item.lotr:structureSpawner:33, Build Underwater Elven Ruin
lotr:item.lotr:structureSpawner:34, Build High Elven Smithy
lotr:item.lotr:structureSpawner:35, Build Ruined Eregion Smithy
lotr:item.lotr:structureSpawner:36, Build High Elven Tower
lotr:item.lotr:structureSpawner:37, Build Tower Hills Tower
lotr:item.lotr:structureSpawner:50, Build Ruined Dúnedain Tower
lotr:item.lotr:structureSpawner:51, Build Ruined House
lotr:item.lotr:structureSpawner:52, Build Ranger Tent
lotr:item.lotr:structureSpawner:53, Build Númenórean Ruin
lotr:item.lotr:structureSpawner:54, Build Barrow-downs Barrow
lotr:item.lotr:structureSpawner:55, Build Ranger Watchtower
lotr:item.lotr:structureSpawner:56, Build Burnt House
lotr:item.lotr:structureSpawner:57, Build Rotten House
lotr:item.lotr:structureSpawner:80, Build Orc Dungeon
lotr:item.lotr:structureSpawner:81, Build Gundabad Tent
lotr:item.lotr:structureSpawner:82, Build Gundabad Forge Tent
lotr:item.lotr:structureSpawner:100, Build Angmar Tower
lotr:item.lotr:structureSpawner:101, Build Angmar Shrine
lotr:item.lotr:structureSpawner:102, Build Angmar Warg Pit
lotr:item.lotr:structureSpawner:103, Build Angmar Tent
lotr:item.lotr:structureSpawner:104, Build Angmar Forge Tent
lotr:item.lotr:structureSpawner:110, Build Rhudaur Hillman House
lotr:item.lotr:structureSpawner:111, Build Rhudaur Hillman Chieftain House
lotr:item.lotr:structureSpawner:120, Build Wood-elf Lookout Platform
lotr:item.lotr:structureSpawner:121, Build Wood-elf House
lotr:item.lotr:structureSpawner:122, Build Wood-elven Tower
lotr:item.lotr:structureSpawner:123, Build Ruined Wood-elven Tower
lotr:item.lotr:structureSpawner:124, Build Wood-elven Smithy
lotr:item.lotr:structureSpawner:130, Build Dol Guldur Altar
lotr:item.lotr:structureSpawner:131, Build Dol Guldur Tower
lotr:item.lotr:structureSpawner:132, Build Dol Guldur Spider Pit
lotr:item.lotr:structureSpawner:133, Build Dol Guldur Tent
lotr:item.lotr:structureSpawner:134, Build Dol Guldur Forge Tent
lotr:item.lotr:structureSpawner:140, Build Dalish Watchtower
lotr:item.lotr:structureSpawner:141, Build Dalish Fortress
lotr:item.lotr:structureSpawner:142, Build Dalish House
lotr:item.lotr:structureSpawner:143, Build Dalish Smithy
lotr:item.lotr:structureSpawner:144, Build Dalish Village Tower
lotr:item.lotr:structureSpawner:145, Build Dalish Bakery
lotr:item.lotr:structureSpawner:150, Build Dwarven Mine Entrance
lotr:item.lotr:structureSpawner:151, Build Dwarven Tower
lotr:item.lotr:structureSpawner:152, Build Dwarf House
lotr:item.lotr:structureSpawner:153, Build Ruined Dwarven Mine Entrance
lotr:item.lotr:structureSpawner:154, Build Dwarven Smithy
lotr:item.lotr:structureSpawner:155, Build Ruined Dwarven Tower
lotr:item.lotr:structureSpawner:200, Build Elven Treehouse
lotr:item.lotr:structureSpawner:201, Build Grand Elven Treehouse
lotr:item.lotr:structureSpawner:202, Build Galadhrim Smithy
lotr:item.lotr:structureSpawner:300, Build Rohan Mead Hall
lotr:item.lotr:structureSpawner:301, Build Rohan Watchtower
lotr:item.lotr:structureSpawner:302, Build Rohan Barrow
lotr:item.lotr:structureSpawner:303, Build Rohan Fortress
lotr:item.lotr:structureSpawner:350, Build Isengard Tent
lotr:item.lotr:structureSpawner:351, Build Ruined Rohan Watchtower
lotr:item.lotr:structureSpawner:352, Build Isengard Forge Tent
lotr:item.lotr:structureSpawner:353, Build Isengard Warg Pit
lotr:item.lotr:structureSpawner:380, Build Dunlending House
lotr:item.lotr:structureSpawner:381, Build Dunlending Tavern
lotr:item.lotr:structureSpawner:382, Build Dunlending Campfire
lotr:item.lotr:structureSpawner:383, Build Dunlending Hill Fort
lotr:item.lotr:structureSpawner:400, Build Gondor Beacon Tower
lotr:item.lotr:structureSpawner:401, Build Gondor Fortress
lotr:item.lotr:structureSpawner:402, Build Gondor Smithy
lotr:item.lotr:structureSpawner:403, Build Gondor Turret
lotr:item.lotr:structureSpawner:404, Build Ithilien Hideout
lotr:item.lotr:structureSpawner:420, Build Ruined Gondor Beacon Tower
lotr:item.lotr:structureSpawner:421, Build Ruined Gondor Watchtower
lotr:item.lotr:structureSpawner:422, Build Gondor Obelisk
lotr:item.lotr:structureSpawner:423, Build Gondor Ruin
lotr:item.lotr:structureSpawner:440, Build Dol Amroth Stables
lotr:item.lotr:structureSpawner:500, Build Mordor Tower
lotr:item.lotr:structureSpawner:501, Build Mordor Tent
lotr:item.lotr:structureSpawner:502, Build Mordor Forge Tent
lotr:item.lotr:structureSpawner:503, Build Mordor Warg Pit
lotr:item.lotr:structureSpawner:550, Build Núrn Wheat Farm
lotr:item.lotr:structureSpawner:551, Build Núrn Slaver Tower
lotr:item.lotr:structureSpawner:570, Build Mordor Spider Pit
lotr:item.lotr:structureSpawner:700, Build Dorwinion Garden
lotr:item.lotr:structureSpawner:701, Build Vintner Guard Tent
lotr:item.lotr:structureSpawner:702, Build Vintner Guard Captain Tent
lotr:item.lotr:structureSpawner:703, Build Dorwinion House
lotr:item.lotr:structureSpawner:704, Build Dorwinion Brewery
lotr:item.lotr:structureSpawner:705, Build Dorwinion Elf House
lotr:item.lotr:structureSpawner:1000, Build Harad Obelisk
lotr:item.lotr:structureSpawner:1001, Build Near Harad House
lotr:item.lotr:structureSpawner:1002, Build Near Harad Large House
lotr:item.lotr:structureSpawner:1003, Build Near Harad Village
lotr:item.lotr:structureSpawner:1004, Build Near Harad Tower
lotr:item.lotr:structureSpawner:1005, Build Near Harad Fortress
lotr:item.lotr:structureSpawner:1006, Build Near Harad Tent
lotr:item.lotr:structureSpawner:1007, Build Near Harad Bazaar
lotr:item.lotr:structureSpawner:1008, Build Harad Pyramid
lotr:item.lotr:structureSpawner:1100, Build Moredain Village Hut
lotr:item.lotr:structureSpawner:1101, Build Moredain Chieftain Hut
lotr:item.lotr:structureSpawner:1102, Build Moredain Trader Hut
lotr:item.lotr:structureSpawner:1103, Build Moredain Hunter Shack
lotr:item.lotr:structureSpawner:1150, Build Tauredain Pyramid
lotr:item.lotr:structureSpawner:1151, Build Tauredain House
lotr:item.lotr:structureSpawner:1152, Build Tauredain Stilt House
lotr:item.lotr:structureSpawner:1153, Build Tauredain Watchtower
lotr:item.lotr:structureSpawner:1154, Build Tauredain Mansion
lotr:item.lotr:structureSpawner:1155, Build Tauredain Chieftain Temple
lotr:item.lotr:structureSpawner:1156, Build Tauredain Village Tree
lotr:item.lotr:structureSpawner:1157, Build Tauredain Village Farm
lotr:item.lotr:structureSpawner:1500, Build Half-troll House
lotr:item.lotr:structureSpawner:1501, Build Half-troll Warlord House
lotr:item.lotr:lettuce, Lettuce
lotr:item.lotr:shovelMithril, Mithril Shovel
lotr:item.lotr:pickaxeMithril, Mithril Pickaxe
lotr:item.lotr:axeMithril, Mithril Axe
lotr:item.lotr:swordMithril, Mithril Sword
lotr:item.lotr:hoeMithril, Mithril Hoe
lotr:item.lotr:orcTorch, Orc Torch
lotr:item.lotr:sauronMace, Mace of Sauron
lotr:item.lotr:gandalfStaffWhite, Staff of Gandalf the White
lotr:item.lotr:swordGondor, Gondorian Sword
lotr:item.lotr:helmetGondor, Gondorian Helmet
lotr:item.lotr:bodyGondor, Gondorian Chestplate
lotr:item.lotr:legsGondor, Gondorian Leggings
lotr:item.lotr:bootsGondor, Gondorian Boots
lotr:item.lotr:helmetMithril, Mithril Helmet
lotr:item.lotr:bodyMithril, Mithril Chestplate
lotr:item.lotr:legsMithril, Mithril Leggings
lotr:item.lotr:bootsMithril, Mithril Boots
lotr:item.lotr:spearGondor, Gondorian Spear
lotr:item.lotr:spearOrc, Mordor Spear
lotr:item.lotr:spearBronze, Bronze Spear
lotr:item.lotr:spearIron, Iron Spear
lotr:item.lotr:spearMithril, Mithril Spear
lotr:item.lotr:anduril, Andúril
lotr:item.lotr:dye:0, Yellow Dye
lotr:item.lotr:dye:1, White Dye
lotr:item.lotr:dye:2, Bluebell Blue
lotr:item.lotr:dye:3, Clover Green
lotr:item.lotr:dye:4, Charcoal Dust
lotr:item.lotr:dye:5, Brown Dye
lotr:item.lotr:mallornStick, Mallorn Stick
lotr:item.lotr:shovelMallorn, Mallorn Shovel
lotr:item.lotr:pickaxeMallorn, Mallorn Pickaxe
lotr:item.lotr:axeMallorn, Mallorn Axe
lotr:item.lotr:swordMallorn, Mallorn Sword
lotr:item.lotr:hoeMallorn, Mallorn Hoe
lotr:item.lotr:shovelElven, Galadhrim Shovel
lotr:item.lotr:pickaxeElven, Galadhrim Pickaxe
lotr:item.lotr:axeElven, Galadhrim Axe
lotr:item.lotr:swordElven, Galadhrim Sword
lotr:item.lotr:hoeElven, Galadhrim Hoe
lotr:item.lotr:spearElven, Galadhrim Spear
lotr:item.lotr:mallornBow, Mallorn Bow
lotr:item.lotr:helmetElven, Galadhrim Helmet
lotr:item.lotr:bodyElven, Galadhrim Chestplate
lotr:item.lotr:legsElven, Galadhrim Leggings
lotr:item.lotr:bootsElven, Galadhrim Boots
lotr:item.lotr:coin:0, Silver Coin
lotr:item.lotr:coin:1, Silver Coin (10)
lotr:item.lotr:coin:2, Silver Coin (100)
lotr:item.lotr:gammon, Gammon
lotr:item.lotr:clayPlate, Clay Plate
lotr:item.lotr:plate, Plate
lotr:item.lotr:elvenBow, Galadhrim Bow
lotr:item.lotr:wargFur, Warg Fur
lotr:item.lotr:helmetWarg, Warg Fur Helmet
lotr:item.lotr:bodyWarg, Warg Fur Chestplate
lotr:item.lotr:legsWarg, Warg Fur Leggings
lotr:item.lotr:bootsWarg, Warg Fur Boots
lotr:item.lotr:orcBow, Orc Bow
lotr:item.lotr:mugMead:0, Mead
lotr:item.lotr:mugMead:1, Mead
lotr:item.lotr:mugMead:2, Mead
lotr:item.lotr:mugMead:3, Mead
lotr:item.lotr:mugMead:4, Mead
lotr:item.lotr:wargskinRug:0, Wargskin Rug
lotr:item.lotr:wargskinRug:1, Wargskin Rug
lotr:item.lotr:wargskinRug:2, Wargskin Rug
lotr:item.lotr:wargskinRug:3, Wargskin Rug
lotr:item.lotr:wargskinRug:4, Wargskin Rug
lotr:item.lotr:wargskinRug:5, Wargskin Rug
lotr:item.lotr:wargskinRug:6, Wargskin Rug
lotr:item.lotr:quenditeCrystal, Quendite Crystal
lotr:item.lotr:blacksmithHammer, Blacksmith Hammer
lotr:item.lotr:daggerGondor, Gondorian Dagger
lotr:item.lotr:daggerElven, Galadhrim Dagger
lotr:item.lotr:hobbitRing, Hobbit Marriage Ring
lotr:item.lotr:elvenBed, Galadhrim Bed
lotr:item.lotr:wargBone, Warg Bone
lotr:item.lotr:appleGreen, Apple
lotr:item.lotr:pear, Pear
lotr:item.lotr:cherry, Cherries
lotr:item.lotr:dwarfSteel, Dwarven Steel Ingot
lotr:item.lotr:shovelDwarven, Dwarven Shovel
lotr:item.lotr:pickaxeDwarven, Dwarven Pickaxe
lotr:item.lotr:axeDwarven, Dwarven Axe
lotr:item.lotr:swordDwarven, Dwarven Sword
lotr:item.lotr:hoeDwarven, Dwarven Hoe
lotr:item.lotr:daggerDwarven, Dwarven Dagger
lotr:item.lotr:battleaxeDwarven, Dwarven Battleaxe
lotr:item.lotr:hammerDwarven, Dwarven Warhammer
lotr:item.lotr:shovelOrc, Mordor Shovel
lotr:item.lotr:pickaxeOrc, Mordor Pickaxe
lotr:item.lotr:axeOrc, Mordor Axe
lotr:item.lotr:hoeOrc, Mordor Hoe
lotr:item.lotr:hammerOrc, Mordor Warhammer
lotr:item.lotr:helmetDwarven, Dwarven Helmet
lotr:item.lotr:bodyDwarven, Dwarven Chestplate
lotr:item.lotr:legsDwarven, Dwarven Leggings
lotr:item.lotr:bootsDwarven, Dwarven Boots
lotr:item.lotr:galvorn, Galvorn Ingot
lotr:item.lotr:helmetGalvorn, Galvorn Helmet
lotr:item.lotr:bodyGalvorn, Galvorn Chestplate
lotr:item.lotr:legsGalvorn, Galvorn Leggings
lotr:item.lotr:bootsGalvorn, Galvorn Boots
lotr:item.lotr:daggerBronze, Bronze Dagger
lotr:item.lotr:daggerIron, Iron Dagger
lotr:item.lotr:daggerMithril, Mithril Dagger
lotr:item.lotr:battleaxeMithril, Mithril Battleaxe
lotr:item.lotr:hammerMithril, Mithril Warhammer
lotr:item.lotr:hammerGondor, Gondorian Warhammer
lotr:item.lotr:orcBone, Orc Bone
lotr:item.lotr:elfBone, Elf Bone
lotr:item.lotr:dwarfBone, Dwarf Bone
lotr:item.lotr:hobbitBone, Hobbit Bone
lotr:item.lotr:commandHorn:0, Horn of Command
lotr:item.lotr:commandHorn:1, Horn of Command - Halt Units
lotr:item.lotr:commandHorn:2, Horn of Command - Ready Units
lotr:item.lotr:commandHorn:3, Horn of Command - Summon Units
lotr:item.lotr:throwingAxeDwarven, Dwarven Throwing Axe
lotr:item.lotr:urukSteel, Uruk Steel Ingot
lotr:item.lotr:shovelUruk, Uruk Shovel
lotr:item.lotr:pickaxeUruk, Uruk Pickaxe
lotr:item.lotr:axeUruk, Uruk Axe
lotr:item.lotr:scimitarUruk, Uruk Scimitar
lotr:item.lotr:hoeUruk, Uruk Hoe
lotr:item.lotr:daggerUruk, Uruk Dagger
lotr:item.lotr:daggerUrukPoisoned, Poisoned Uruk Dagger
lotr:item.lotr:battleaxeUruk, Uruk Battleaxe
lotr:item.lotr:hammerUruk, Uruk Warhammer
lotr:item.lotr:spearUruk, Uruk Spear
lotr:item.lotr:helmetUruk, Uruk Helmet
lotr:item.lotr:bodyUruk, Uruk Chestplate
lotr:item.lotr:legsUruk, Uruk Leggings
lotr:item.lotr:bootsUruk, Uruk Boots
lotr:item.lotr:crossbowBolt, Crossbow Bolt
lotr:item.lotr:urukCrossbow, Uruk Crossbow
lotr:item.lotr:cherryPie, Cherry Pie
lotr:item.lotr:trollBone, Troll Bone
lotr:item.lotr:trollStatue:0, Troll Statue #1
lotr:item.lotr:trollStatue:0, Troll Statue #1
lotr:item.lotr:trollStatue:1, Troll Statue #2
lotr:item.lotr:trollStatue:1, Troll Statue #2
lotr:item.lotr:trollStatue:2, Troll Statue #3
lotr:item.lotr:trollStatue:2, Troll Statue #3
lotr:item.lotr:ironCrossbow, Iron Crossbow
lotr:item.lotr:mithrilCrossbow, Mithril Crossbow
lotr:item.lotr:woodElvenBed, Wood-elven Bed
lotr:item.lotr:helmetWoodElvenScout, Wood-elven Scout Hood
lotr:item.lotr:bodyWoodElvenScout, Wood-elven Scout Tunic
lotr:item.lotr:legsWoodElvenScout, Wood-elven Scout Leggings
lotr:item.lotr:bootsWoodElvenScout, Wood-elven Scout Boots
lotr:item.lotr:mirkwoodBow, Bow of Mirkwood
lotr:item.lotr:mugRedWine:0, Red Wine
lotr:item.lotr:mugRedWine:1, Red Wine
lotr:item.lotr:mugRedWine:2, Red Wine
lotr:item.lotr:mugRedWine:3, Red Wine
lotr:item.lotr:mugRedWine:4, Red Wine
lotr:item.lotr:ancientParts:0, Ancient Sword Tip
lotr:item.lotr:ancientParts:1, Ancient Sword Blade
lotr:item.lotr:ancientParts:2, Ancient Sword Hilt
lotr:item.lotr:ancientParts:3, Ancient Armor Plate
lotr:item.lotr:ancient:0, Ancient Sword
lotr:item.lotr:ancient:1, Ancient Dagger
lotr:item.lotr:ancient:2, Ancient Helmet
lotr:item.lotr:ancient:3, Ancient Chestplate
lotr:item.lotr:ancient:4, Ancient Leggings
lotr:item.lotr:ancient:5, Ancient Boots
lotr:item.lotr:swordRohan, Rohirric Sword
lotr:item.lotr:daggerRohan, Rohirric Dagger
lotr:item.lotr:spearRohan, Rohirric Spear
lotr:item.lotr:helmetRohan, Rohirric Coif
lotr:item.lotr:bodyRohan, Rohirric Hauberk
lotr:item.lotr:legsRohan, Rohirric Leggings
lotr:item.lotr:bootsRohan, Rohirric Boots
lotr:item.lotr:helmetGondorWinged, Winged Gondorian Helmet
lotr:item.lotr:guldurilCrystal, Gulduril Crystal
lotr:item.lotr:dwarvenDoor, Dwarven Door
lotr:item.lotr:mallornNut, Mallorn Nut
lotr:item.lotr:dwarvenBed, Dwarven Bed
lotr:item.lotr:mugCider:0, Cider
lotr:item.lotr:mugCider:1, Cider
lotr:item.lotr:mugCider:2, Cider
lotr:item.lotr:mugCider:3, Cider
lotr:item.lotr:mugCider:4, Cider
lotr:item.lotr:mugPerry:0, Perry
lotr:item.lotr:mugPerry:1, Perry
lotr:item.lotr:mugPerry:2, Perry
lotr:item.lotr:mugPerry:3, Perry
lotr:item.lotr:mugPerry:4, Perry
lotr:item.lotr:mugCherryLiqueur:0, Cherry Liqueur
lotr:item.lotr:mugCherryLiqueur:1, Cherry Liqueur
lotr:item.lotr:mugCherryLiqueur:2, Cherry Liqueur
lotr:item.lotr:mugCherryLiqueur:3, Cherry Liqueur
lotr:item.lotr:mugCherryLiqueur:4, Cherry Liqueur
lotr:item.lotr:mugRum:0, Rum
lotr:item.lotr:mugRum:1, Rum
lotr:item.lotr:mugRum:2, Rum
lotr:item.lotr:mugRum:3, Rum
lotr:item.lotr:mugRum:4, Rum
lotr:item.lotr:mugAthelasBrew:0, Athelas Brew
lotr:item.lotr:mugAthelasBrew:1, Athelas Brew
lotr:item.lotr:mugAthelasBrew:2, Athelas Brew
lotr:item.lotr:mugAthelasBrew:3, Athelas Brew
lotr:item.lotr:mugAthelasBrew:4, Athelas Brew
lotr:item.lotr:armorStand, Armor Stand
lotr:item.lotr:pebble, Pebble
lotr:item.lotr:sling, Sling
lotr:item.lotr:mysteryWeb, Mystery Web
lotr:item.lotr:mugDwarvenTonic:0, Dwarven Tonic
lotr:item.lotr:mugDwarvenTonic:1, Dwarven Tonic
lotr:item.lotr:mugDwarvenTonic:2, Dwarven Tonic
lotr:item.lotr:mugDwarvenTonic:3, Dwarven Tonic
lotr:item.lotr:mugDwarvenTonic:4, Dwarven Tonic
lotr:item.lotr:helmetRanger, Ranger Hood
lotr:item.lotr:bodyRanger, Ranger Tunic
lotr:item.lotr:legsRanger, Ranger Leggings
lotr:item.lotr:bootsRanger, Ranger Boots
lotr:item.lotr:helmetDunlending, Dunlending Helmet
lotr:item.lotr:bodyDunlending, Dunlending Chestplate
lotr:item.lotr:legsDunlending, Dunlending Leggings
lotr:item.lotr:bootsDunlending, Dunlending Boots
lotr:item.lotr:dunlendingClub, Dunlending Club
lotr:item.lotr:dunlendingTrident, Dunlending Trident
lotr:item.lotr:entDraught:0, Green Ent-draught
lotr:item.lotr:entDraught:1, Brown Ent-draught
lotr:item.lotr:entDraught:2, Golden Ent-draught
lotr:item.lotr:entDraught:3, Yellow Ent-draught
lotr:item.lotr:entDraught:4, Red Ent-draught
lotr:item.lotr:entDraught:5, Silver Ent-draught
lotr:item.lotr:entDraught:6, Blue Ent-draught
lotr:item.lotr:mugDwarvenAle:0, Dwarven Ale
lotr:item.lotr:mugDwarvenAle:1, Dwarven Ale
lotr:item.lotr:mugDwarvenAle:2, Dwarven Ale
lotr:item.lotr:mugDwarvenAle:3, Dwarven Ale
lotr:item.lotr:mugDwarvenAle:4, Dwarven Ale
lotr:item.lotr:maggotyBread, Maggoty Bread
lotr:item.lotr:morgulSteel, Morgul Steel Ingot
lotr:item.lotr:morgulBlade, Morgul Blade
lotr:item.lotr:helmetMorgul, Morgul Helmet
lotr:item.lotr:bodyMorgul, Morgul Chestplate
lotr:item.lotr:legsMorgul, Morgul Leggings
lotr:item.lotr:bootsMorgul, Morgul Boots
lotr:item.lotr:leatherHat, Leather Hat
lotr:item.lotr:featherDyed, Dyed Feather
lotr:item.lotr:mattockDwarven, Dwarven Mattock
lotr:item.lotr:orcBed, Orc Bed
lotr:item.lotr:shovelWoodElven, Wood-elven Shovel
lotr:item.lotr:pickaxeWoodElven, Wood-elven Pickaxe
lotr:item.lotr:axeWoodElven, Wood-elven Axe
lotr:item.lotr:swordWoodElven, Wood-elven Sword
lotr:item.lotr:hoeWoodElven, Wood-elven Hoe
lotr:item.lotr:daggerWoodElven, Wood-elven Dagger
lotr:item.lotr:spearWoodElven, Wood-elven Spear
lotr:item.lotr:helmetWoodElven, Wood-elven Helmet
lotr:item.lotr:bodyWoodElven, Wood-elven Chestplate
lotr:item.lotr:legsWoodElven, Wood-elven Leggings
lotr:item.lotr:bootsWoodElven, Wood-elven Boots
lotr:item.lotr:rabbitRaw, Raw Rabbit
lotr:item.lotr:rabbitCooked, Cooked Rabbit
lotr:item.lotr:rabbitStew, Rabbit Stew
lotr:item.lotr:mugVodka:0, Vodka
lotr:item.lotr:mugVodka:1, Vodka
lotr:item.lotr:mugVodka:2, Vodka
lotr:item.lotr:mugVodka:3, Vodka
lotr:item.lotr:mugVodka:4, Vodka
lotr:item.lotr:sulfur, Sulfur
lotr:item.lotr:saltpeter, Saltpeter
lotr:item.lotr:commandSword, Sword of Command
lotr:item.lotr:hobbitPancake, Hobbit Pancake
lotr:item.lotr:bottlePoison, Bottle of Poison
lotr:item.lotr:daggerBronzePoisoned, Poisoned Bronze Dagger
lotr:item.lotr:daggerIronPoisoned, Poisoned Iron Dagger
lotr:item.lotr:daggerMithrilPoisoned, Poisoned Mithril Dagger
lotr:item.lotr:daggerGondorPoisoned, Poisoned Gondorian Dagger
lotr:item.lotr:daggerElvenPoisoned, Poisoned Galadhrim Dagger
lotr:item.lotr:daggerDwarvenPoisoned, Poisoned Dwarven Dagger
lotr:item.lotr:daggerRohanPoisoned, Poisoned Rohirric Dagger
lotr:item.lotr:daggerWoodElvenPoisoned, Poisoned Wood-elven Dagger
lotr:item.lotr:banner:0, Banner of Gondor
lotr:item.lotr:banner:1, Banner of Rohan
lotr:item.lotr:banner:2, Banner of Mordor
lotr:item.lotr:banner:3, Banner of Lothlórien
lotr:item.lotr:banner:4, Banner of the Woodland Realm
lotr:item.lotr:banner:5, Banner of Dunland
lotr:item.lotr:banner:6, Banner of Isengard
lotr:item.lotr:banner:7, Banner of Durin's Folk
lotr:item.lotr:banner:8, Banner of Angmar
lotr:item.lotr:banner:9, Banner of Near Harad
lotr:item.lotr:banner:10, Banner of the High Elves
lotr:item.lotr:banner:11, Banner of the Blue Mountains
lotr:item.lotr:banner:12, Banner of the Rangers
lotr:item.lotr:banner:13, Banner of Dol Guldur
lotr:item.lotr:banner:14, Banner of Gundabad
lotr:item.lotr:banner:15, Banner of the Half-trolls
lotr:item.lotr:banner:16, Banner of Dol Amroth
lotr:item.lotr:banner:17, Banner of the Moredain
lotr:item.lotr:banner:18, Banner of the Tauredain
lotr:item.lotr:banner:19, Banner of Dale
lotr:item.lotr:banner:20, Banner of Dorwinion
lotr:item.lotr:banner:21, Banner of the Hobbits
lotr:item.lotr:sulfurMatch, Sulfur Match
lotr:item.lotr:swordAngmar, Angmar Sword
lotr:item.lotr:daggerAngmar, Angmar Dagger
lotr:item.lotr:daggerAngmarPoisoned, Poisoned Angmar Dagger
lotr:item.lotr:battleaxeAngmar, Angmar Battleaxe
lotr:item.lotr:hammerAngmar, Angmar Warhammer
lotr:item.lotr:spearAngmar, Angmar Spear
lotr:item.lotr:shovelAngmar, Angmar Shovel
lotr:item.lotr:pickaxeAngmar, Angmar Pickaxe
lotr:item.lotr:axeAngmar, Angmar Axe
lotr:item.lotr:hoeAngmar, Angmar Hoe
lotr:item.lotr:helmetAngmar, Angmar Helmet
lotr:item.lotr:bodyAngmar, Angmar Chestplate
lotr:item.lotr:legsAngmar, Angmar Leggings
lotr:item.lotr:bootsAngmar, Angmar Boots
lotr:item.lotr:mango, Mango
lotr:item.lotr:mugMangoJuice, Mango Juice
lotr:item.lotr:banana, Banana
lotr:item.lotr:bananaBread, Banana Bread
lotr:item.lotr:bananaCake, Banana Cake
lotr:item.lotr:lionFur, Lion Fur
lotr:item.lotr:lionRaw, Raw Lion
lotr:item.lotr:lionCooked, Cooked Lion
lotr:item.lotr:zebraRaw, Raw Zebra
lotr:item.lotr:zebraCooked, Cooked Zebra
lotr:item.lotr:rhinoRaw, Raw Rhino
lotr:item.lotr:rhinoCooked, Cooked Rhino
lotr:item.lotr:rhinoHorn, Rhino Horn
lotr:item.lotr:battleaxeRohan, Rohirric Battleaxe
lotr:item.lotr:lionBed, Lion Fur Bed
lotr:item.lotr:scimitarNearHarad, Near Harad Scimitar
lotr:item.lotr:helmetNearHarad, Near Harad Helmet
lotr:item.lotr:bodyNearHarad, Near Harad Chestplate
lotr:item.lotr:legsNearHarad, Near Harad Leggings
lotr:item.lotr:bootsNearHarad, Near Harad Boots
lotr:item.lotr:gemsbokHide, Gemsbok Hide
lotr:item.lotr:gemsbokHorn, Gemsbok Horn
lotr:item.lotr:helmetGemsbok, Gemsbok Hide Helmet
lotr:item.lotr:bodyGemsbok, Gemsbok Hide Chestplate
lotr:item.lotr:legsGemsbok, Gemsbok Hide Leggings
lotr:item.lotr:bootsGemsbok, Gemsbok Hide Boots
lotr:item.lotr:mapleSyrup, Maple Syrup
lotr:item.lotr:hobbitPancakeMapleSyrup, Hobbit Pancake with Maple Syrup
lotr:item.lotr:mugMapleBeer:0, Maple Beer
lotr:item.lotr:mugMapleBeer:1, Maple Beer
lotr:item.lotr:mugMapleBeer:2, Maple Beer
lotr:item.lotr:mugMapleBeer:3, Maple Beer
lotr:item.lotr:mugMapleBeer:4, Maple Beer
lotr:item.lotr:helmetHighElven, High Elven Helmet
lotr:item.lotr:bodyHighElven, High Elven Chestplate
lotr:item.lotr:legsHighElven, High Elven Leggings
lotr:item.lotr:bootsHighElven, High Elven Boots
lotr:item.lotr:shovelHighElven, High Elven Shovel
lotr:item.lotr:pickaxeHighElven, High Elven Pickaxe
lotr:item.lotr:axeHighElven, High Elven Axe
lotr:item.lotr:swordHighElven, High Elven Sword
lotr:item.lotr:hoeHighElven, High Elven Hoe
lotr:item.lotr:daggerHighElven, High Elven Dagger
lotr:item.lotr:daggerHighElvenPoisoned, Poisoned High Elven Dagger
lotr:item.lotr:spearHighElven, High Elven Spear
lotr:item.lotr:highElvenBed, High Elven Bed
lotr:item.lotr:daggerNearHarad, Near Harad Dagger
lotr:item.lotr:daggerNearHaradPoisoned, Poisoned Near Harad Dagger
lotr:item.lotr:spearNearHarad, Near Harad Spear
lotr:item.lotr:nearHaradBow, Bow of Harad
lotr:item.lotr:date, Date
lotr:item.lotr:mugAraq:0, Araq
lotr:item.lotr:mugAraq:1, Araq
lotr:item.lotr:mugAraq:2, Araq
lotr:item.lotr:mugAraq:3, Araq
lotr:item.lotr:mugAraq:4, Araq
lotr:item.lotr:blueDwarfSteel, Blue Dwarven Steel Ingot
lotr:item.lotr:shovelBlueDwarven, Blue Dwarven Shovel
lotr:item.lotr:pickaxeBlueDwarven, Blue Dwarven Pickaxe
lotr:item.lotr:axeBlueDwarven, Blue Dwarven Axe
lotr:item.lotr:swordBlueDwarven, Blue Dwarven Sword
lotr:item.lotr:hoeBlueDwarven, Blue Dwarven Hoe
lotr:item.lotr:daggerBlueDwarven, Blue Dwarven Dagger
lotr:item.lotr:daggerBlueDwarvenPoisoned, Poisoned Blue Dwarven Dagger
lotr:item.lotr:battleaxeBlueDwarven, Blue Dwarven Battleaxe
lotr:item.lotr:hammerBlueDwarven, Blue Dwarven Warhammer
lotr:item.lotr:mattockBlueDwarven, Blue Dwarven Mattock
lotr:item.lotr:throwingAxeBlueDwarven, Blue Dwarven Throwing Axe
lotr:item.lotr:helmetBlueDwarven, Blue Dwarven Helmet
lotr:item.lotr:bodyBlueDwarven, Blue Dwarven Chestplate
lotr:item.lotr:legsBlueDwarven, Blue Dwarven Leggings
lotr:item.lotr:bootsBlueDwarven, Blue Dwarven Boots
lotr:item.lotr:dwarvenRing, Dwarven Marriage Ring
lotr:item.lotr:spearDwarven, Dwarven Spear
lotr:item.lotr:spearBlueDwarven, Blue Dwarven Spear
lotr:item.lotr:horseArmorIron, item.lotr:horseArmorIron.name
lotr:item.lotr:horseArmorGold, item.lotr:horseArmorGold.name
lotr:item.lotr:horseArmorDiamond, item.lotr:horseArmorDiamond.name
lotr:item.lotr:horseArmorGondor, Gondorian Horse Armor
lotr:item.lotr:horseArmorRohan, Rohirric Horse Armor
lotr:item.lotr:wargArmorUruk, Isengard Warg Armor
lotr:item.lotr:horseArmorHighElven, High Elven Horse Armor
lotr:item.lotr:horseArmorGaladhrim, Galadhrim Horse Armor
lotr:item.lotr:horseArmorMorgul, Morgul Horse Armor
lotr:item.lotr:horseArmorMithril, Mithril Horse Armor
lotr:item.lotr:elkArmorWoodElven, Wood-elven Elk Armor
lotr:item.lotr:wargArmorMordor, Mordor Warg Armor
lotr:item.lotr:wargArmorAngmar, Angmar Warg Armor
lotr:item.lotr:mugCarrotWine:0, Carrot Wine
lotr:item.lotr:mugCarrotWine:1, Carrot Wine
lotr:item.lotr:mugCarrotWine:2, Carrot Wine
lotr:item.lotr:mugCarrotWine:3, Carrot Wine
lotr:item.lotr:mugCarrotWine:4, Carrot Wine
lotr:item.lotr:mugBananaBeer:0, Banana Beer
lotr:item.lotr:mugBananaBeer:1, Banana Beer
lotr:item.lotr:mugBananaBeer:2, Banana Beer
lotr:item.lotr:mugBananaBeer:3, Banana Beer
lotr:item.lotr:mugBananaBeer:4, Banana Beer
lotr:item.lotr:mugMelonLiqueur:0, Melon Liqueur
lotr:item.lotr:mugMelonLiqueur:1, Melon Liqueur
lotr:item.lotr:mugMelonLiqueur:2, Melon Liqueur
lotr:item.lotr:mugMelonLiqueur:3, Melon Liqueur
lotr:item.lotr:mugMelonLiqueur:4, Melon Liqueur
lotr:item.lotr:strawBed, Straw Bed
lotr:item.lotr:orcSkullStaff, Orc Skull Staff
lotr:item.lotr:swordDolGuldur, Dol Guldur Sword
lotr:item.lotr:daggerDolGuldur, Dol Guldur Dagger
lotr:item.lotr:daggerDolGuldurPoisoned, Poisoned Dol Guldur Dagger
lotr:item.lotr:spearDolGuldur, Dol Guldur Spear
lotr:item.lotr:shovelDolGuldur, Dol Guldur Shovel
lotr:item.lotr:axeDolGuldur, Dol Guldur Axe
lotr:item.lotr:pickaxeDolGuldur, Dol Guldur Pickaxe
lotr:item.lotr:hoeDolGuldur, Dol Guldur Hoe
lotr:item.lotr:battleaxeDolGuldur, Dol Guldur Battleaxe
lotr:item.lotr:hammerDolGuldur, Dol Guldur Warhammer
lotr:item.lotr:helmetDolGuldur, Dol Guldur Helmet
lotr:item.lotr:bodyDolGuldur, Dol Guldur Chestplate
lotr:item.lotr:legsDolGuldur, Dol Guldur Leggings
lotr:item.lotr:bootsDolGuldur, Dol Guldur Boots
lotr:item.lotr:dalishPastry, Dalish Pastry
lotr:item.lotr:redBook, Red Book
lotr:item.lotr:termite, Exploding Termite
lotr:item.lotr:helmetUtumno, Utumno Helmet
lotr:item.lotr:bodyUtumno, Utumno Chestplate
lotr:item.lotr:legsUtumno, Utumno Leggings
lotr:item.lotr:bootsUtumno, Utumno Boots
lotr:item.lotr:flaxSeeds, Flax Seeds
lotr:item.lotr:flax, Flax
lotr:item.lotr:blueberry, Blueberries
lotr:item.lotr:blackberry, Blackberries
lotr:item.lotr:raspberry, Raspberries
lotr:item.lotr:cranberry, Cranberries
lotr:item.lotr:elderberry, Elderberries
lotr:item.lotr:chestnut, Conker
lotr:item.lotr:chestnutRoast, Roast Chestnut
lotr:item.lotr:blackUrukSteel, Black Uruk Steel Ingot
lotr:item.lotr:scimitarBlackUruk, Black Uruk Scimitar
lotr:item.lotr:daggerBlackUruk, Black Uruk Dagger
lotr:item.lotr:daggerBlackUrukPoisoned, Poisoned Black Uruk Dagger
lotr:item.lotr:spearBlackUruk, Black Uruk Spear
lotr:item.lotr:battleaxeBlackUruk, Black Uruk Battleaxe
lotr:item.lotr:hammerBlackUruk, Black Uruk Warhammer
lotr:item.lotr:helmetBlackUruk, Black Uruk Helmet
lotr:item.lotr:bodyBlackUruk, Black Uruk Chestplate
lotr:item.lotr:legsBlackUruk, Black Uruk Leggings
lotr:item.lotr:bootsBlackUruk, Black Uruk Boots
lotr:item.lotr:blackUrukBow, Black Uruk Bow
lotr:item.lotr:helmetNearHaradWarlord, Near Harad Warlord Helmet
lotr:item.lotr:utumnoKey:0, Key of Ice
lotr:item.lotr:utumnoKey:1, Key of Obsidian
lotr:item.lotr:utumnoKey:2, Key Handle
lotr:item.lotr:utumnoKey:3, Key Shaft
lotr:item.lotr:utumnoKey:4, Key Pin
lotr:item.lotr:utumnoKey:5, Key Handle
lotr:item.lotr:utumnoKey:6, Key Shaft
lotr:item.lotr:utumnoKey:7, Key Pin
lotr:item.lotr:swordUtumno, Utumno Sword
lotr:item.lotr:daggerUtumno, Utumno Dagger
lotr:item.lotr:daggerUtumnoPoisoned, Poisoned Utumno Dagger
lotr:item.lotr:spearUtumno, Utumno Spear
lotr:item.lotr:battleaxeUtumno, Utumno Battleaxe
lotr:item.lotr:hammerUtumno, Utumno Warhammer
lotr:item.lotr:utumnoBow, Utumno Bow
lotr:item.lotr:mugCactusLiqueur:0, Cactus Liqueur
lotr:item.lotr:mugCactusLiqueur:1, Cactus Liqueur
lotr:item.lotr:mugCactusLiqueur:2, Cactus Liqueur
lotr:item.lotr:mugCactusLiqueur:3, Cactus Liqueur
lotr:item.lotr:mugCactusLiqueur:4, Cactus Liqueur
lotr:item.lotr:rohanBow, Rohirric Bow
lotr:item.lotr:gondorBow, Gondorian Bow
lotr:item.lotr:highElvenBow, High Elven Bow
lotr:item.lotr:utumnoPickaxe, Pickaxe of the Underworld
lotr:item.lotr:balrogWhip, Balrog Whip
lotr:item.lotr:battleaxeIron, Iron Battleaxe
lotr:item.lotr:battleaxeBronze, Bronze Battleaxe
lotr:item.lotr:bronzeCrossbow, Bronze Crossbow
lotr:item.lotr:conquestHorn, Horn of Conquest
lotr:item.lotr:helmetHalfTroll, Half-troll Helmet
lotr:item.lotr:bodyHalfTroll, Half-troll Chestplate
lotr:item.lotr:legsHalfTroll, Half-troll Leggings
lotr:item.lotr:bootsHalfTroll, Half-troll Boots
lotr:item.lotr:battleaxeHalfTroll, Half-troll Battleaxe
lotr:item.lotr:hammerHalfTroll, Half-troll Warhammer
lotr:item.lotr:maceHalfTroll, Half-troll Mace
lotr:item.lotr:scimitarHalfTroll, Half-troll Scimitar
lotr:item.lotr:daggerHalfTroll, Half-troll Dagger
lotr:item.lotr:daggerHalfTrollPoisoned, Poisoned Half-troll Dagger
lotr:item.lotr:mugTorogDraught:0, Torog Draught
lotr:item.lotr:mugTorogDraught:1, Torog Draught
lotr:item.lotr:mugTorogDraught:2, Torog Draught
lotr:item.lotr:mugTorogDraught:3, Torog Draught
lotr:item.lotr:mugTorogDraught:4, Torog Draught
lotr:item.lotr:berryPie, Berry Pie
lotr:item.lotr:mugBlueberryJuice, Blueberry Juice
lotr:item.lotr:mugBlackberryJuice, Blackberry Juice
lotr:item.lotr:mugRaspberryJuice, Raspberry Juice
lotr:item.lotr:mugCranberryJuice, Cranberry Juice
lotr:item.lotr:mugElderberryJuice, Elderberry Juice
lotr:item.lotr:rhinoArmorHalfTroll, Half-troll Rhino Armor
lotr:item.lotr:helmetDwarvenSilver, Silver-trimmed Dwarven Helmet
lotr:item.lotr:bodyDwarvenSilver, Silver-trimmed Dwarven Chestplate
lotr:item.lotr:legsDwarvenSilver, Silver-trimmed Dwarven Leggings
lotr:item.lotr:bootsDwarvenSilver, Silver-trimmed Dwarven Boots
lotr:item.lotr:helmetDwarvenGold, Gold-trimmed Dwarven Helmet
lotr:item.lotr:bodyDwarvenGold, Gold-trimmed Dwarven Chestplate
lotr:item.lotr:legsDwarvenGold, Gold-trimmed Dwarven Leggings
lotr:item.lotr:bootsDwarvenGold, Gold-trimmed Dwarven Boots
lotr:item.lotr:helmetDwarvenMithril, Mithril-trimmed Dwarven Helmet
lotr:item.lotr:bodyDwarvenMithril, Mithril-trimmed Dwarven Chestplate
lotr:item.lotr:legsDwarvenMithril, Mithril-trimmed Dwarven Leggings
lotr:item.lotr:bootsDwarvenMithril, Mithril-trimmed Dwarven Boots
lotr:item.lotr:torogStew, Torog Stew
lotr:item.lotr:elfSteel, Elven Steel Ingot
lotr:item.lotr:swordDolAmroth, Dol Amroth Sword
lotr:item.lotr:helmetDolAmroth, Dol Amroth Helmet
lotr:item.lotr:bodyDolAmroth, Dol Amroth Chestplate
lotr:item.lotr:legsDolAmroth, Dol Amroth Leggings
lotr:item.lotr:bootsDolAmroth, Dol Amroth Boots
lotr:item.lotr:horseArmorDolAmroth, Dol Amroth Horse Armor
lotr:item.lotr:swanFeather, Swan Feather
lotr:item.lotr:daggerMoredain, Moredain Dagger
lotr:item.lotr:daggerMoredainPoisoned, Poisoned Moredain Dagger
lotr:item.lotr:battleaxeMoredain, Moredain Battleaxe
lotr:item.lotr:spearMoredain, Moredain Spear
lotr:item.lotr:helmetMoredain, Moredain Helmet
lotr:item.lotr:bodyMoredain, Moredain Chestplate
lotr:item.lotr:legsMoredain, Moredain Leggings
lotr:item.lotr:bootsMoredain, Moredain Boots
lotr:item.lotr:helmetMoredainLion, Moredain Chieftain Helmet
lotr:item.lotr:bodyMoredainLion, Moredain Chieftain Chestplate
lotr:item.lotr:legsMoredainLion, Moredain Chieftain Leggings
lotr:item.lotr:bootsMoredainLion, Moredain Chieftain Boots
lotr:item.lotr:helmetHaradRobes, Harad Turban
lotr:item.lotr:bodyHaradRobes, Harad Robe
lotr:item.lotr:legsHaradRobes, Harad Robe Leggings
lotr:item.lotr:bootsHaradRobes, Harad Robe Shoes
lotr:item.lotr:helmetBone, Bone Helmet
lotr:item.lotr:bodyBone, Bone Chestplate
lotr:item.lotr:legsBone, Bone Leggings
lotr:item.lotr:bootsBone, Bone Boots
lotr:item.lotr:cram, Cram
lotr:item.lotr:throwingAxeBronze, Bronze Throwing Axe
lotr:item.lotr:throwingAxeIron, Iron Throwing Axe
lotr:item.lotr:bossTrophy:0, Mountain Troll Chieftain Skull
lotr:item.lotr:bossTrophy:1, Mallorn Ent Trunk
lotr:item.lotr:swordGondolin, Gondolinian Sword
lotr:item.lotr:maceMallornCharred, Charred Mallorn Mace
lotr:item.lotr:lemon, Lemon
lotr:item.lotr:lemonCake, Lemon Cake
lotr:item.lotr:orange, Orange
lotr:item.lotr:mugOrangeJuice, Orange Juice
lotr:item.lotr:mugLemonLiqueur:0, Lemon Liqueur
lotr:item.lotr:mugLemonLiqueur:1, Lemon Liqueur
lotr:item.lotr:mugLemonLiqueur:2, Lemon Liqueur
lotr:item.lotr:mugLemonLiqueur:3, Lemon Liqueur
lotr:item.lotr:mugLemonLiqueur:4, Lemon Liqueur
lotr:item.lotr:mugLemonade, Lemonade
lotr:item.lotr:helmetGondolin, Gondolinian Helmet
lotr:item.lotr:bodyGondolin, Gondolinian Chestplate
lotr:item.lotr:legsGondolin, Gondolinian Leggings
lotr:item.lotr:bootsGondolin, Gondolinian Boots
lotr:item.lotr:lime, Lime
lotr:item.lotr:mugLimeLiqueur:0, Lime Liqueur
lotr:item.lotr:mugLimeLiqueur:1, Lime Liqueur
lotr:item.lotr:mugLimeLiqueur:2, Lime Liqueur
lotr:item.lotr:mugLimeLiqueur:3, Lime Liqueur
lotr:item.lotr:mugLimeLiqueur:4, Lime Liqueur
lotr:item.lotr:helmetRohanMarshal, Rohirric Marshal Helmet
lotr:item.lotr:bodyRohanMarshal, Rohirric Marshal Chestplate
lotr:item.lotr:legsRohanMarshal, Rohirric Marshal Leggings
lotr:item.lotr:bootsRohanMarshal, Rohirric Marshal Boots
lotr:item.lotr:obsidianShard, Obsidian Shard
lotr:item.lotr:shovelTauredain, Tauredain Shovel
lotr:item.lotr:pickaxeTauredain, Tauredain Pickaxe
lotr:item.lotr:axeTauredain, Tauredain Axe
lotr:item.lotr:hoeTauredain, Tauredain Hoe
lotr:item.lotr:daggerTauredain, Tauredain Dagger
lotr:item.lotr:daggerTauredainPoisoned, Poisoned Tauredain Dagger
lotr:item.lotr:spearTauredain, Tauredain Spear
lotr:item.lotr:swordTauredain, Tauredain Sword
lotr:item.lotr:helmetTauredain, Tauredain Helmet
lotr:item.lotr:bodyTauredain, Tauredain Chestplate
lotr:item.lotr:legsTauredain, Tauredain Leggings
lotr:item.lotr:bootsTauredain, Tauredain Boots
lotr:item.lotr:helmetTauredainChieftain, Tauredain Chieftain Helmet
lotr:item.lotr:poleaxeNearHarad, Near Harad Poleaxe
lotr:item.lotr:pikeUruk, Uruk Pike
lotr:item.lotr:horseArmorNearHarad, Near Harad Horse Armor
lotr:item.lotr:polearmOrc, Mordor Warscythe
lotr:item.lotr:lanceDolAmroth, Dol Amroth Lance
lotr:item.lotr:polearmHighElven, High Elven Battlestaff
lotr:item.lotr:polearmElven, Galadhrim Battlestaff
lotr:item.lotr:polearmWoodElven, Wood-elven Battlestaff
lotr:item.lotr:tauredainBlowgun, Tauredain Blowgun
lotr:item.lotr:tauredainDart, Tauredain Dart
lotr:item.lotr:tauredainDartPoisoned, Poisoned Tauredain Dart
lotr:item.lotr:daggerBarrow, Barrow-blade
lotr:item.lotr:daggerBarrowPoisoned, Poisoned Barrow-blade
lotr:item.lotr:muttonRaw, Raw Mutton
lotr:item.lotr:muttonCooked, Cooked Mutton
lotr:item.lotr:maceNearHarad, Near Harad Mace
lotr:item.lotr:mugTauredainCocoa:0, Tauredain Cocoa
lotr:item.lotr:mugTauredainCocoa:1, Tauredain Cocoa
lotr:item.lotr:mugTauredainCocoa:2, Tauredain Cocoa
lotr:item.lotr:mugTauredainCocoa:3, Tauredain Cocoa
lotr:item.lotr:mugTauredainCocoa:4, Tauredain Cocoa
lotr:item.lotr:hithlain, Hithlain
lotr:item.lotr:helmetHithlain, Galadhrim Cloak Hood
lotr:item.lotr:bodyHithlain, Galadhrim Cloak Tunic
lotr:item.lotr:legsHithlain, Galadhrim Cloak Leggings
lotr:item.lotr:bootsHithlain, Galadhrim Cloak Boots
lotr:item.lotr:boarArmorDwarven, Dwarven Boar Armor
lotr:item.lotr:boarArmorBlueDwarven, Blue Dwarven Boar Armor
lotr:item.lotr:pikeHalfTroll, Half-troll Pike
lotr:item.lotr:pikeIron, Iron Pike
lotr:item.lotr:tauredainDoubleTorch, Tauredain Torch
lotr:item.lotr:helmetTauredainGold, Golden Tauredain Helmet
lotr:item.lotr:bodyTauredainGold, Golden Tauredain Chestplate
lotr:item.lotr:legsTauredainGold, Golden Tauredain Leggings
lotr:item.lotr:bootsTauredainGold, Golden Tauredain Boots
lotr:item.lotr:mugTauredainCure, Jungle Remedy
lotr:item.lotr:tauredainAmulet, Tauredain Amulet
lotr:item.lotr:pikeDwarven, Dwarven Pike
lotr:item.lotr:pikeBlueDwarven, Blue Dwarven Pike
lotr:item.lotr:corn, Corn
lotr:item.lotr:daggerDolAmroth, Dol Amroth Dagger
lotr:item.lotr:daggerDolAmrothPoisoned, Poisoned Dol Amroth Dagger
lotr:item.lotr:helmetGundabadUruk, Gundabad Uruk Helmet
lotr:item.lotr:bodyGundabadUruk, Gundabad Uruk Chestplate
lotr:item.lotr:legsGundabadUruk, Gundabad Uruk Leggings
lotr:item.lotr:bootsGundabadUruk, Gundabad Uruk Boots
lotr:item.lotr:lanceGondor, Gondorian Lance
lotr:item.lotr:swordGundabadUruk, Gundabad Uruk Cleaver
lotr:item.lotr:battleaxeGundabadUruk, Gundabad Uruk Waraxe
lotr:item.lotr:hammerGundabadUruk, Gundabad Uruk Bludgeon
lotr:item.lotr:helmetUrukBerserker, Uruk Berserker Helmet
lotr:item.lotr:scimitarUrukBerserker, Uruk Berserker Scimitar
lotr:item.lotr:mugCornLiquor:0, Corn Liquor
lotr:item.lotr:mugCornLiquor:1, Corn Liquor
lotr:item.lotr:mugCornLiquor:2, Corn Liquor
lotr:item.lotr:mugCornLiquor:3, Corn Liquor
lotr:item.lotr:mugCornLiquor:4, Corn Liquor
lotr:item.lotr:gateGear, Gate Gears
lotr:item.lotr:wargFurBed, Warg Fur Bed
lotr:item.lotr:deerRaw, Raw Venison
lotr:item.lotr:deerCooked, Cooked Venison
lotr:item.lotr:kebab, Kebab
lotr:item.lotr:lanceRohan, Rohirric Lance
lotr:item.lotr:cornCooked, Cooked Corn
lotr:item.lotr:shishKebab, Shish Kebab
lotr:item.lotr:longspearElven, Galadhrim Longspear
lotr:item.lotr:longspearHighElven, High Elven Longspear
lotr:item.lotr:longspearWoodElven, Wood-elven Longspear
lotr:item.lotr:ringil, Ringil
lotr:item.lotr:halberdMithril, Mithril Halberd
lotr:item.lotr:leek, Leek
lotr:item.lotr:leekSoup, Leek Soup
lotr:item.lotr:turnip, Turnip
lotr:item.lotr:camelRaw, Raw Camel
lotr:item.lotr:camelCooked, Cooked Camel
lotr:item.lotr:swordDale, Dalish Sword
lotr:item.lotr:daggerDale, Dalish Dagger
lotr:item.lotr:daggerDalePoisoned, Poisoned Dalish Dagger
lotr:item.lotr:spearDale, Dalish Spear
lotr:item.lotr:battleaxeDale, Dalish Battleaxe
lotr:item.lotr:helmetDale, Dalish Helmet
lotr:item.lotr:bodyDale, Dalish Chestplate
lotr:item.lotr:legsDale, Dalish Leggings
lotr:item.lotr:bootsDale, Dalish Boots
lotr:item.lotr:helmetDorwinion, Dorwinion Helmet
lotr:item.lotr:bodyDorwinion, Dorwinion Chestplate
lotr:item.lotr:legsDorwinion, Dorwinion Leggings
lotr:item.lotr:bootsDorwinion, Dorwinion Boots
lotr:item.lotr:helmetDorwinionElf, Dorwinion Elven Helmet
lotr:item.lotr:bodyDorwinionElf, Dorwinion Elven Chestplate
lotr:item.lotr:legsDorwinionElf, Dorwinion Elven Leggings
lotr:item.lotr:bootsDorwinionElf, Dorwinion Elven Boots
lotr:item.lotr:spearBladorthin, Spear of Bladorthin
lotr:item.lotr:olive, Olives
lotr:item.lotr:daleBow, Dalish Longbow
lotr:item.lotr:mugAppleJuice, Apple Juice
lotr:item.lotr:horseArmorDale, Dalish Horse Armor
lotr:item.lotr:npcRespawner, NPC Respawner
lotr:item.lotr:helmetRangerIthilien, Ithilien Ranger Hood
lotr:item.lotr:bodyRangerIthilien, Ithilien Ranger Tunic
lotr:item.lotr:legsRangerIthilien, Ithilien Ranger Leggings
lotr:item.lotr:bootsRangerIthilien, Ithilien Ranger Boots
lotr:item.lotr:daggerGundabadUruk, Gundabad Uruk Dagger
lotr:item.lotr:daggerGundabadUrukPoisoned, Poisoned Gundabad Uruk Dagger
lotr:item.lotr:spearGundabadUruk, Gundabad Uruk Spear
lotr:item.lotr:pikeGundabadUruk, Gundabad Uruk Pike
lotr:item.lotr:gundabadUrukBow, Gundabad Uruk Bow
lotr:item.lotr:hammerTauredain, Tauredain Bludgeon
lotr:item.lotr:swordDorwinionElf, Dorwinion Elven Sword
lotr:item.lotr:daggerDorwinionElf, Dorwinion Elven Dagger
lotr:item.lotr:daggerDorwinionElfPoisoned, Poisoned Dorwinion Elven Dagger
lotr:item.lotr:battleaxeTauredain, Tauredain Battleaxe
lotr:item.lotr:pikeTauredain, Tauredain Pike
lotr:item.lotr:clubMoredain, Moredain Club
lotr:item.lotr:oliveBread, Olive Bread
lotr:item.lotr:pikeDale, Dalish Pitchfork
lotr:item.lotr:rollingPin, Rolling Pin
lotr:item.lotr:grapeRed, Red Grapes
lotr:item.lotr:grapeWhite, Green Grapes
lotr:item.lotr:seedsGrapeRed, Red Grape Seeds
lotr:item.lotr:seedsGrapeWhite, Green Grape Seeds
lotr:item.lotr:mugWhiteWine:0, White Wine
lotr:item.lotr:mugWhiteWine:1, White Wine
lotr:item.lotr:mugWhiteWine:2, White Wine
lotr:item.lotr:mugWhiteWine:3, White Wine
lotr:item.lotr:mugWhiteWine:4, White Wine
lotr:item.lotr:mugRedGrapeJuice, Red Grape Juice
lotr:item.lotr:mugWhiteGrapeJuice, Green Grape Juice
lotr:item.lotr:polearmAngmar, Angmar Poleaxe
lotr:item.lotr:pikeDolGuldur, Dol Guldur Spike
lotr:item.lotr:turnipCooked, Roast Turnip
lotr:item.lotr:kineArawHorn, Kine of Araw Horn
divinerpg:bacon, Bacon
divinerpg:hotPumpkinPie, Hot Pumpkin Pie
divinerpg:boiledEgg, Boiled Egg
divinerpg:cheese, Cheese
divinerpg:whiteMushroom, White Mushroom
divinerpg:advancedMushroomStew, Advanced Mushroom Stew
divinerpg:chickenDinner, Chicken Dinner
divinerpg:tomato, Tomato
divinerpg:donut, Donut
divinerpg:rawEmpoweredMeat, Raw Empowered Meat
divinerpg:empoweredMeat, Empowered Meat
divinerpg:magicMeat, Magic Meat
divinerpg:enrichedMagicMeat, Enriched Magic Meat
divinerpg:snowflake, Snowflake
divinerpg:iceShards, Ice Shards
divinerpg:iceStone, Ice Stone
divinerpg:rupeeIngot, Rupee Ingot
divinerpg:arlemiteIngot, Arlemite Ingot
divinerpg:realmiteIngot, Realmite Ingot
divinerpg:shadowBar, Shadow Bar
divinerpg:hellstoneIngot, Hellstone Ingot
divinerpg:netheriteIngot, Netherite Ingot
divinerpg:bloodgem, Bloodgem
divinerpg:jungleShards, Jungle Shards
divinerpg:divineShards, Divine Shards
divinerpg:corruptedShards, Corrupted Shards
divinerpg:moltenShards, Molten Shards
divinerpg:enderShards, Ender Shards
divinerpg:terranShards, Terran Shards
divinerpg:cyclopsEyeShards, Cyclops Eye Shards
divinerpg:corruptedBullet, Corrupted Bullet
divinerpg:jungleStone, Jungle Stone
divinerpg:divineStone, Divine Stone
divinerpg:corruptedStone, Corrupted Stone
divinerpg:moltenStone, Molten Stone
divinerpg:enderStone, Ender Stone
divinerpg:terranStone, Terran Stone
divinerpg:healingStone, Healing Stone
divinerpg:shadowStone, Shadow Stone
divinerpg:aquaticIngot, Aquatic Ingot
divinerpg:aquaticPellets, Aquatic Pellets
divinerpg:pureAquaticPellets, Pure Aquatic Pellets
divinerpg:cyclopsEye, Cyclops Eye
divinerpg:crabClaw, Crab Claw
divinerpg:legendaryEnderEye, Legendary Ender Eye
divinerpg:sharkFin, Shark Fin
divinerpg:whaleFin, Whale Fin
divinerpg:liopleurodonSkull, Liopleurodon Skull
divinerpg:liopleurodonTeeth, Liopleurodon Teeth
divinerpg:netheriteChunk, Netherite Chunk
divinerpg:bluefireStone, Bluefire Stone
divinerpg:purpleBlaze, Purple Blaze
divinerpg:furyFire, Fury Fire
divinerpg:aquaBall, Aqua Ball
divinerpg:aquaticBlazeRod, Aquatic Blaze Rod
divinerpg:shadowCoins, Shadow Coins
divinerpg:overworldPetSpawner:0, Ehu Egg
divinerpg:overworldPetSpawner:1, Husk Egg
divinerpg:overworldPetSpawner:2, Stone Golem Egg
divinerpg:overworldPetSpawner:3, Smelter Egg
divinerpg:overworldPetSpawner:4, Snapper Egg
divinerpg:grizzleEgg:0, White Grizzle Egg
divinerpg:grizzleEgg:1, Brown Grizzle Egg
divinerpg:greenDiamondChunk, Green Diamond Chunk
divinerpg:grayDiamondChunk, Gray Diamond Chunk
divinerpg:blueDiamondChunk, Blue Diamond Chunk
divinerpg:redDiamondChunk, Red Diamond Chunk
divinerpg:yellowDiamondChunk, Yellow Diamond Chunk
divinerpg:bucketOfTar, Bucket of Tar
divinerpg:mysteriousClock, Mysterious Clock
divinerpg:watchingEye, Watching Eye
divinerpg:callOfTheWatcher, Call of the Watcher
divinerpg:infernalFlame, Infernal Flame
divinerpg:hordeHorn, Horde Horn
divinerpg:whiteMushroomSeeds, White Mushroom Seeds
divinerpg:tomatoSeeds, Tomato Seeds
divinerpg:krakenSkin, Kraken Skin
divinerpg:krakenScale, Kraken Scale
divinerpg:teleportationCrystal, Teleportation Crystal
divinerpg:edenSoul, Eden Soul
divinerpg:wildwoodSoul, Wildwood Soul
divinerpg:apalachiaSoul, Apalachia Soul
divinerpg:skythernSoul, Skythern Soul
divinerpg:mortumSoul, Mortum Soul
divinerpg:edenFragments, Eden Fragments
divinerpg:wildwoodFragments, Wildwood Fragments
divinerpg:apalachiaFragments, Apalachia Fragments
divinerpg:skythernFragments, Skythern Fragments
divinerpg:mortumFragments, Mortum Fragments
divinerpg:edenGem, Eden Gem
divinerpg:wildwoodGem, Wildwood Gem
divinerpg:apalachiaGem, Apalachia Gem
divinerpg:skythernGem, Skythern Gem
divinerpg:mortumGem, Mortum Gem
divinerpg:edenChunk, Eden Chunk
divinerpg:wildwoodChunk, Wildwood Chunk
divinerpg:apalachiaChunk, Apalachia Chunk
divinerpg:skythernChunk, Skythern Chunk
divinerpg:mortumChunk, Mortum Chunk
divinerpg:edenDust, Eden Dust
divinerpg:wildwoodDust, Wildwood Dust
divinerpg:apalachiaDust, Apalachia Dust
divinerpg:skythernDust, Skythern Dust
divinerpg:mortumDust, Mortum Dust
divinerpg:twilightClock, Twilight Clock
divinerpg:edenSparkles, Eden Sparkles
divinerpg:baseSpawnCrystal, Base Spawn Crystal
divinerpg:densosCrystal, Densos Crystal
divinerpg:karotCrystal, Karot Crystal
divinerpg:reyvorCrystal, Reyvor Crystal
divinerpg:soulFiendCrystal, Soul Fiend Crystal
divinerpg:twilightDemonCrystal, Twilight Demon Crystal
divinerpg:vamacheronCrystal, Vamacheron Crystal
divinerpg:eternalArcherCrystal, Eternal Archer Crystal
divinerpg:icicleBane, Icicle Bane
divinerpg:icineSword, Icine Sword
divinerpg:enderice, Enderice
divinerpg:snowslash, Snowslash
divinerpg:glacierSword, Glacier Sword
divinerpg:frostkingSword, Frostking Sword
divinerpg:frozenMaul, Frozen Maul
divinerpg:frossivence, Frossivence
divinerpg:soundOfCarols, Sound of Carols
divinerpg:soundOfMusic, Sound of Music
divinerpg:frostclawCannon, Frostclaw Cannon
divinerpg:fractiteCannon, Fractite Cannon
divinerpg:snowflakeShuriken, Snowflake Shuriken
divinerpg:serenadeOfIce, Serenade of Ice
divinerpg:eggNog, Egg Nog
divinerpg:peppermints, Peppermints
divinerpg:chocolateLog, Chocolate Log
divinerpg:snowCones, Snow Cones
divinerpg:fruitCake, Fruit Cake
divinerpg:winterberry, Winterberry
divinerpg:icicleBow, Icicle Bow
divinerpg:snowstormBow, Snowstorm Bow
divinerpg:santaCap, Santa Cap
divinerpg:santaTunic, Santa Tunic
divinerpg:santaPants, Santa Pants
divinerpg:santaBoots, Santa Boots
divinerpg:snowGlobe, Snow Globe
divinerpg:dirtyPearls, Dirty Pearls
divinerpg:cleanPearls, Clean Pearls
divinerpg:polishedPearls, Polished Pearls
divinerpg:shinyPearls, Shiny Pearls
divinerpg:barredDoor, Barred Door
divinerpg:teakerLump, Teaker Lump
divinerpg:amthirmisLump, Amthirmis Lump
divinerpg:darvenLump, Darven Lump
divinerpg:cermileLump, Cermile Lump
divinerpg:pardimalLump, Pardimal Lump
divinerpg:quadroticLump, Quadrotic Lump
divinerpg:karosLump, Karos Lump
divinerpg:heliosisLump, Heliosis Lump
divinerpg:arksianeLump, Arksiane Lump
divinerpg:teakerDisk, Teaker Disk
divinerpg:amthirmisDisk, Amthirmis Disk
divinerpg:darvenDisk, Darven Disk
divinerpg:cermileDisk, Cermile Disk
divinerpg:pardimalDisk, Pardimal Disk
divinerpg:quadroticWardisk, Quadrotic Wardisk
divinerpg:karosWardisk, Karos Wardisk
divinerpg:heliosisWrathdisk, Heliosis Wrathdisk
divinerpg:arksianeWrathdisk, Arksiane Wrathdisk
divinerpg:teakerStaff, Teaker Staff
divinerpg:amthirmisStaff, Amthirmis Staff
divinerpg:darvenStaff, Darven Staff
divinerpg:cermileStaff, Cermile Staff
divinerpg:pardimalStaff, Pardimal Staff
divinerpg:quadroticWarstaff, Quadrotic Warstaff
divinerpg:karosWarstaff, Karos Warstaff
divinerpg:heliosisWrathstaff, Heliosis Wrathstaff
divinerpg:arksianeWrathstaff, Arksiane Wrathstaff
divinerpg:honeysuckle, Honeysuckle
divinerpg:honeychunk, Honeychunk
divinerpg:dreamCarrot, Dream Carrot
divinerpg:dreamMelon, Dream Melon
divinerpg:dreamPie, Dream Pie
divinerpg:dreamCake, Dream Cake
divinerpg:dreamSweets, Dream Sweets
divinerpg:dreamSours, Dream Sours
divinerpg:acid, Acid
divinerpg:bandOfHeivaHunting, Band of Heiva Hunting
divinerpg:miner'sAmulet, Miner's Amulet
divinerpg:hammerTemplate, Hammer Template
divinerpg:backswordTemplate, Backsword Template
divinerpg:bowTemplate, Bow Template
divinerpg:cannonTemplate, Cannon Template
divinerpg:clawTemplate, Claw Template
divinerpg:diskTemplate, Disk Template
divinerpg:staffTemplate, Staff Template
divinerpg:degradedTemplate, Degraded Template
divinerpg:finishedTemplate, Finished Template
divinerpg:glisteningTemplate, Glistening Template
divinerpg:demonizedTemplate, Demonized Template
divinerpg:tormentedTemplate, Tormented Template
divinerpg:teakerCannon, Teaker Cannon
divinerpg:amthirmisCannon, Amthirmis Cannon
divinerpg:darvenCannon, Darven Cannon
divinerpg:cermileCannon, Cermile Cannon
divinerpg:pardimalCannon, Pardimal Cannon
divinerpg:quadroticWarcannon, Quadrotic Warcannon
divinerpg:karosWarcannon, Karos Warcannon
divinerpg:heliosisWrathcannon, Heliosis Wrathcannon
divinerpg:arksianeWrathcannon, Arksiane Wrathcannon
divinerpg:teakerHammer, Teaker Hammer
divinerpg:amthirmisHammer, Amthirmis Hammer
divinerpg:darvenHammer, Darven Hammer
divinerpg:cermileHammer, Cermile Hammer
divinerpg:pardimalHammer, Pardimal Hammer
divinerpg:quadroticWarhammer, Quadrotic Warhammer
divinerpg:karosWarhammer, Karos Warhammer
divinerpg:heliosisWrathhammer, Heliosis Wrathhammer
divinerpg:arksianeWrathhammer, Arksiane Wrathhammer
divinerpg:teakerBacksword, Teaker Backsword
divinerpg:amthirmisBacksword, Amthirmis Backsword
divinerpg:darvenBacksword, Darven Backsword
divinerpg:cermileBacksword, Cermile Backsword
divinerpg:pardimalBacksword, Pardimal Backsword
divinerpg:quadroticWarsword, Quadrotic Warsword
divinerpg:karosWarsword, Karos Warsword
divinerpg:heliosisWrathsword, Heliosis Wrathsword
divinerpg:arksianeWrathsword, Arksiane Wrathsword
divinerpg:teakerClaw, Teaker Claw
divinerpg:amthirmisClaw, Amthirmis Claw
divinerpg:darvenClaw, Darven Claw
divinerpg:cermileClaw, Cermile Claw
divinerpg:pardimalClaw, Pardimal Claw
divinerpg:quadroticWarclaw, Quadrotic Warclaw
divinerpg:karosWarclaw, Karos Warclaw
divinerpg:heliosisWrathclaw, Heliosis Wrathclaw
divinerpg:arksianeWrathclaw, Arksiane Wrathclaw
divinerpg:eversight, Eversight
divinerpg:everlight, Everlight
divinerpg:everbright, Everbright
divinerpg:everArrow, Ever Arrow
divinerpg:everfright, Everfright
divinerpg:evernight, Evernight
divinerpg:karosRockmaul, Karos Rockmaul
divinerpg:teakerArrow, Teaker Arrow
divinerpg:darvenArrow, Darven Arrow
divinerpg:pardimalArrow, Pardimal Arrow
divinerpg:karosArrow, Karos Arrow
divinerpg:teakerBow, Teaker Bow
divinerpg:amthirmisBow, Amthirmis Bow
divinerpg:darvenBow, Darven Bow
divinerpg:cermileBow, Cermile Bow
divinerpg:pardimalBow, Pardimal Bow
divinerpg:quadroticWarbow, Quadrotic Warbow
divinerpg:karosWarbow, Karos Warbow
divinerpg:heliosisWrathbow, Heliosis Wrathbow
divinerpg:arksianeWrathbow, Arksiane Wrathbow
divinerpg:dreamFlint, Dream Flint
divinerpg:moonClock, Moon Clock
divinerpg:rockChunks, Rock Chunks
divinerpg:nightmareBed, Nightmare Bed
divinerpg:degradedHelmet, Degraded Helmet
divinerpg:degradedMask, Degraded Mask
divinerpg:degradedHood, Degraded Hood
divinerpg:degradedChestplate, Degraded Chestplate
divinerpg:degradedLeggings, Degraded Leggings
divinerpg:degradedBoots, Degraded Boots
divinerpg:finishedHelmet, Finished Helmet
divinerpg:finishedMask, Finished Mask
divinerpg:finishedHood, Finished Hood
divinerpg:finishedChestplate, Finished Chestplate
divinerpg:finishedLeggings, Finished Leggings
divinerpg:finishedBoots, Finished Boots
divinerpg:glisteningHelmet, Glistening Helmet
divinerpg:glisteningMask, Glistening Mask
divinerpg:glisteningHood, Glistening Hood
divinerpg:glisteningChestplate, Glistening Chestplate
divinerpg:glisteningLeggings, Glistening Leggings
divinerpg:glisteningBoots, Glistening Boots
divinerpg:demonizedHelmet, Demonized Helmet
divinerpg:demonizedMask, Demonized Mask
divinerpg:demonizedHood, Demonized Hood
divinerpg:demonizedChestplate, Demonized Chestplate
divinerpg:demonizedLeggings, Demonized Leggings
divinerpg:demonizedBoots, Demonized Boots
divinerpg:tormentedHelmet, Tormented Helmet
divinerpg:tormentedMask, Tormented Mask
divinerpg:tormentedHood, Tormented Hood
divinerpg:tormentedChestplate, Tormented Chestplate
divinerpg:tormentedLeggings, Tormented Leggings
divinerpg:tormentedBoots, Tormented Boots
divinerpg:moonbulb, Moonbulb
divinerpg:moonbulbSeeds, Moonbulb Seeds
divinerpg:purpleGlowbone, Purple Glowbone
divinerpg:purpleGlowboneSeeds, Purple Glowbone Seeds
divinerpg:pinkGlowbone, Pink Glowbone
divinerpg:pinkGlowboneSeeds, Pink Glowbone Seeds
divinerpg:skyFlower, Sky Flower
divinerpg:skyPlantSeeds, Sky Plant Seeds
divinerpg:edenHelmet, Eden Helmet
divinerpg:edenChestplate, Eden Chestplate
divinerpg:edenLeggings, Eden Leggings
divinerpg:edenBoots, Eden Boots
divinerpg:wildwoodHelmet, Wildwood Helmet
divinerpg:wildwoodChestplate, Wildwood Chestplate
divinerpg:wildwoodLeggings, Wildwood Leggings
divinerpg:wildwoodBoots, Wildwood Boots
divinerpg:apalachiaHelmet, Apalachia Helmet
divinerpg:apalachiaChestplate, Apalachia Chestplate
divinerpg:apalachiaLeggings, Apalachia Leggings
divinerpg:apalachiaBoots, Apalachia Boots
divinerpg:skythernHelmet, Skythern Helmet
divinerpg:skythernChestplate, Skythern Chestplate
divinerpg:skythernLeggings, Skythern Leggings
divinerpg:skythernBoots, Skythern Boots
divinerpg:mortumHelmet, Mortum Helmet
divinerpg:mortumChestplate, Mortum Chestplate
divinerpg:mortumLeggings, Mortum Leggings
divinerpg:mortumBoots, Mortum Boots
divinerpg:haliteHelmet, Halite Helmet
divinerpg:haliteChestplate, Halite Chestplate
divinerpg:haliteLeggings, Halite Leggings
divinerpg:haliteBoots, Halite Boots
divinerpg:edenBlade, Eden Blade
divinerpg:wildwoodBlade, Wildwood Blade
divinerpg:apalachiaBlade, Apalachia Blade
divinerpg:skythernBlade, Skythern Blade
divinerpg:mortumBlade, Mortum Blade
divinerpg:haliteBlade, Halite Blade
divinerpg:edenSlicer, Eden Slicer
divinerpg:wildwoodSlicer, Wildwood Slicer
divinerpg:apalachiaSlicer, Apalachia Slicer
divinerpg:skythernSlicer, Skythern Slicer
divinerpg:mortumSlicer, Mortum Slicer
divinerpg:haliteSlicer, Halite Slicer
divinerpg:edenBlitz, Eden Blitz
divinerpg:wildwoodBlitz, Wildwood Blitz
divinerpg:apalachiaBlitz, Apalachia Blitz
divinerpg:skythernBlitz, Skythern Blitz
divinerpg:mortumBlitz, Mortum Blitz
divinerpg:haliteBlitz, Halite Blitz
divinerpg:edenPhaser, Eden Phaser
divinerpg:wildwoodPhaser, Wildwood Phaser
divinerpg:apalachiaPhaser, Apalachia Phaser
divinerpg:skythernPhaser, Skythern Phaser
divinerpg:mortumPhaser, Mortum Phaser
divinerpg:halitePhaser, Halite Phaser
divinerpg:edenArrow, Eden Arrow
divinerpg:wildwoodArrow, Wildwood Arrow
divinerpg:furyArrow, Fury Arrow
divinerpg:edenBow, Eden Bow
divinerpg:wildwoodBow, Wildwood Bow
divinerpg:apalachiaBow, Apalachia Bow
divinerpg:skythernBow, Skythern Bow
divinerpg:mortumBow, Mortum Bow
divinerpg:haliteBow, Halite Bow
divinerpg:twilightBow, Twilight Bow
divinerpg:edenPickaxe, Eden Pickaxe
divinerpg:wildwoodPickaxe, Wildwood Pickaxe
divinerpg:apalachiaPickaxe, Apalachia Pickaxe
divinerpg:skythernPickaxe, Skythern Pickaxe
divinerpg:mortumPickaxe, Mortum Pickaxe
divinerpg:edenAxe, Eden Axe
divinerpg:wildwoodAxe, Wildwood Axe
divinerpg:apalachiaAxe, Apalachia Axe
divinerpg:skythernAxe, Skythern Axe
divinerpg:mortumAxe, Mortum Axe
divinerpg:edenShovel, Eden Shovel
divinerpg:wildwoodShovel, Wildwood Shovel
divinerpg:apalachiaShovel, Apalachia Shovel
divinerpg:skythernShovel, Skythern Shovel
divinerpg:mortumShovel, Mortum Shovel
divinerpg:angelicHelmet, Angelic Helmet
divinerpg:angelicChestplate, Angelic Chestplate
divinerpg:angelicLeggings, Angelic Leggings
divinerpg:angelicBoots, Angelic Boots
divinerpg:divineHelmet, Divine Helmet
divinerpg:divineChestplate, Divine Chestplate
divinerpg:divineLeggings, Divine Leggings
divinerpg:divineBoots, Divine Boots
divinerpg:bedrockHelmet, Bedrock Helmet
divinerpg:bedrockChestplate, Bedrock Chestplate
divinerpg:bedrockLeggings, Bedrock Leggings
divinerpg:bedrockBoots, Bedrock Boots
divinerpg:realmiteHelmet, Realmite Helmet
divinerpg:realmiteChestplate, Realmite Chestplate
divinerpg:realmiteLeggings, Realmite Leggings
divinerpg:realmiteBoots, Realmite Boots
divinerpg:eliteRealmiteHelmet, Elite Realmite Helmet
divinerpg:eliteRealmiteChestplate, Elite Realmite Chestplate
divinerpg:eliteRealmiteLeggings, Elite Realmite Leggings
divinerpg:eliteRealmiteBoots, Elite Realmite Boots
divinerpg:arlemiteHelmet, Arlemite Helmet
divinerpg:arlemiteChestplate, Arlemite Chestplate
divinerpg:arlemiteLeggings, Arlemite Leggings
divinerpg:arlemiteBoots, Arlemite Boots
divinerpg:rupeeHelmet, Rupee Helmet
divinerpg:rupeeChestplate, Rupee Chestplate
divinerpg:rupeeLeggings, Rupee Leggings
divinerpg:rupeeBoots, Rupee Boots
divinerpg:yellowRupeeHelmet, Yellow Rupee Helmet
divinerpg:yellowRupeeChestplate, Yellow Rupee Chestplate
divinerpg:yellowRupeeLeggings, Yellow Rupee Leggings
divinerpg:yellowRupeeBoots, Yellow Rupee Boots
divinerpg:redRupeeHelmet, Red Rupee Helmet
divinerpg:redRupeeChestplate, Red Rupee Chestplate
divinerpg:redRupeeLeggings, Red Rupee Leggings
divinerpg:redRupeeBoots, Red Rupee Boots
divinerpg:greenRupeeHelmet, Green Rupee Helmet
divinerpg:greenRupeeChestplate, Green Rupee Chestplate
divinerpg:greenRupeeLeggings, Green Rupee Leggings
divinerpg:greenRupeeBoots, Green Rupee Boots
divinerpg:blueRupeeHelmet, Blue Rupee Helmet
divinerpg:blueRupeeChestplate, Blue Rupee Chestplate
divinerpg:blueRupeeLeggings, Blue Rupee Leggings
divinerpg:blueRupeeBoots, Blue Rupee Boots
divinerpg:grayRupeeHelmet, Gray Rupee Helmet
divinerpg:grayRupeeChestplate, Gray Rupee Chestplate
divinerpg:grayRupeeLeggings, Gray Rupee Leggings
divinerpg:grayRupeeBoots, Gray Rupee Boots
divinerpg:krakenHelmet, Kraken Helmet
divinerpg:krakenChestplate, Kraken Chestplate
divinerpg:krakenLeggings, Kraken Leggings
divinerpg:krakenBoots, Kraken Boots
divinerpg:jackOManHelmet, Jack O Man Helmet
divinerpg:jackOManChestplate, Jack O Man Chestplate
divinerpg:jackOManLeggings, Jack O Man Leggings
divinerpg:jackOManBoots, Jack O Man Boots
divinerpg:infernoHelmet, Inferno Helmet
divinerpg:infernoChestplate, Inferno Chestplate
divinerpg:infernoLeggings, Inferno Leggings
divinerpg:infernoBoots, Inferno Boots
divinerpg:aquastriveHelmet, Aquastrive Helmet
divinerpg:aquastriveChestplate, Aquastrive Chestplate
divinerpg:aquastriveLeggings, Aquastrive Leggings
divinerpg:aquastriveBoots, Aquastrive Boots
divinerpg:shadowHelmet, Shadow Helmet
divinerpg:shadowChestplate, Shadow Chestplate
divinerpg:shadowLeggings, Shadow Leggings
divinerpg:shadowBoots, Shadow Boots
divinerpg:netheriteHelmet, Netherite Helmet
divinerpg:netheriteChestplate, Netherite Chestplate
divinerpg:netheriteLeggings, Netherite Leggings
divinerpg:netheriteBoots, Netherite Boots
divinerpg:skelemanHelmet, Skeleman Helmet
divinerpg:skelemanChestplate, Skeleman Chestplate
divinerpg:skelemanLeggings, Skeleman Leggings
divinerpg:skelemanBoots, Skeleman Boots
divinerpg:witherReaperHelmet, Wither Reaper Helmet
divinerpg:witherReaperChestplate, Wither Reaper Chestplate
divinerpg:witherReaperLeggings, Wither Reaper Leggings
divinerpg:witherReaperBoots, Wither Reaper Boots
divinerpg:enderHelmet, Ender Helmet
divinerpg:enderChestplate, Ender Chestplate
divinerpg:enderLeggings, Ender Leggings
divinerpg:enderBoots, Ender Boots
divinerpg:yellowEnderHelmet, Yellow Ender Helmet
divinerpg:yellowEnderChestplate, Yellow Ender Chestplate
divinerpg:yellowEnderLeggings, Yellow Ender Leggings
divinerpg:yellowEnderBoots, Yellow Ender Boots
divinerpg:redEnderHelmet, Red Ender Helmet
divinerpg:redEnderChestplate, Red Ender Chestplate
divinerpg:redEnderLeggings, Red Ender Leggings
divinerpg:redEnderBoots, Red Ender Boots
divinerpg:greenEnderHelmet, Green Ender Helmet
divinerpg:greenEnderChestplate, Green Ender Chestplate
divinerpg:greenEnderLeggings, Green Ender Leggings
divinerpg:greenEnderBoots, Green Ender Boots
divinerpg:blueEnderHelmet, Blue Ender Helmet
divinerpg:blueEnderChestplate, Blue Ender Chestplate
divinerpg:blueEnderLeggings, Blue Ender Leggings
divinerpg:blueEnderBoots, Blue Ender Boots
divinerpg:grayEnderHelmet, Gray Ender Helmet
divinerpg:grayEnderChestplate, Gray Ender Chestplate
divinerpg:grayEnderLeggings, Gray Ender Leggings
divinerpg:grayEnderBoots, Gray Ender Boots
divinerpg:jungleHelmet, Jungle Helmet
divinerpg:jungleChestplate, Jungle Chestplate
divinerpg:jungleLeggings, Jungle Leggings
divinerpg:jungleBoots, Jungle Boots
divinerpg:frozenHelmet, Frozen Helmet
divinerpg:frozenChestplate, Frozen Chestplate
divinerpg:frozenLeggings, Frozen Leggings
divinerpg:frozenBoots, Frozen Boots
divinerpg:corruptedHelmet, Corrupted Helmet
divinerpg:corruptedChestplate, Corrupted Chestplate
divinerpg:corruptedLeggings, Corrupted Leggings
divinerpg:corruptedBoots, Corrupted Boots
divinerpg:terranHelmet, Terran Helmet
divinerpg:terranChestplate, Terran Chestplate
divinerpg:terranLeggings, Terran Leggings
divinerpg:terranBoots, Terran Boots
divinerpg:diamondHelmet, Diamond Helmet
divinerpg:diamondChestplate, Diamond Chestplate
divinerpg:diamondLeggings, Diamond Leggings
divinerpg:diamondBoots, Diamond Boots
divinerpg:ironHelmet, Iron Helmet
divinerpg:ironChestplate, Iron Chestplate
divinerpg:ironLeggings, Iron Leggings
divinerpg:ironBoots, Iron Boots
divinerpg:goldHelmet, Gold Helmet
divinerpg:goldChestplate, Gold Chestplate
divinerpg:goldLeggings, Gold Leggings
divinerpg:goldBoots, Gold Boots
divinerpg:slimeSword, Slime Sword
divinerpg:oceanKnife, Ocean Knife
divinerpg:aquaMaul, Aqua Maul
divinerpg:arlemiteStabber, Arlemite Stabber
divinerpg:bedrockSword, Bedrock Sword
divinerpg:realmiteSword, Realmite Sword
divinerpg:rupeeRapier, Rupee Rapier
divinerpg:sandslash, Sandslash
divinerpg:divineSword, Divine Sword
divinerpg:blueDivineSword, Blue Divine Sword
divinerpg:yellowDivineSword, Yellow Divine Sword
divinerpg:grayDivineSword, Gray Divine Sword
divinerpg:redDivineSword, Red Divine Sword
divinerpg:greenDivineSword, Green Divine Sword
divinerpg:bedrockMaul, Bedrock Maul
divinerpg:jungleKnife, Jungle Knife
divinerpg:jungleRapier, Jungle Rapier
divinerpg:aquaticTrident, Aquatic Trident
divinerpg:aquaticDagger, Aquatic Dagger
divinerpg:aquaton, Aquaton
divinerpg:sharkSword, Shark Sword
divinerpg:deathBringer, Death Bringer
divinerpg:crabclawMaul, Crabclaw Maul
divinerpg:poisonSaber, Poison Saber
divinerpg:furyMaul, Fury Maul
divinerpg:corruptedMaul, Corrupted Maul
divinerpg:frostSword, Frost Sword
divinerpg:infernoSword, Inferno Sword
divinerpg:bloodgemSword, Bloodgem Sword
divinerpg:moltenSword, Molten Sword
divinerpg:scorchingSword, Scorching Sword
divinerpg:bluefireSword, Bluefire Sword
divinerpg:enderSword, Ender Sword
divinerpg:blueEnderSword, Blue Ender Sword
divinerpg:blackEnderSword, Black Ender Sword
divinerpg:greenEnderSword, Green Ender Sword
divinerpg:redEnderSword, Red Ender Sword
divinerpg:yellowEnderSword, Yellow Ender Sword
divinerpg:cyclopsianSword, Cyclopsian Sword
divinerpg:flamingFury, Flaming Fury
divinerpg:dualClaw, Dual Claw
divinerpg:terranDagger, Terran Dagger
divinerpg:terranKnife, Terran Knife
divinerpg:terranMaul, Terran Maul
divinerpg:aquatoothSword, Aquatooth Sword
divinerpg:aquatoothMaul, Aquatooth Maul
divinerpg:hunterBow, Hunter Bow
divinerpg:shadowBow, Shadow Bow
divinerpg:enderBow, Ender Bow
divinerpg:bluefireBow, Bluefire Bow
divinerpg:infernoBow, Inferno Bow
divinerpg:shuriken, Shuriken
divinerpg:vileStorm, Vile Storm
divinerpg:scythe, Scythe
divinerpg:frostCannon, Frost Cannon
divinerpg:cyclopsianStaff, Cyclopsian Staff
divinerpg:maelstrom, Maelstrom
divinerpg:crabAnchor, Crab Anchor
divinerpg:sharkAnchor, Shark Anchor
divinerpg:bowheadAnchor, Bowhead Anchor
divinerpg:liopleurodonAnchor, Liopleurodon Anchor
divinerpg:goldenFury, Golden Fury
divinerpg:corruptedCannon, Corrupted Cannon
divinerpg:ghastCannon, Ghast Cannon
divinerpg:crabclawCannon, Crabclaw Cannon
divinerpg:bowheadCannon, Bowhead Cannon
divinerpg:serenadeOfHealth, Serenade of Health
divinerpg:serenadeStriker, Serenade Striker
divinerpg:serenadeOfDeath, Serenade of Death
divinerpg:serenadeOfInfusion, Serenade of Infusion
divinerpg:palavence, Palavence
divinerpg:massivence, Massivence
divinerpg:rupeeShickaxe, Rupee Shickaxe
divinerpg:rupeePickaxe, Rupee Pickaxe
divinerpg:rupeeAxe, Rupee Axe
divinerpg:rupeeShovel, Rupee Shovel
divinerpg:rupeeHoe, Rupee Hoe
divinerpg:arlemiteShickaxe, Arlemite Shickaxe
divinerpg:arlemitePickaxe, Arlemite Pickaxe
divinerpg:arlemiteAxe, Arlemite Axe
divinerpg:arlemiteShovel, Arlemite Shovel
divinerpg:arlemiteHoe, Arlemite Hoe
divinerpg:realmitePickaxe, Realmite Pickaxe
divinerpg:realmiteAxe, Realmite Axe
divinerpg:realmiteShovel, Realmite Shovel
divinerpg:realmiteHoe, Realmite Hoe
divinerpg:bedrockPickaxe, Bedrock Pickaxe
divinerpg:bedrockAxe, Bedrock Axe
divinerpg:bedrockShovel, Bedrock Shovel
divinerpg:corruptedPickaxe, Corrupted Pickaxe
divinerpg:corruptedAxe, Corrupted Axe
divinerpg:corruptedShovel, Corrupted Shovel
divinerpg:divineShickaxe, Divine Shickaxe
divinerpg:divinePickaxe, Divine Pickaxe
divinerpg:divineAxe, Divine Axe
divinerpg:divineShovel, Divine Shovel
divinerpg:dungeonTokens, Dungeon Tokens
divinerpg:arcanium, Arcanium
divinerpg:staffOfStarlight, Staff of Starlight
divinerpg:starlight, Starlight
divinerpg:stormSword, Storm Sword
divinerpg:captainsSparkler, Captains Sparkler
divinerpg:strongArcanaPotion, Strong Arcana Potion
divinerpg:weakArcanaPotion, Weak Arcana Potion
divinerpg:collector, Collector
divinerpg:chargedCollector, Charged Collector
divinerpg:wizardsBook, Wizards Book
divinerpg:staffOfEnrichment, Staff of Enrichment
divinerpg:orbOfLight, Orb of Light
divinerpg:meriksMissile, Meriks Missile
divinerpg:grenade, Grenade
divinerpg:firefly, Firefly
divinerpg:laVekor, La Vekor
divinerpg:enderScepter, Ender Scepter
divinerpg:arcaniumSaber, Arcanium Saber
divinerpg:ghostbane, Ghostbane
divinerpg:arcaniumReflector, Arcanium Reflector
divinerpg:shadowSaber, Shadow Saber
divinerpg:liviciaSword, Livicia Sword
divinerpg:meteorMash, Meteor Mash
divinerpg:divineAccumulator, Divine Accumulator
divinerpg:arcaniteBlaster, Arcanite Blaster
divinerpg:arcaniteBlade, Arcanite Blade
divinerpg:general'sStaff, General's Staff
divinerpg:arcaniumAttractor, Arcanium Attractor
divinerpg:sludgeKey, Sludge Key
divinerpg:ancientKey, Ancient Key
divinerpg:soulKey, Soul Key
divinerpg:degradedKey, Degraded Key
divinerpg:golemEgg, Golem Egg
divinerpg:seimerEgg, Seimer Egg
divinerpg:paratikuEgg, Paratiku Egg
divinerpg:fyracryxEgg, Fyracryx Egg
divinerpg:hitchak, Hitchak
divinerpg:hitchakSeeds, Hitchak Seeds
divinerpg:veilo, Veilo
divinerpg:veiloSeeds, Veilo Seeds
divinerpg:marsine, Marsine
divinerpg:marsineSeeds, Marsine Seeds
divinerpg:lamona, Lamona
divinerpg:lamonaSeeds, Lamona Seeds
divinerpg:firestock, Firestock
divinerpg:firestockSeeds, Firestock Seeds
divinerpg:pinfly, Pinfly
divinerpg:pinflySeeds, Pinfly Seeds
divinerpg:aquamarine, Aquamarine
divinerpg:aquamarineSeeds, Aquamarine Seeds
divinerpg:eucalyptusRootSeeds, Eucalyptus Root Seeds
divinerpg:kormaHelmet, Korma Helmet
divinerpg:kormaChestplate, Korma Chestplate
divinerpg:kormaLeggings, Korma Leggings
divinerpg:kormaBoots, Korma Boots
divinerpg:vemosHelmet, Vemos Helmet
divinerpg:vemosChestplate, Vemos Chestplate
divinerpg:vemosLeggings, Vemos Leggings
divinerpg:vemosBoots, Vemos Boots
appliedenergistics2:item.ToolCertusQuartzAxe, Certus Quartz Axe
appliedenergistics2:item.ToolCertusQuartzHoe, Certus Quartz Hoe
appliedenergistics2:item.ToolCertusQuartzSpade, Certus Quartz Shovel
appliedenergistics2:item.ToolCertusQuartzPickaxe, Certus Quartz Pickaxe
appliedenergistics2:item.ToolCertusQuartzSword, Certus Quartz Sword
appliedenergistics2:item.ToolCertusQuartzWrench, Certus Quartz Wrench
appliedenergistics2:item.ToolCertusQuartzCuttingKnife, Certus Quartz Cutting Knife
appliedenergistics2:item.ToolNetherQuartzAxe, Nether Quartz Axe
appliedenergistics2:item.ToolNetherQuartzHoe, Nether Quartz Hoe
appliedenergistics2:item.ToolNetherQuartzSpade, Nether Quartz Shovel
appliedenergistics2:item.ToolNetherQuartzPickaxe, Nether Quartz Pickaxe
appliedenergistics2:item.ToolNetherQuartzSword, Nether Quartz Sword
appliedenergistics2:item.ToolNetherQuartzWrench, Nether Quartz Wrench
appliedenergistics2:item.ToolNetherQuartzCuttingKnife, Nether Quartz Cutting Knife
appliedenergistics2:item.ToolEntropyManipulator, Entropy Manipulator
appliedenergistics2:item.ToolWirelessTerminal, Wireless Terminal
appliedenergistics2:item.ToolBiometricCard, Biometric Card
appliedenergistics2:item.ToolChargedStaff, Charged Staff
appliedenergistics2:item.ToolMassCannon, Matter Cannon
appliedenergistics2:item.ToolMemoryCard, Memory Card
appliedenergistics2:item.ToolNetworkTool, Network Tool
appliedenergistics2:item.ToolPortableCell, Portable Cell
appliedenergistics2:item.ItemCreativeStorageCell, Creative ME Storage Cell
appliedenergistics2:item.ItemViewCell, View Cell
appliedenergistics2:item.ItemBasicStorageCell.1k, 1k ME Storage Cell
appliedenergistics2:item.ItemBasicStorageCell.4k, 4k ME Storage Cell
appliedenergistics2:item.ItemBasicStorageCell.16k, 16k ME Storage Cell
appliedenergistics2:item.ItemBasicStorageCell.64k, 64k ME Storage Cell
appliedenergistics2:item.ItemSpatialStorageCell.2Cubed, 2³ Spatial Storage Cell
appliedenergistics2:item.ItemSpatialStorageCell.16Cubed, 16³ Spatial Storage Cell
appliedenergistics2:item.ItemSpatialStorageCell.128Cubed, 128³ Spatial Storage Cell
appliedenergistics2:item.ItemFacade:0, Cable Facade - Stone
appliedenergistics2:item.ItemFacade:0, Cable Facade - Dirt
appliedenergistics2:item.ItemFacade:0, Cable Facade - Barren Dirt
appliedenergistics2:item.ItemFacade:0, Cable Facade - Podzol
appliedenergistics2:item.ItemFacade:0, Cable Facade - Cobblestone
appliedenergistics2:item.ItemFacade:0, Cable Facade - Oak Wood Planks
appliedenergistics2:item.ItemFacade:0, Cable Facade - Spruce Wood Planks
appliedenergistics2:item.ItemFacade:0, Cable Facade - Birch Wood Planks
appliedenergistics2:item.ItemFacade:0, Cable Facade - Jungle Wood Planks
appliedenergistics2:item.ItemFacade:0, Cable Facade - Acacia Wood Planks
appliedenergistics2:item.ItemFacade:0, Cable Facade - Dark Oak Wood Planks
appliedenergistics2:item.ItemFacade:0, Cable Facade - Bedrock
appliedenergistics2:item.ItemFacade:0, Cable Facade - Sand
appliedenergistics2:item.ItemFacade:0, Cable Facade - Red Sand
appliedenergistics2:item.ItemFacade:0, Cable Facade - Gravel
appliedenergistics2:item.ItemFacade:0, Cable Facade - Gold Ore
appliedenergistics2:item.ItemFacade:0, Cable Facade - Iron Ore
appliedenergistics2:item.ItemFacade:0, Cable Facade - Coal Ore
appliedenergistics2:item.ItemFacade:0, Cable Facade - Oak Wood
appliedenergistics2:item.ItemFacade:0, Cable Facade - Spruce Wood
appliedenergistics2:item.ItemFacade:0, Cable Facade - Birch Wood
appliedenergistics2:item.ItemFacade:0, Cable Facade - Jungle Wood
appliedenergistics2:item.ItemFacade:0, Cable Facade - Sponge
appliedenergistics2:item.ItemFacade:0, Cable Facade - Glass
appliedenergistics2:item.ItemFacade:0, Cable Facade - Lapis Lazuli Ore
appliedenergistics2:item.ItemFacade:0, Cable Facade - Lapis Lazuli Block
appliedenergistics2:item.ItemFacade:0, Cable Facade - Sandstone
appliedenergistics2:item.ItemFacade:0, Cable Facade - Chiseled Sandstone
appliedenergistics2:item.ItemFacade:0, Cable Facade - Smooth Sandstone
appliedenergistics2:item.ItemFacade:0, Cable Facade - Wool
appliedenergistics2:item.ItemFacade:0, Cable Facade - Orange Wool
appliedenergistics2:item.ItemFacade:0, Cable Facade - Magenta Wool
appliedenergistics2:item.ItemFacade:0, Cable Facade - Light Blue Wool
appliedenergistics2:item.ItemFacade:0, Cable Facade - Yellow Wool
appliedenergistics2:item.ItemFacade:0, Cable Facade - Lime Wool
appliedenergistics2:item.ItemFacade:0, Cable Facade - Pink Wool
appliedenergistics2:item.ItemFacade:0, Cable Facade - Gray Wool
appliedenergistics2:item.ItemFacade:0, Cable Facade - Light Gray Wool
appliedenergistics2:item.ItemFacade:0, Cable Facade - Cyan Wool
appliedenergistics2:item.ItemFacade:0, Cable Facade - Purple Wool
appliedenergistics2:item.ItemFacade:0, Cable Facade - Blue Wool
appliedenergistics2:item.ItemFacade:0, Cable Facade - Brown Wool
appliedenergistics2:item.ItemFacade:0, Cable Facade - Green Wool
appliedenergistics2:item.ItemFacade:0, Cable Facade - Red Wool
appliedenergistics2:item.ItemFacade:0, Cable Facade - Black Wool
appliedenergistics2:item.ItemFacade:0, Cable Facade - Block of Gold
appliedenergistics2:item.ItemFacade:0, Cable Facade - Block of Iron
appliedenergistics2:item.ItemFacade:0, Cable Facade - Bricks
appliedenergistics2:item.ItemFacade:0, Cable Facade - TNT
appliedenergistics2:item.ItemFacade:0, Cable Facade - Bookshelf
appliedenergistics2:item.ItemFacade:0, Cable Facade - Moss Stone
appliedenergistics2:item.ItemFacade:0, Cable Facade - Obsidian
appliedenergistics2:item.ItemFacade:0, Cable Facade - Diamond Ore
appliedenergistics2:item.ItemFacade:0, Cable Facade - Block of Diamond
appliedenergistics2:item.ItemFacade:0, Cable Facade - Crafting Table
appliedenergistics2:item.ItemFacade:0, Cable Facade - Redstone Ore
appliedenergistics2:item.ItemFacade:0, Cable Facade - Clay
appliedenergistics2:item.ItemFacade:0, Cable Facade - Netherrack
appliedenergistics2:item.ItemFacade:0, Cable Facade - Soul Sand
appliedenergistics2:item.ItemFacade:0, Cable Facade - Glowstone
appliedenergistics2:item.ItemFacade:0, Cable Facade - White Stained Glass
appliedenergistics2:item.ItemFacade:0, Cable Facade - Orange Stained Glass
appliedenergistics2:item.ItemFacade:0, Cable Facade - Magenta Stained Glass
appliedenergistics2:item.ItemFacade:0, Cable Facade - Light Blue Stained Glass
appliedenergistics2:item.ItemFacade:0, Cable Facade - Yellow Stained Glass
appliedenergistics2:item.ItemFacade:0, Cable Facade - Lime Stained Glass
appliedenergistics2:item.ItemFacade:0, Cable Facade - Pink Stained Glass
appliedenergistics2:item.ItemFacade:0, Cable Facade - Gray Stained Glass
appliedenergistics2:item.ItemFacade:0, Cable Facade - Light Gray Stained Glass
appliedenergistics2:item.ItemFacade:0, Cable Facade - Cyan Stained Glass
appliedenergistics2:item.ItemFacade:0, Cable Facade - Purple Stained Glass
appliedenergistics2:item.ItemFacade:0, Cable Facade - Blue Stained Glass
appliedenergistics2:item.ItemFacade:0, Cable Facade - Brown Stained Glass
appliedenergistics2:item.ItemFacade:0, Cable Facade - Green Stained Glass
appliedenergistics2:item.ItemFacade:0, Cable Facade - Red Stained Glass
appliedenergistics2:item.ItemFacade:0, Cable Facade - Black Stained Glass
appliedenergistics2:item.ItemFacade:0, Cable Facade - Silverfish Block
appliedenergistics2:item.ItemFacade:0, Cable Facade - Silverfish Block
appliedenergistics2:item.ItemFacade:0, Cable Facade - Silverfish Block
appliedenergistics2:item.ItemFacade:0, Cable Facade - Silverfish Block
appliedenergistics2:item.ItemFacade:0, Cable Facade - Silverfish Block
appliedenergistics2:item.ItemFacade:0, Cable Facade - Silverfish Block
appliedenergistics2:item.ItemFacade:0, Cable Facade - Stone Bricks
appliedenergistics2:item.ItemFacade:0, Cable Facade - Mossy Stone Bricks
appliedenergistics2:item.ItemFacade:0, Cable Facade - Cracked Stone Bricks
appliedenergistics2:item.ItemFacade:0, Cable Facade - Chiseled Stone Bricks
appliedenergistics2:item.ItemFacade:0, Cable Facade - Mushroom
appliedenergistics2:item.ItemFacade:0, Cable Facade - Mushroom
appliedenergistics2:item.ItemFacade:0, Cable Facade - Melon
appliedenergistics2:item.ItemFacade:0, Cable Facade - Nether Brick
appliedenergistics2:item.ItemFacade:0, Cable Facade - End Stone
appliedenergistics2:item.ItemFacade:0, Cable Facade - Redstone Lamp
appliedenergistics2:item.ItemFacade:0, Cable Facade - Emerald Ore
appliedenergistics2:item.ItemFacade:0, Cable Facade - Block of Emerald
appliedenergistics2:item.ItemFacade:0, Cable Facade - Block of Redstone
appliedenergistics2:item.ItemFacade:0, Cable Facade - Nether Quartz Ore
appliedenergistics2:item.ItemFacade:0, Cable Facade - Block of Quartz
appliedenergistics2:item.ItemFacade:0, Cable Facade - Chiseled Quartz Block
appliedenergistics2:item.ItemFacade:0, Cable Facade - Pillar Quartz Block
appliedenergistics2:item.ItemFacade:0, Cable Facade - White Stained Clay
appliedenergistics2:item.ItemFacade:0, Cable Facade - Orange Stained Clay
appliedenergistics2:item.ItemFacade:0, Cable Facade - Magenta Stained Clay
appliedenergistics2:item.ItemFacade:0, Cable Facade - Light Blue Stained Clay
appliedenergistics2:item.ItemFacade:0, Cable Facade - Yellow Stained Clay
appliedenergistics2:item.ItemFacade:0, Cable Facade - Lime Stained Clay
appliedenergistics2:item.ItemFacade:0, Cable Facade - Pink Stained Clay
appliedenergistics2:item.ItemFacade:0, Cable Facade - Gray Stained Clay
appliedenergistics2:item.ItemFacade:0, Cable Facade - Light Gray Stained Clay
appliedenergistics2:item.ItemFacade:0, Cable Facade - Cyan Stained Clay
appliedenergistics2:item.ItemFacade:0, Cable Facade - Purple Stained Clay
appliedenergistics2:item.ItemFacade:0, Cable Facade - Blue Stained Clay
appliedenergistics2:item.ItemFacade:0, Cable Facade - Brown Stained Clay
appliedenergistics2:item.ItemFacade:0, Cable Facade - Green Stained Clay
appliedenergistics2:item.ItemFacade:0, Cable Facade - Red Stained Clay
appliedenergistics2:item.ItemFacade:0, Cable Facade - Black Stained Clay
appliedenergistics2:item.ItemFacade:0, Cable Facade - Acacia Wood
appliedenergistics2:item.ItemFacade:0, Cable Facade - Dark Oak Wood
appliedenergistics2:item.ItemFacade:0, Cable Facade
appliedenergistics2:item.ItemFacade:0, Cable Facade
appliedenergistics2:item.ItemFacade:0, Cable Facade
appliedenergistics2:item.ItemFacade:0, Cable Facade
appliedenergistics2:item.ItemFacade:0, Cable Facade
appliedenergistics2:item.ItemFacade:0, Cable Facade
appliedenergistics2:item.ItemFacade:0, Cable Facade
appliedenergistics2:item.ItemFacade:0, Cable Facade
appliedenergistics2:item.ItemFacade:0, Cable Facade
appliedenergistics2:item.ItemFacade:0, Cable Facade - Hay Bale
appliedenergistics2:item.ItemFacade:0, Cable Facade - Hardened Clay
appliedenergistics2:item.ItemFacade:0, Cable Facade - Block of Coal
appliedenergistics2:item.ItemFacade:0, Cable Facade - Packed Ice
appliedenergistics2:item.ItemFacade:0, Cable Facade
appliedenergistics2:item.ItemFacade:0, Cable Facade
appliedenergistics2:item.ItemFacade:0, Cable Facade
appliedenergistics2:item.ItemFacade:0, Cable Facade
appliedenergistics2:item.ItemFacade:0, Cable Facade
appliedenergistics2:item.ItemFacade:0, Cable Facade
appliedenergistics2:item.ItemFacade:0, Cable Facade
appliedenergistics2:item.ItemFacade:0, Cable Facade
appliedenergistics2:item.ItemFacade:0, Cable Facade
appliedenergistics2:item.ItemFacade:0, Cable Facade
appliedenergistics2:item.ItemFacade:0, Cable Facade
appliedenergistics2:item.ItemFacade:0, Cable Facade
appliedenergistics2:item.ItemFacade:0, Cable Facade
appliedenergistics2:item.ItemFacade:0, Cable Facade
appliedenergistics2:item.ItemFacade:0, Cable Facade
appliedenergistics2:item.ItemFacade:0, Cable Facade
appliedenergistics2:item.ItemFacade:0, Cable Facade
appliedenergistics2:item.ItemFacade:0, Cable Facade
appliedenergistics2:item.ItemFacade:0, Cable Facade
appliedenergistics2:item.ItemFacade:0, Cable Facade
appliedenergistics2:item.ItemFacade:0, Cable Facade
appliedenergistics2:item.ItemFacade:0, Cable Facade
appliedenergistics2:item.ItemFacade:0, Cable Facade
appliedenergistics2:item.ItemFacade:0, Cable Facade
appliedenergistics2:item.ItemFacade:0, Cable Facade
appliedenergistics2:item.ItemFacade:0, Cable Facade
appliedenergistics2:item.ItemFacade:0, Cable Facade
appliedenergistics2:item.ItemFacade:0, Cable Facade
appliedenergistics2:item.ItemFacade:0, Cable Facade
appliedenergistics2:item.ItemFacade:0, Cable Facade
appliedenergistics2:item.ItemFacade:0, Cable Facade
appliedenergistics2:item.ItemFacade:0, Cable Facade
appliedenergistics2:item.ItemFacade:0, Cable Facade
appliedenergistics2:item.ItemFacade:0, Cable Facade
appliedenergistics2:item.ItemFacade:0, Cable Facade
appliedenergistics2:item.ItemFacade:0, Cable Facade
appliedenergistics2:item.ItemFacade:0, Cable Facade
appliedenergistics2:item.ItemFacade:0, Cable Facade
appliedenergistics2:item.ItemFacade:0, Cable Facade
appliedenergistics2:item.ItemFacade:0, Cable Facade
appliedenergistics2:item.ItemFacade:0, Cable Facade
appliedenergistics2:item.ItemFacade:0, Cable Facade
appliedenergistics2:item.ItemFacade:0, Cable Facade
appliedenergistics2:item.ItemFacade:0, Cable Facade
appliedenergistics2:item.ItemFacade:0, Cable Facade
appliedenergistics2:item.ItemFacade:0, Cable Facade
appliedenergistics2:item.ItemFacade:0, Cable Facade
appliedenergistics2:item.ItemFacade:0, Cable Facade
appliedenergistics2:item.ItemFacade:0, Cable Facade
appliedenergistics2:item.ItemFacade:0, Cable Facade
appliedenergistics2:item.ItemFacade:0, Cable Facade
appliedenergistics2:item.ItemFacade:0, Cable Facade
appliedenergistics2:item.ItemFacade:0, Cable Facade
appliedenergistics2:item.ItemFacade:0, Cable Facade
appliedenergistics2:item.ItemFacade:0, Cable Facade
appliedenergistics2:item.ItemFacade:0, Cable Facade
appliedenergistics2:item.ItemFacade:0, Cable Facade
appliedenergistics2:item.ItemFacade:0, Cable Facade
appliedenergistics2:item.ItemFacade:0, Cable Facade
appliedenergistics2:item.ItemFacade:0, Cable Facade
appliedenergistics2:item.ItemFacade:0, Cable Facade
appliedenergistics2:item.ItemFacade:0, Cable Facade
appliedenergistics2:item.ItemFacade:0, Cable Facade
appliedenergistics2:item.ItemFacade:0, Cable Facade
appliedenergistics2:item.ItemFacade:0, Cable Facade
appliedenergistics2:item.ItemFacade:0, Cable Facade
appliedenergistics2:item.ItemFacade:0, Cable Facade
appliedenergistics2:item.ItemFacade:0, Cable Facade
appliedenergistics2:item.ItemFacade:0, Cable Facade
appliedenergistics2:item.ItemFacade:0, Cable Facade
appliedenergistics2:item.ItemFacade:0, Cable Facade
appliedenergistics2:item.ItemFacade:0, Cable Facade
appliedenergistics2:item.ItemFacade:0, Cable Facade
appliedenergistics2:item.ItemFacade:0, Cable Facade
appliedenergistics2:item.ItemFacade:0, Cable Facade
appliedenergistics2:item.ItemFacade:0, Cable Facade
appliedenergistics2:item.ItemFacade:0, Cable Facade
appliedenergistics2:item.ItemFacade:0, Cable Facade
appliedenergistics2:item.ItemFacade:0, Cable Facade
appliedenergistics2:item.ItemFacade:0, Cable Facade
appliedenergistics2:item.ItemFacade:0, Cable Facade
appliedenergistics2:item.ItemFacade:0, Cable Facade
appliedenergistics2:item.ItemFacade:0, Cable Facade
appliedenergistics2:item.ItemFacade:0, Cable Facade
appliedenergistics2:item.ItemFacade:0, Cable Facade
appliedenergistics2:item.ItemFacade:0, Cable Facade
appliedenergistics2:item.ItemFacade:0, Cable Facade
appliedenergistics2:item.ItemFacade:0, Cable Facade
appliedenergistics2:item.ItemFacade:0, Cable Facade
appliedenergistics2:item.ItemFacade:0, Cable Facade
appliedenergistics2:item.ItemFacade:0, Cable Facade
appliedenergistics2:item.ItemFacade:0, Cable Facade
appliedenergistics2:item.ItemFacade:0, Cable Facade
appliedenergistics2:item.ItemFacade:0, Cable Facade
appliedenergistics2:item.ItemFacade:0, Cable Facade
appliedenergistics2:item.ItemFacade:0, Cable Facade
appliedenergistics2:item.ItemFacade:0, Cable Facade
appliedenergistics2:item.ItemFacade:0, Cable Facade
appliedenergistics2:item.ItemFacade:0, Cable Facade
appliedenergistics2:item.ItemFacade:0, Cable Facade
appliedenergistics2:item.ItemFacade:0, Cable Facade
appliedenergistics2:item.ItemFacade:0, Cable Facade
appliedenergistics2:item.ItemFacade:0, Cable Facade
appliedenergistics2:item.ItemFacade:0, Cable Facade
appliedenergistics2:item.ItemFacade:0, Cable Facade
appliedenergistics2:item.ItemFacade:0, Cable Facade
appliedenergistics2:item.ItemFacade:0, Cable Facade
appliedenergistics2:item.ItemFacade:0, Cable Facade
appliedenergistics2:item.ItemFacade:0, Cable Facade
appliedenergistics2:item.ItemFacade:0, Cable Facade
appliedenergistics2:item.ItemFacade:0, Cable Facade
appliedenergistics2:item.ItemFacade:0, Cable Facade
appliedenergistics2:item.ItemFacade:0, Cable Facade
appliedenergistics2:item.ItemFacade:0, Cable Facade
appliedenergistics2:item.ItemFacade:0, Cable Facade
appliedenergistics2:item.ItemFacade:0, Cable Facade
appliedenergistics2:item.ItemFacade:0, Cable Facade
appliedenergistics2:item.ItemFacade:0, Cable Facade
appliedenergistics2:item.ItemFacade:0, Cable Facade
appliedenergistics2:item.ItemFacade:0, Cable Facade
appliedenergistics2:item.ItemFacade:0, Cable Facade
appliedenergistics2:item.ItemFacade:0, Cable Facade
appliedenergistics2:item.ItemFacade:0, Cable Facade
appliedenergistics2:item.ItemFacade:0, Cable Facade
appliedenergistics2:item.ItemFacade:0, Cable Facade
appliedenergistics2:item.ItemFacade:0, Cable Facade
appliedenergistics2:item.ItemFacade:0, Cable Facade
appliedenergistics2:item.ItemFacade:0, Cable Facade
appliedenergistics2:item.ItemFacade:0, Cable Facade
appliedenergistics2:item.ItemFacade:0, Cable Facade
appliedenergistics2:item.ItemFacade:0, Cable Facade
appliedenergistics2:item.ItemFacade:0, Cable Facade
appliedenergistics2:item.ItemFacade:0, Cable Facade
appliedenergistics2:item.ItemFacade:0, Cable Facade
appliedenergistics2:item.ItemFacade:0, Cable Facade
appliedenergistics2:item.ItemFacade:0, Cable Facade
appliedenergistics2:item.ItemFacade:0, Cable Facade
appliedenergistics2:item.ItemFacade:0, Cable Facade
appliedenergistics2:item.ItemFacade:0, Cable Facade
appliedenergistics2:item.ItemFacade:0, Cable Facade
appliedenergistics2:item.ItemFacade:0, Cable Facade
appliedenergistics2:item.ItemFacade:0, Cable Facade
appliedenergistics2:item.ItemFacade:0, Cable Facade
appliedenergistics2:item.ItemFacade:0, Cable Facade
appliedenergistics2:item.ItemFacade:0, Cable Facade
appliedenergistics2:item.ItemFacade:0, Cable Facade
appliedenergistics2:item.ItemFacade:0, Cable Facade
appliedenergistics2:item.ItemFacade:0, Cable Facade
appliedenergistics2:item.ItemFacade:0, Cable Facade
appliedenergistics2:item.ItemFacade:0, Cable Facade
appliedenergistics2:item.ItemFacade:0, Cable Facade
appliedenergistics2:item.ItemFacade:0, Cable Facade
appliedenergistics2:item.ItemFacade:0, Cable Facade
appliedenergistics2:item.ItemFacade:0, Cable Facade
appliedenergistics2:item.ItemFacade:0, Cable Facade
appliedenergistics2:item.ItemFacade:0, Cable Facade
appliedenergistics2:item.ItemFacade:0, Cable Facade
appliedenergistics2:item.ItemFacade:0, Cable Facade
appliedenergistics2:item.ItemFacade:0, Cable Facade
appliedenergistics2:item.ItemFacade:0, Cable Facade
appliedenergistics2:item.ItemFacade:0, Cable Facade
appliedenergistics2:item.ItemFacade:0, Cable Facade
appliedenergistics2:item.ItemFacade:0, Cable Facade
appliedenergistics2:item.ItemFacade:0, Cable Facade
appliedenergistics2:item.ItemFacade:0, Cable Facade
appliedenergistics2:item.ItemFacade:0, Cable Facade
appliedenergistics2:item.ItemFacade:0, Cable Facade
appliedenergistics2:item.ItemFacade:0, Cable Facade
appliedenergistics2:item.ItemFacade:0, Cable Facade
appliedenergistics2:item.ItemFacade:0, Cable Facade
appliedenergistics2:item.ItemFacade:0, Cable Facade
appliedenergistics2:item.ItemFacade:0, Cable Facade
appliedenergistics2:item.ItemFacade:0, Cable Facade
appliedenergistics2:item.ItemFacade:0, Cable Facade
appliedenergistics2:item.ItemFacade:0, Cable Facade
appliedenergistics2:item.ItemFacade:0, Cable Facade
appliedenergistics2:item.ItemFacade:0, Cable Facade
appliedenergistics2:item.ItemFacade:0, Cable Facade
appliedenergistics2:item.ItemFacade:0, Cable Facade
appliedenergistics2:item.ItemFacade:0, Cable Facade
appliedenergistics2:item.ItemFacade:0, Cable Facade
appliedenergistics2:item.ItemFacade:0, Cable Facade
appliedenergistics2:item.ItemFacade:0, Cable Facade
appliedenergistics2:item.ItemFacade:0, Cable Facade
appliedenergistics2:item.ItemFacade:0, Cable Facade
appliedenergistics2:item.ItemFacade:0, Cable Facade
appliedenergistics2:item.ItemFacade:0, Cable Facade
appliedenergistics2:item.ItemFacade:0, Cable Facade
appliedenergistics2:item.ItemFacade:0, Cable Facade
appliedenergistics2:item.ItemFacade:0, Cable Facade
appliedenergistics2:item.ItemFacade:0, Cable Facade
appliedenergistics2:item.ItemFacade:0, Cable Facade
appliedenergistics2:item.ItemFacade:0, Cable Facade
appliedenergistics2:item.ItemFacade:0, Cable Facade
appliedenergistics2:item.ItemFacade:0, Cable Facade
appliedenergistics2:item.ItemFacade:0, Cable Facade
appliedenergistics2:item.ItemFacade:0, Cable Facade
appliedenergistics2:item.ItemFacade:0, Cable Facade
appliedenergistics2:item.ItemFacade:0, Cable Facade
appliedenergistics2:item.ItemFacade:0, Cable Facade
appliedenergistics2:item.ItemFacade:0, Cable Facade
appliedenergistics2:item.ItemFacade:0, Cable Facade
appliedenergistics2:item.ItemFacade:0, Cable Facade
appliedenergistics2:item.ItemFacade:0, Cable Facade
appliedenergistics2:item.ItemFacade:0, Cable Facade
appliedenergistics2:item.ItemFacade:0, Cable Facade
appliedenergistics2:item.ItemFacade:0, Cable Facade
appliedenergistics2:item.ItemFacade:0, Cable Facade
appliedenergistics2:item.ItemFacade:0, Cable Facade
appliedenergistics2:item.ItemFacade:0, Cable Facade
appliedenergistics2:item.ItemFacade:0, Cable Facade
appliedenergistics2:item.ItemFacade:0, Cable Facade
appliedenergistics2:item.ItemFacade:0, Cable Facade
appliedenergistics2:item.ItemFacade:0, Cable Facade
appliedenergistics2:item.ItemFacade:0, Cable Facade
appliedenergistics2:item.ItemFacade:0, Cable Facade
appliedenergistics2:item.ItemFacade:0, Cable Facade
appliedenergistics2:item.ItemFacade:0, Cable Facade
appliedenergistics2:item.ItemFacade:0, Cable Facade
appliedenergistics2:item.ItemFacade:0, Cable Facade
appliedenergistics2:item.ItemFacade:0, Cable Facade
appliedenergistics2:item.ItemFacade:0, Cable Facade
appliedenergistics2:item.ItemFacade:0, Cable Facade
appliedenergistics2:item.ItemFacade:0, Cable Facade
appliedenergistics2:item.ItemFacade:0, Cable Facade
appliedenergistics2:item.ItemFacade:0, Cable Facade
appliedenergistics2:item.ItemFacade:0, Cable Facade
appliedenergistics2:item.ItemFacade:0, Cable Facade
appliedenergistics2:item.ItemFacade:0, Cable Facade
appliedenergistics2:item.ItemFacade:0, Cable Facade
appliedenergistics2:item.ItemFacade:0, Cable Facade
appliedenergistics2:item.ItemFacade:0, Cable Facade
appliedenergistics2:item.ItemFacade:0, Cable Facade
appliedenergistics2:item.ItemFacade:0, Cable Facade
appliedenergistics2:item.ItemFacade:0, Cable Facade
appliedenergistics2:item.ItemFacade:0, Cable Facade
appliedenergistics2:item.ItemFacade:0, Cable Facade
appliedenergistics2:item.ItemFacade:0, Cable Facade
appliedenergistics2:item.ItemFacade:0, Cable Facade
appliedenergistics2:item.ItemFacade:0, Cable Facade
appliedenergistics2:item.ItemFacade:0, Cable Facade
appliedenergistics2:item.ItemFacade:0, Cable Facade
appliedenergistics2:item.ItemFacade:0, Cable Facade
appliedenergistics2:item.ItemFacade:0, Cable Facade
appliedenergistics2:item.ItemFacade:0, Cable Facade
appliedenergistics2:item.ItemFacade:0, Cable Facade
appliedenergistics2:item.ItemFacade:0, Cable Facade
appliedenergistics2:item.ItemFacade:0, Cable Facade
appliedenergistics2:item.ItemFacade:0, Cable Facade
appliedenergistics2:item.ItemFacade:0, Cable Facade
appliedenergistics2:item.ItemFacade:0, Cable Facade
appliedenergistics2:item.ItemFacade:0, Cable Facade
appliedenergistics2:item.ItemFacade:0, Cable Facade
appliedenergistics2:item.ItemFacade:0, Cable Facade
appliedenergistics2:item.ItemFacade:0, Cable Facade
appliedenergistics2:item.ItemFacade:0, Cable Facade
appliedenergistics2:item.ItemFacade:0, Cable Facade
appliedenergistics2:item.ItemFacade:0, Cable Facade
appliedenergistics2:item.ItemFacade:0, Cable Facade
appliedenergistics2:item.ItemFacade:0, Cable Facade
appliedenergistics2:item.ItemFacade:0, Cable Facade
appliedenergistics2:item.ItemFacade:0, Cable Facade
appliedenergistics2:item.ItemFacade:0, Cable Facade
appliedenergistics2:item.ItemFacade:0, Cable Facade
appliedenergistics2:item.ItemFacade:0, Cable Facade
appliedenergistics2:item.ItemFacade:0, Cable Facade
appliedenergistics2:item.ItemFacade:0, Cable Facade
appliedenergistics2:item.ItemFacade:0, Cable Facade
appliedenergistics2:item.ItemFacade:0, Cable Facade
appliedenergistics2:item.ItemFacade:0, Cable Facade
appliedenergistics2:item.ItemFacade:0, Cable Facade
appliedenergistics2:item.ItemFacade:0, Cable Facade
appliedenergistics2:item.ItemFacade:0, Cable Facade
appliedenergistics2:item.ItemFacade:0, Cable Facade
appliedenergistics2:item.ItemFacade:0, Cable Facade
appliedenergistics2:item.ItemFacade:0, Cable Facade
appliedenergistics2:item.ItemFacade:0, Cable Facade
appliedenergistics2:item.ItemFacade:0, Cable Facade
appliedenergistics2:item.ItemFacade:0, Cable Facade
appliedenergistics2:item.ItemFacade:0, Cable Facade
appliedenergistics2:item.ItemFacade:0, Cable Facade
appliedenergistics2:item.ItemFacade:0, Cable Facade
appliedenergistics2:item.ItemFacade:0, Cable Facade
appliedenergistics2:item.ItemFacade:0, Cable Facade
appliedenergistics2:item.ItemFacade:0, Cable Facade
appliedenergistics2:item.ItemFacade:0, Cable Facade
appliedenergistics2:item.ItemFacade:0, Cable Facade
appliedenergistics2:item.ItemFacade:0, Cable Facade
appliedenergistics2:item.ItemFacade:0, Cable Facade
appliedenergistics2:item.ItemFacade:0, Cable Facade
appliedenergistics2:item.ItemFacade:0, Cable Facade
appliedenergistics2:item.ItemFacade:0, Cable Facade
appliedenergistics2:item.ItemFacade:0, Cable Facade
appliedenergistics2:item.ItemFacade:0, Cable Facade
appliedenergistics2:item.ItemFacade:0, Cable Facade
appliedenergistics2:item.ItemFacade:0, Cable Facade
appliedenergistics2:item.ItemFacade:0, Cable Facade
appliedenergistics2:item.ItemFacade:0, Cable Facade
appliedenergistics2:item.ItemFacade:0, Cable Facade
appliedenergistics2:item.ItemFacade:0, Cable Facade
appliedenergistics2:item.ItemFacade:0, Cable Facade
appliedenergistics2:item.ItemFacade:0, Cable Facade
appliedenergistics2:item.ItemFacade:0, Cable Facade
appliedenergistics2:item.ItemFacade:0, Cable Facade
appliedenergistics2:item.ItemFacade:0, Cable Facade
appliedenergistics2:item.ItemFacade:0, Cable Facade
appliedenergistics2:item.ItemFacade:0, Cable Facade
appliedenergistics2:item.ItemFacade:0, Cable Facade
appliedenergistics2:item.ItemFacade:0, Cable Facade
appliedenergistics2:item.ItemFacade:0, Cable Facade
appliedenergistics2:item.ItemFacade:0, Cable Facade
appliedenergistics2:item.ItemFacade:0, Cable Facade
appliedenergistics2:item.ItemFacade:0, Cable Facade
appliedenergistics2:item.ItemFacade:0, Cable Facade
appliedenergistics2:item.ItemFacade:0, Cable Facade
appliedenergistics2:item.ItemFacade:0, Cable Facade
appliedenergistics2:item.ItemFacade:0, Cable Facade
appliedenergistics2:item.ItemFacade:0, Cable Facade
appliedenergistics2:item.ItemFacade:0, Cable Facade
appliedenergistics2:item.ItemFacade:0, Cable Facade
appliedenergistics2:item.ItemFacade:0, Cable Facade
appliedenergistics2:item.ItemFacade:0, Cable Facade
appliedenergistics2:item.ItemFacade:0, Cable Facade
appliedenergistics2:item.ItemFacade:0, Cable Facade
appliedenergistics2:item.ItemFacade:0, Cable Facade
appliedenergistics2:item.ItemFacade:0, Cable Facade
appliedenergistics2:item.ItemFacade:0, Cable Facade
appliedenergistics2:item.ItemFacade:0, Cable Facade
appliedenergistics2:item.ItemFacade:0, Cable Facade
appliedenergistics2:item.ItemFacade:0, Cable Facade
appliedenergistics2:item.ItemFacade:0, Cable Facade
appliedenergistics2:item.ItemFacade:0, Cable Facade
appliedenergistics2:item.ItemFacade:0, Cable Facade
appliedenergistics2:item.ItemFacade:0, Cable Facade
appliedenergistics2:item.ItemFacade:0, Cable Facade
appliedenergistics2:item.ItemFacade:0, Cable Facade
appliedenergistics2:item.ItemFacade:0, Cable Facade
appliedenergistics2:item.ItemFacade:0, Cable Facade
appliedenergistics2:item.ItemFacade:0, Cable Facade
appliedenergistics2:item.ItemFacade:0, Cable Facade
appliedenergistics2:item.ItemFacade:0, Cable Facade
appliedenergistics2:item.ItemFacade:0, Cable Facade
appliedenergistics2:item.ItemFacade:0, Cable Facade
appliedenergistics2:item.ItemFacade:0, Cable Facade
appliedenergistics2:item.ItemFacade:0, Cable Facade
appliedenergistics2:item.ItemFacade:0, Cable Facade
appliedenergistics2:item.ItemFacade:0, Cable Facade
appliedenergistics2:item.ItemFacade:0, Cable Facade
appliedenergistics2:item.ItemFacade:0, Cable Facade
appliedenergistics2:item.ItemFacade:0, Cable Facade
appliedenergistics2:item.ItemFacade:0, Cable Facade
appliedenergistics2:item.ItemFacade:0, Cable Facade
appliedenergistics2:item.ItemFacade:0, Cable Facade
appliedenergistics2:item.ItemFacade:0, Cable Facade
appliedenergistics2:item.ItemFacade:0, Cable Facade
appliedenergistics2:item.ItemFacade:0, Cable Facade
appliedenergistics2:item.ItemFacade:0, Cable Facade
appliedenergistics2:item.ItemFacade:0, Cable Facade
appliedenergistics2:item.ItemFacade:0, Cable Facade
appliedenergistics2:item.ItemFacade:0, Cable Facade
appliedenergistics2:item.ItemFacade:0, Cable Facade
appliedenergistics2:item.ItemFacade:0, Cable Facade
appliedenergistics2:item.ItemFacade:0, Cable Facade
appliedenergistics2:item.ItemFacade:0, Cable Facade
appliedenergistics2:item.ItemFacade:0, Cable Facade
appliedenergistics2:item.ItemFacade:0, Cable Facade
appliedenergistics2:item.ItemFacade:0, Cable Facade
appliedenergistics2:item.ItemFacade:0, Cable Facade
appliedenergistics2:item.ItemFacade:0, Cable Facade
appliedenergistics2:item.ItemFacade:0, Cable Facade
appliedenergistics2:item.ItemFacade:0, Cable Facade
appliedenergistics2:item.ItemFacade:0, Cable Facade
appliedenergistics2:item.ItemFacade:0, Cable Facade
appliedenergistics2:item.ItemFacade:0, Cable Facade
appliedenergistics2:item.ItemFacade:0, Cable Facade
appliedenergistics2:item.ItemFacade:0, Cable Facade
appliedenergistics2:item.ItemFacade:0, Cable Facade
appliedenergistics2:item.ItemFacade:0, Cable Facade
appliedenergistics2:item.ItemFacade:0, Cable Facade
appliedenergistics2:item.ItemFacade:0, Cable Facade
appliedenergistics2:item.ItemFacade:0, Cable Facade
appliedenergistics2:item.ItemFacade:0, Cable Facade
appliedenergistics2:item.ItemFacade:0, Cable Facade
appliedenergistics2:item.ItemFacade:0, Cable Facade
appliedenergistics2:item.ItemFacade:0, Cable Facade
appliedenergistics2:item.ItemFacade:0, Cable Facade
appliedenergistics2:item.ItemFacade:0, Cable Facade
appliedenergistics2:item.ItemFacade:0, Cable Facade
appliedenergistics2:item.ItemFacade:0, Cable Facade
appliedenergistics2:item.ItemFacade:0, Cable Facade
appliedenergistics2:item.ItemFacade:0, Cable Facade
appliedenergistics2:item.ItemFacade:0, Cable Facade
appliedenergistics2:item.ItemFacade:0, Cable Facade
appliedenergistics2:item.ItemFacade:0, Cable Facade
appliedenergistics2:item.ItemFacade:0, Cable Facade
appliedenergistics2:item.ItemFacade:0, Cable Facade
appliedenergistics2:item.ItemFacade:0, Cable Facade
appliedenergistics2:item.ItemFacade:0, Cable Facade
appliedenergistics2:item.ItemFacade:0, Cable Facade
appliedenergistics2:item.ItemFacade:0, Cable Facade
appliedenergistics2:item.ItemFacade:0, Cable Facade
appliedenergistics2:item.ItemFacade:0, Cable Facade
appliedenergistics2:item.ItemFacade:0, Cable Facade
appliedenergistics2:item.ItemFacade:0, Cable Facade
appliedenergistics2:item.ItemFacade:0, Cable Facade
appliedenergistics2:item.ItemFacade:0, Cable Facade
appliedenergistics2:item.ItemFacade:0, Cable Facade
appliedenergistics2:item.ItemFacade:0, Cable Facade
appliedenergistics2:item.ItemFacade:0, Cable Facade
appliedenergistics2:item.ItemFacade:0, Cable Facade
appliedenergistics2:item.ItemFacade:0, Cable Facade
appliedenergistics2:item.ItemFacade:0, Cable Facade
appliedenergistics2:item.ItemFacade:0, Cable Facade
appliedenergistics2:item.ItemFacade:0, Cable Facade
appliedenergistics2:item.ItemFacade:0, Cable Facade
appliedenergistics2:item.ItemFacade:0, Cable Facade
appliedenergistics2:item.ItemFacade:0, Cable Facade
appliedenergistics2:item.ItemFacade:0, Cable Facade
appliedenergistics2:item.ItemFacade:0, Cable Facade
appliedenergistics2:item.ItemFacade:0, Cable Facade
appliedenergistics2:item.ItemFacade:0, Cable Facade
appliedenergistics2:item.ItemFacade:0, Cable Facade
appliedenergistics2:item.ItemFacade:0, Cable Facade
appliedenergistics2:item.ItemFacade:0, Cable Facade
appliedenergistics2:item.ItemFacade:0, Cable Facade
appliedenergistics2:item.ItemFacade:0, Cable Facade
appliedenergistics2:item.ItemFacade:0, Cable Facade
appliedenergistics2:item.ItemFacade:0, Cable Facade
appliedenergistics2:item.ItemFacade:0, Cable Facade
appliedenergistics2:item.ItemFacade:0, Cable Facade
appliedenergistics2:item.ItemFacade:0, Cable Facade
appliedenergistics2:item.ItemFacade:0, Cable Facade
appliedenergistics2:item.ItemFacade:0, Cable Facade
appliedenergistics2:item.ItemFacade:0, Cable Facade
appliedenergistics2:item.ItemFacade:0, Cable Facade
appliedenergistics2:item.ItemFacade:0, Cable Facade
appliedenergistics2:item.ItemFacade:0, Cable Facade
appliedenergistics2:item.ItemFacade:0, Cable Facade
appliedenergistics2:item.ItemFacade:0, Cable Facade
appliedenergistics2:item.ItemFacade:0, Cable Facade
appliedenergistics2:item.ItemFacade:0, Cable Facade
appliedenergistics2:item.ItemFacade:0, Cable Facade
appliedenergistics2:item.ItemFacade:0, Cable Facade
appliedenergistics2:item.ItemFacade:0, Cable Facade
appliedenergistics2:item.ItemFacade:0, Cable Facade
appliedenergistics2:item.ItemFacade:0, Cable Facade
appliedenergistics2:item.ItemFacade:0, Cable Facade
appliedenergistics2:item.ItemFacade:0, Cable Facade
appliedenergistics2:item.ItemFacade:0, Cable Facade
appliedenergistics2:item.ItemFacade:0, Cable Facade
appliedenergistics2:item.ItemFacade:0, Cable Facade
appliedenergistics2:item.ItemFacade:0, Cable Facade
appliedenergistics2:item.ItemFacade:0, Cable Facade
appliedenergistics2:item.ItemFacade:0, Cable Facade
appliedenergistics2:item.ItemFacade:0, Cable Facade
appliedenergistics2:item.ItemFacade:0, Cable Facade
appliedenergistics2:item.ItemFacade:0, Cable Facade
appliedenergistics2:item.ItemFacade:0, Cable Facade
appliedenergistics2:item.ItemFacade:0, Cable Facade
appliedenergistics2:item.ItemFacade:0, Cable Facade
appliedenergistics2:item.ItemFacade:0, Cable Facade
appliedenergistics2:item.ItemFacade:0, Cable Facade
appliedenergistics2:item.ItemFacade:0, Cable Facade
appliedenergistics2:item.ItemFacade:0, Cable Facade
appliedenergistics2:item.ItemFacade:0, Cable Facade
appliedenergistics2:item.ItemFacade:0, Cable Facade
appliedenergistics2:item.ItemFacade:0, Cable Facade
appliedenergistics2:item.ItemFacade:0, Cable Facade
appliedenergistics2:item.ItemFacade:0, Cable Facade
appliedenergistics2:item.ItemFacade:0, Cable Facade
appliedenergistics2:item.ItemFacade:0, Cable Facade
appliedenergistics2:item.ItemFacade:0, Cable Facade
appliedenergistics2:item.ItemFacade:0, Cable Facade
appliedenergistics2:item.ItemFacade:0, Cable Facade
appliedenergistics2:item.ItemFacade:0, Cable Facade
appliedenergistics2:item.ItemFacade:0, Cable Facade
appliedenergistics2:item.ItemFacade:0, Cable Facade
appliedenergistics2:item.ItemFacade:0, Cable Facade
appliedenergistics2:item.ItemFacade:0, Cable Facade
appliedenergistics2:item.ItemFacade:0, Cable Facade
appliedenergistics2:item.ItemFacade:0, Cable Facade
appliedenergistics2:item.ItemFacade:0, Cable Facade
appliedenergistics2:item.ItemFacade:0, Cable Facade
appliedenergistics2:item.ItemFacade:0, Cable Facade
appliedenergistics2:item.ItemFacade:0, Cable Facade
appliedenergistics2:item.ItemFacade:0, Cable Facade
appliedenergistics2:item.ItemFacade:0, Cable Facade
appliedenergistics2:item.ItemFacade:0, Cable Facade
appliedenergistics2:item.ItemFacade:0, Cable Facade
appliedenergistics2:item.ItemFacade:0, Cable Facade
appliedenergistics2:item.ItemFacade:0, Cable Facade
appliedenergistics2:item.ItemFacade:0, Cable Facade
appliedenergistics2:item.ItemFacade:0, Cable Facade
appliedenergistics2:item.ItemFacade:0, Cable Facade
appliedenergistics2:item.ItemFacade:0, Cable Facade
appliedenergistics2:item.ItemFacade:0, Cable Facade
appliedenergistics2:item.ItemFacade:0, Cable Facade
appliedenergistics2:item.ItemFacade:0, Cable Facade
appliedenergistics2:item.ItemFacade:0, Cable Facade
appliedenergistics2:item.ItemFacade:0, Cable Facade
appliedenergistics2:item.ItemFacade:0, Cable Facade
appliedenergistics2:item.ItemFacade:0, Cable Facade
appliedenergistics2:item.ItemFacade:0, Cable Facade
appliedenergistics2:item.ItemFacade:0, Cable Facade
appliedenergistics2:item.ItemFacade:0, Cable Facade
appliedenergistics2:item.ItemFacade:0, Cable Facade
appliedenergistics2:item.ItemFacade:0, Cable Facade
appliedenergistics2:item.ItemFacade:0, Cable Facade
appliedenergistics2:item.ItemFacade:0, Cable Facade
appliedenergistics2:item.ItemFacade:0, Cable Facade
appliedenergistics2:item.ItemFacade:0, Cable Facade
appliedenergistics2:item.ItemFacade:0, Cable Facade
appliedenergistics2:item.ItemFacade:0, Cable Facade
appliedenergistics2:item.ItemFacade:0, Cable Facade
appliedenergistics2:item.ItemFacade:0, Cable Facade
appliedenergistics2:item.ItemFacade:0, Cable Facade
appliedenergistics2:item.ItemFacade:0, Cable Facade
appliedenergistics2:item.ItemFacade:0, Cable Facade
appliedenergistics2:item.ItemFacade:0, Cable Facade
appliedenergistics2:item.ItemFacade:0, Cable Facade
appliedenergistics2:item.ItemFacade:0, Cable Facade
appliedenergistics2:item.ItemFacade:0, Cable Facade
appliedenergistics2:item.ItemFacade:0, Cable Facade
appliedenergistics2:item.ItemFacade:0, Cable Facade
appliedenergistics2:item.ItemFacade:0, Cable Facade
appliedenergistics2:item.ItemFacade:0, Cable Facade
appliedenergistics2:item.ItemFacade:0, Cable Facade
appliedenergistics2:item.ItemFacade:0, Cable Facade
appliedenergistics2:item.ItemFacade:0, Cable Facade
appliedenergistics2:item.ItemFacade:0, Cable Facade
appliedenergistics2:item.ItemFacade:0, Cable Facade
appliedenergistics2:item.ItemFacade:0, Cable Facade
appliedenergistics2:item.ItemFacade:0, Cable Facade
appliedenergistics2:item.ItemFacade:0, Cable Facade
appliedenergistics2:item.ItemFacade:0, Cable Facade
appliedenergistics2:item.ItemFacade:0, Cable Facade
appliedenergistics2:item.ItemFacade:0, Cable Facade
appliedenergistics2:item.ItemFacade:0, Cable Facade
appliedenergistics2:item.ItemFacade:0, Cable Facade
appliedenergistics2:item.ItemFacade:0, Cable Facade
appliedenergistics2:item.ItemFacade:0, Cable Facade
appliedenergistics2:item.ItemFacade:0, Cable Facade
appliedenergistics2:item.ItemFacade:0, Cable Facade
appliedenergistics2:item.ItemFacade:0, Cable Facade
appliedenergistics2:item.ItemFacade:0, Cable Facade
appliedenergistics2:item.ItemFacade:0, Cable Facade
appliedenergistics2:item.ItemFacade:0, Cable Facade
appliedenergistics2:item.ItemFacade:0, Cable Facade
appliedenergistics2:item.ItemFacade:0, Cable Facade
appliedenergistics2:item.ItemFacade:0, Cable Facade
appliedenergistics2:item.ItemFacade:0, Cable Facade
appliedenergistics2:item.ItemFacade:0, Cable Facade
appliedenergistics2:item.ItemFacade:0, Cable Facade
appliedenergistics2:item.ItemFacade:0, Cable Facade
appliedenergistics2:item.ItemFacade:0, Cable Facade
appliedenergistics2:item.ItemFacade:0, Cable Facade
appliedenergistics2:item.ItemFacade:0, Cable Facade
appliedenergistics2:item.ItemFacade:0, Cable Facade
appliedenergistics2:item.ItemFacade:0, Cable Facade
appliedenergistics2:item.ItemFacade:0, Cable Facade
appliedenergistics2:item.ItemFacade:0, Cable Facade
appliedenergistics2:item.ItemFacade:0, Cable Facade
appliedenergistics2:item.ItemFacade:0, Cable Facade
appliedenergistics2:item.ItemFacade:0, Cable Facade
appliedenergistics2:item.ItemFacade:0, Cable Facade
appliedenergistics2:item.ItemFacade:0, Cable Facade
appliedenergistics2:item.ItemFacade:0, Cable Facade
appliedenergistics2:item.ItemFacade:0, Cable Facade
appliedenergistics2:item.ItemFacade:0, Cable Facade
appliedenergistics2:item.ItemFacade:0, Cable Facade
appliedenergistics2:item.ItemFacade:0, Cable Facade
appliedenergistics2:item.ItemFacade:0, Cable Facade
appliedenergistics2:item.ItemFacade:0, Cable Facade
appliedenergistics2:item.ItemFacade:0, Cable Facade
appliedenergistics2:item.ItemFacade:0, Cable Facade
appliedenergistics2:item.ItemFacade:0, Cable Facade
appliedenergistics2:item.ItemFacade:0, Cable Facade
appliedenergistics2:item.ItemFacade:0, Cable Facade
appliedenergistics2:item.ItemFacade:0, Cable Facade
appliedenergistics2:item.ItemFacade:0, Cable Facade
appliedenergistics2:item.ItemFacade:0, Cable Facade
appliedenergistics2:item.ItemFacade:0, Cable Facade
appliedenergistics2:item.ItemFacade:0, Cable Facade
appliedenergistics2:item.ItemFacade:0, Cable Facade
appliedenergistics2:item.ItemFacade:0, Cable Facade
appliedenergistics2:item.ItemFacade:0, Cable Facade
appliedenergistics2:item.ItemFacade:0, Cable Facade
appliedenergistics2:item.ItemFacade:0, Cable Facade
appliedenergistics2:item.ItemFacade:0, Cable Facade
appliedenergistics2:item.ItemFacade:0, Cable Facade
appliedenergistics2:item.ItemFacade:0, Cable Facade
appliedenergistics2:item.ItemFacade:0, Cable Facade
appliedenergistics2:item.ItemFacade:0, Cable Facade
appliedenergistics2:item.ItemFacade:0, Cable Facade
appliedenergistics2:item.ItemFacade:0, Cable Facade
appliedenergistics2:item.ItemFacade:0, Cable Facade
appliedenergistics2:item.ItemFacade:0, Cable Facade
appliedenergistics2:item.ItemFacade:0, Cable Facade
appliedenergistics2:item.ItemFacade:0, Cable Facade
appliedenergistics2:item.ItemFacade:0, Cable Facade
appliedenergistics2:item.ItemFacade:0, Cable Facade
appliedenergistics2:item.ItemFacade:0, Cable Facade
appliedenergistics2:item.ItemFacade:0, Cable Facade
appliedenergistics2:item.ItemFacade:0, Cable Facade
appliedenergistics2:item.ItemFacade:0, Cable Facade
appliedenergistics2:item.ItemFacade:0, Cable Facade
appliedenergistics2:item.ItemFacade:0, Cable Facade
appliedenergistics2:item.ItemFacade:0, Cable Facade
appliedenergistics2:item.ItemFacade:0, Cable Facade
appliedenergistics2:item.ItemFacade:0, Cable Facade
appliedenergistics2:item.ItemFacade:0, Cable Facade
appliedenergistics2:item.ItemFacade:0, Cable Facade
appliedenergistics2:item.ItemFacade:0, Cable Facade
appliedenergistics2:item.ItemFacade:0, Cable Facade
appliedenergistics2:item.ItemFacade:0, Cable Facade
appliedenergistics2:item.ItemFacade:0, Cable Facade
appliedenergistics2:item.ItemFacade:0, Cable Facade
appliedenergistics2:item.ItemFacade:0, Cable Facade
appliedenergistics2:item.ItemFacade:0, Cable Facade
appliedenergistics2:item.ItemFacade:0, Cable Facade
appliedenergistics2:item.ItemFacade:0, Cable Facade
appliedenergistics2:item.ItemFacade:0, Cable Facade
appliedenergistics2:item.ItemFacade:0, Cable Facade
appliedenergistics2:item.ItemFacade:0, Cable Facade
appliedenergistics2:item.ItemFacade:0, Cable Facade
appliedenergistics2:item.ItemFacade:0, Cable Facade
appliedenergistics2:item.ItemFacade:0, Cable Facade
appliedenergistics2:item.ItemFacade:0, Cable Facade
appliedenergistics2:item.ItemFacade:0, Cable Facade
appliedenergistics2:item.ItemFacade:0, Cable Facade
appliedenergistics2:item.ItemFacade:0, Cable Facade
appliedenergistics2:item.ItemFacade:0, Cable Facade
appliedenergistics2:item.ItemFacade:0, Cable Facade
appliedenergistics2:item.ItemFacade:0, Cable Facade
appliedenergistics2:item.ItemFacade:0, Cable Facade
appliedenergistics2:item.ItemFacade:0, Cable Facade
appliedenergistics2:item.ItemFacade:0, Cable Facade
appliedenergistics2:item.ItemFacade:0, Cable Facade
appliedenergistics2:item.ItemFacade:0, Cable Facade
appliedenergistics2:item.ItemFacade:0, Cable Facade
appliedenergistics2:item.ItemFacade:0, Cable Facade
appliedenergistics2:item.ItemFacade:0, Cable Facade
appliedenergistics2:item.ItemFacade:0, Cable Facade
appliedenergistics2:item.ItemFacade:0, Cable Facade
appliedenergistics2:item.ItemFacade:0, Cable Facade
appliedenergistics2:item.ItemFacade:0, Cable Facade
appliedenergistics2:item.ItemFacade:0, Cable Facade
appliedenergistics2:item.ItemFacade:0, Cable Facade
appliedenergistics2:item.ItemFacade:0, Cable Facade
appliedenergistics2:item.ItemFacade:0, Cable Facade
appliedenergistics2:item.ItemFacade:0, Cable Facade
appliedenergistics2:item.ItemFacade:0, Cable Facade
appliedenergistics2:item.ItemFacade:0, Cable Facade
appliedenergistics2:item.ItemFacade:0, Cable Facade
appliedenergistics2:item.ItemFacade:0, Cable Facade
appliedenergistics2:item.ItemFacade:0, Cable Facade
appliedenergistics2:item.ItemFacade:0, Cable Facade
appliedenergistics2:item.ItemFacade:0, Cable Facade
appliedenergistics2:item.ItemFacade:0, Cable Facade
appliedenergistics2:item.ItemFacade:0, Cable Facade
appliedenergistics2:item.ItemFacade:0, Cable Facade
appliedenergistics2:item.ItemFacade:0, Cable Facade
appliedenergistics2:item.ItemFacade:0, Cable Facade
appliedenergistics2:item.ItemFacade:0, Cable Facade
appliedenergistics2:item.ItemFacade:0, Cable Facade
appliedenergistics2:item.ItemFacade:0, Cable Facade
appliedenergistics2:item.ItemFacade:0, Cable Facade
appliedenergistics2:item.ItemFacade:0, Cable Facade
appliedenergistics2:item.ItemFacade:0, Cable Facade
appliedenergistics2:item.ItemFacade:0, Cable Facade
appliedenergistics2:item.ItemFacade:0, Cable Facade
appliedenergistics2:item.ItemFacade:0, Cable Facade
appliedenergistics2:item.ItemFacade:0, Cable Facade
appliedenergistics2:item.ItemFacade:0, Cable Facade
appliedenergistics2:item.ItemFacade:0, Cable Facade
appliedenergistics2:item.ItemFacade:0, Cable Facade
appliedenergistics2:item.ItemFacade:0, Cable Facade
appliedenergistics2:item.ItemFacade:0, Cable Facade
appliedenergistics2:item.ItemFacade:0, Cable Facade
appliedenergistics2:item.ItemFacade:0, Cable Facade
appliedenergistics2:item.ItemFacade:0, Cable Facade
appliedenergistics2:item.ItemFacade:0, Cable Facade
appliedenergistics2:item.ItemFacade:0, Cable Facade
appliedenergistics2:item.ItemFacade:0, Cable Facade
appliedenergistics2:item.ItemFacade:0, Cable Facade
appliedenergistics2:item.ItemFacade:0, Cable Facade
appliedenergistics2:item.ItemFacade:0, Cable Facade
appliedenergistics2:item.ItemFacade:0, Cable Facade
appliedenergistics2:item.ItemFacade:0, Cable Facade
appliedenergistics2:item.ItemFacade:0, Cable Facade
appliedenergistics2:item.ItemFacade:0, Cable Facade
appliedenergistics2:item.ItemFacade:0, Cable Facade
appliedenergistics2:item.ItemFacade:0, Cable Facade
appliedenergistics2:item.ItemFacade:0, Cable Facade
appliedenergistics2:item.ItemFacade:0, Cable Facade
appliedenergistics2:item.ItemFacade:0, Cable Facade
appliedenergistics2:item.ItemFacade:0, Cable Facade
appliedenergistics2:item.ItemFacade:0, Cable Facade
appliedenergistics2:item.ItemFacade:0, Cable Facade
appliedenergistics2:item.ItemFacade:0, Cable Facade
appliedenergistics2:item.ItemFacade:0, Cable Facade
appliedenergistics2:item.ItemFacade:0, Cable Facade
appliedenergistics2:item.ItemFacade:0, Cable Facade
appliedenergistics2:item.ItemFacade:0, Cable Facade
appliedenergistics2:item.ItemFacade:0, Cable Facade
appliedenergistics2:item.ItemFacade:0, Cable Facade
appliedenergistics2:item.ItemFacade:0, Cable Facade
appliedenergistics2:item.ItemFacade:0, Cable Facade
appliedenergistics2:item.ItemFacade:0, Cable Facade
appliedenergistics2:item.ItemFacade:0, Cable Facade
appliedenergistics2:item.ItemFacade:0, Cable Facade
appliedenergistics2:item.ItemFacade:0, Cable Facade
appliedenergistics2:item.ItemFacade:0, Cable Facade
appliedenergistics2:item.ItemFacade:0, Cable Facade
appliedenergistics2:item.ItemFacade:0, Cable Facade
appliedenergistics2:item.ItemFacade:0, Cable Facade
appliedenergistics2:item.ItemFacade:0, Cable Facade
appliedenergistics2:item.ItemFacade:0, Cable Facade
appliedenergistics2:item.ItemFacade:0, Cable Facade
appliedenergistics2:item.ItemFacade:0, Cable Facade
appliedenergistics2:item.ItemFacade:0, Cable Facade
appliedenergistics2:item.ItemFacade:0, Cable Facade
appliedenergistics2:item.ItemFacade:0, Cable Facade
appliedenergistics2:item.ItemFacade:0, Cable Facade
appliedenergistics2:item.ItemFacade:0, Cable Facade
appliedenergistics2:item.ItemFacade:0, Cable Facade
appliedenergistics2:item.ItemFacade:0, Cable Facade
appliedenergistics2:item.ItemFacade:0, Cable Facade
appliedenergistics2:item.ItemFacade:0, Cable Facade
appliedenergistics2:item.ItemFacade:0, Cable Facade
appliedenergistics2:item.ItemFacade:0, Cable Facade
appliedenergistics2:item.ItemFacade:0, Cable Facade
appliedenergistics2:item.ItemFacade:0, Cable Facade
appliedenergistics2:item.ItemFacade:0, Cable Facade
appliedenergistics2:item.ItemFacade:0, Cable Facade
appliedenergistics2:item.ItemFacade:0, Cable Facade
appliedenergistics2:item.ItemFacade:0, Cable Facade
appliedenergistics2:item.ItemFacade:0, Cable Facade
appliedenergistics2:item.ItemFacade:0, Cable Facade
appliedenergistics2:item.ItemFacade:0, Cable Facade
appliedenergistics2:item.ItemFacade:0, Cable Facade
appliedenergistics2:item.ItemFacade:0, Cable Facade
appliedenergistics2:item.ItemFacade:0, Cable Facade
appliedenergistics2:item.ItemFacade:0, Cable Facade
appliedenergistics2:item.ItemFacade:0, Cable Facade
appliedenergistics2:item.ItemFacade:0, Cable Facade
appliedenergistics2:item.ItemFacade:0, Cable Facade
appliedenergistics2:item.ItemFacade:0, Cable Facade
appliedenergistics2:item.ItemFacade:0, Cable Facade
appliedenergistics2:item.ItemFacade:0, Cable Facade
appliedenergistics2:item.ItemFacade:0, Cable Facade
appliedenergistics2:item.ItemFacade:0, Cable Facade
appliedenergistics2:item.ItemFacade:0, Cable Facade
appliedenergistics2:item.ItemFacade:0, Cable Facade
appliedenergistics2:item.ItemFacade:0, Cable Facade
appliedenergistics2:item.ItemFacade:0, Cable Facade
appliedenergistics2:item.ItemFacade:0, Cable Facade
appliedenergistics2:item.ItemFacade:0, Cable Facade
appliedenergistics2:item.ItemFacade:0, Cable Facade
appliedenergistics2:item.ItemFacade:0, Cable Facade
appliedenergistics2:item.ItemFacade:0, Cable Facade
appliedenergistics2:item.ItemFacade:0, Cable Facade
appliedenergistics2:item.ItemFacade:0, Cable Facade
appliedenergistics2:item.ItemFacade:0, Cable Facade
appliedenergistics2:item.ItemFacade:0, Cable Facade
appliedenergistics2:item.ItemFacade:0, Cable Facade
appliedenergistics2:item.ItemFacade:0, Cable Facade
appliedenergistics2:item.ItemFacade:0, Cable Facade
appliedenergistics2:item.ItemFacade:0, Cable Facade
appliedenergistics2:item.ItemFacade:0, Cable Facade
appliedenergistics2:item.ItemFacade:0, Cable Facade
appliedenergistics2:item.ItemFacade:0, Cable Facade
appliedenergistics2:item.ItemFacade:0, Cable Facade
appliedenergistics2:item.ItemFacade:0, Cable Facade - Rupee Ore
appliedenergistics2:item.ItemFacade:0, Cable Facade - Arlemite Ore
appliedenergistics2:item.ItemFacade:0, Cable Facade - Realmite Ore
appliedenergistics2:item.ItemFacade:0, Cable Facade - Bloodgem Ore
appliedenergistics2:item.ItemFacade:0, Cable Facade - Netherite Ore
appliedenergistics2:item.ItemFacade:0, Cable Facade - Rupee Block
appliedenergistics2:item.ItemFacade:0, Cable Facade - Arlemite Block
appliedenergistics2:item.ItemFacade:0, Cable Facade - Realmite Block
appliedenergistics2:item.ItemFacade:0, Cable Facade - Bloodgem Block
appliedenergistics2:item.ItemFacade:0, Cable Facade - Netherite Block
appliedenergistics2:item.ItemFacade:0, Cable Facade - Checker
appliedenergistics2:item.ItemFacade:0, Cable Facade - Rainbow Wool
appliedenergistics2:item.ItemFacade:0, Cable Facade - Crate
appliedenergistics2:item.ItemFacade:0, Cable Facade - Plank Design
appliedenergistics2:item.ItemFacade:0, Cable Facade - Blue Stone
appliedenergistics2:item.ItemFacade:0, Cable Facade - Blue Vane
appliedenergistics2:item.ItemFacade:0, Cable Facade - Cyan Vane
appliedenergistics2:item.ItemFacade:0, Cable Facade - Purple Vane
appliedenergistics2:item.ItemFacade:0, Cable Facade - Red Vane
appliedenergistics2:item.ItemFacade:0, Cable Facade - Yellow Vane
appliedenergistics2:item.ItemFacade:0, Cable Facade - Divine Rock
appliedenergistics2:item.ItemFacade:0, Cable Facade - Fancy Wool
appliedenergistics2:item.ItemFacade:0, Cable Facade - Teal Steel
appliedenergistics2:item.ItemFacade:0, Cable Facade - Red Steel
appliedenergistics2:item.ItemFacade:0, Cable Facade - Purple Steel
appliedenergistics2:item.ItemFacade:0, Cable Facade - Green Steel
appliedenergistics2:item.ItemFacade:0, Cable Facade - Yellow Steel
appliedenergistics2:item.ItemFacade:0, Cable Facade - Blue Steel
appliedenergistics2:item.ItemFacade:0, Cable Facade - White Steel
appliedenergistics2:item.ItemFacade:0, Cable Facade - Black Steel
appliedenergistics2:item.ItemFacade:0, Cable Facade - Orange Steel
appliedenergistics2:item.ItemFacade:0, Cable Facade - Bright Red Steel
appliedenergistics2:item.ItemFacade:0, Cable Facade - Aquatonic Bricks
appliedenergistics2:item.ItemFacade:0, Cable Facade - Arlemite Bricks
appliedenergistics2:item.ItemFacade:0, Cable Facade - Darkstone Bricks
appliedenergistics2:item.ItemFacade:0, Cable Facade - Diamond Bricks
appliedenergistics2:item.ItemFacade:0, Cable Facade - Gold Bricks
appliedenergistics2:item.ItemFacade:0, Cable Facade - Green Bricks
appliedenergistics2:item.ItemFacade:0, Cable Facade - Iron Bricks
appliedenergistics2:item.ItemFacade:0, Cable Facade - Lapis Lazuli Bricks
appliedenergistics2:item.ItemFacade:0, Cable Facade - Lava Bricks
appliedenergistics2:item.ItemFacade:0, Cable Facade - Netherite Bricks
appliedenergistics2:item.ItemFacade:0, Cable Facade - Pink Bricks
appliedenergistics2:item.ItemFacade:0, Cable Facade - Purple Bricks
appliedenergistics2:item.ItemFacade:0, Cable Facade - Realmite Bricks
appliedenergistics2:item.ItemFacade:0, Cable Facade - Redstone Bricks
appliedenergistics2:item.ItemFacade:0, Cable Facade - Milk Stone Bricks
appliedenergistics2:item.ItemFacade:0, Cable Facade - Rupee Minibricks
appliedenergistics2:item.ItemFacade:0, Cable Facade - Realmite Minibricks
appliedenergistics2:item.ItemFacade:0, Cable Facade - Arlemite Minibricks
appliedenergistics2:item.ItemFacade:0, Cable Facade - Minibricks
appliedenergistics2:item.ItemFacade:0, Cable Facade - Bloodgem Minibricks
appliedenergistics2:item.ItemFacade:0, Cable Facade - Netherite Minibricks
appliedenergistics2:item.ItemFacade:0, Cable Facade - Bedrock Minibricks
appliedenergistics2:item.ItemFacade:0, Cable Facade - Aqua Lamp
appliedenergistics2:item.ItemFacade:0, Cable Facade - Arlemite Lamp
appliedenergistics2:item.ItemFacade:0, Cable Facade - Blaze Lamp
appliedenergistics2:item.ItemFacade:0, Cable Facade - Bluefire Lamp
appliedenergistics2:item.ItemFacade:0, Cable Facade - Diamond Lamp
appliedenergistics2:item.ItemFacade:0, Cable Facade - Divine Lamp
appliedenergistics2:item.ItemFacade:0, Cable Facade - Draken Lamp
appliedenergistics2:item.ItemFacade:0, Cable Facade - Eden Lamp
appliedenergistics2:item.ItemFacade:0, Cable Facade - Ender Lamp
appliedenergistics2:item.ItemFacade:0, Cable Facade - Ender Stone Lamp
appliedenergistics2:item.ItemFacade:0, Cable Facade - Gold Lamp
appliedenergistics2:item.ItemFacade:0, Cable Facade - Ice Lamp
appliedenergistics2:item.ItemFacade:0, Cable Facade - Jungle Lamp
appliedenergistics2:item.ItemFacade:0, Cable Facade - Kraken Lamp
appliedenergistics2:item.ItemFacade:0, Cable Facade - Lapis Lazuli Lamp
appliedenergistics2:item.ItemFacade:0, Cable Facade - Lava Lamp
appliedenergistics2:item.ItemFacade:0, Cable Facade - Milky Lamp
appliedenergistics2:item.ItemFacade:0, Cable Facade - Molten Lamp
appliedenergistics2:item.ItemFacade:0, Cable Facade - Netherite Lamp
appliedenergistics2:item.ItemFacade:0, Cable Facade - Realmite Lamp
appliedenergistics2:item.ItemFacade:0, Cable Facade - Redstone Ore Lamp
appliedenergistics2:item.ItemFacade:0, Cable Facade - Rupee Lamp
appliedenergistics2:item.ItemFacade:0, Cable Facade - Terran Lamp
appliedenergistics2:item.ItemFacade:0, Cable Facade - Milk Stone
appliedenergistics2:item.ItemFacade:0, Cable Facade - Darkstone
appliedenergistics2:item.ItemFacade:0, Cable Facade - Spike Block
appliedenergistics2:item.ItemFacade:0, Cable Facade - Hot Spike Block
appliedenergistics2:item.ItemFacade:0, Cable Facade - Slime Light
appliedenergistics2:item.ItemFacade:0, Cable Facade - Slime Light
appliedenergistics2:item.ItemFacade:0, Cable Facade - Dark Bridge
appliedenergistics2:item.ItemFacade:0, Cable Facade - Divine Log
appliedenergistics2:item.ItemFacade:0, Cable Facade - Divine Moss Stone
appliedenergistics2:item.ItemFacade:0, Cable Facade - Divine Planks
appliedenergistics2:item.ItemFacade:0, Cable Facade - Frozen Dirt
appliedenergistics2:item.ItemFacade:0, Cable Facade - Frozen Stone
appliedenergistics2:item.ItemFacade:0, Cable Facade - Frozen Log
appliedenergistics2:item.ItemFacade:0, Cable Facade - Frozen Planks
appliedenergistics2:item.ItemFacade:0, Cable Facade - Icy Stone
appliedenergistics2:item.ItemFacade:0, Cable Facade - Icy Bricks
appliedenergistics2:item.ItemFacade:0, Cable Facade - Snow Bricks
appliedenergistics2:item.ItemFacade:0, Cable Facade - Coalstone
appliedenergistics2:item.ItemFacade:0, Cable Facade - Workshop Carpet
appliedenergistics2:item.ItemFacade:0, Cable Facade - Workshop Bookcase
appliedenergistics2:item.ItemFacade:0, Cable Facade - Workshop Lamp
appliedenergistics2:item.ItemFacade:0, Cable Facade - Blue Candy Cane
appliedenergistics2:item.ItemFacade:0, Cable Facade - Green Candy Cane
appliedenergistics2:item.ItemFacade:0, Cable Facade - Pink Candy Cane
appliedenergistics2:item.ItemFacade:0, Cable Facade - Red Candy Cane
appliedenergistics2:item.ItemFacade:0, Cable Facade - Yellow Candy Cane
appliedenergistics2:item.ItemFacade:0, Cable Facade - Frozen Slab
appliedenergistics2:item.ItemFacade:0, Cable Facade - Wreck Altar
appliedenergistics2:item.ItemFacade:0, Cable Facade - Quadrotic Altar
appliedenergistics2:item.ItemFacade:0, Cable Facade - Karos Altar
appliedenergistics2:item.ItemFacade:0, Cable Facade - Raglok Altar
appliedenergistics2:item.ItemFacade:0, Cable Facade - Lunic Altar
appliedenergistics2:item.ItemFacade:0, Cable Facade - Dream Stone
appliedenergistics2:item.ItemFacade:0, Cable Facade - Dream Dirt
appliedenergistics2:item.ItemFacade:0, Cable Facade - Fire Crystal
appliedenergistics2:item.ItemFacade:0, Cable Facade - Dreamwood Log
appliedenergistics2:item.ItemFacade:0, Cable Facade - Light Dream Bricks
appliedenergistics2:item.ItemFacade:0, Cable Facade - Dark Dream Bricks
appliedenergistics2:item.ItemFacade:0, Cable Facade - Luna Stone
appliedenergistics2:item.ItemFacade:0, Cable Facade - Luna Brick
appliedenergistics2:item.ItemFacade:0, Cable Facade - Crypt Wall
appliedenergistics2:item.ItemFacade:0, Cable Facade - Village Lamp
appliedenergistics2:item.ItemFacade:0, Cable Facade - Cell Lamp
appliedenergistics2:item.ItemFacade:0, Cable Facade - Firelight
appliedenergistics2:item.ItemFacade:0, Cable Facade - Hyrewood Log
appliedenergistics2:item.ItemFacade:0, Cable Facade - Red Dream Bricks
appliedenergistics2:item.ItemFacade:0, Cable Facade - Karos Heat Tile Green
appliedenergistics2:item.ItemFacade:0, Cable Facade - Firewood Log
appliedenergistics2:item.ItemFacade:0, Cable Facade - Green Everstone
appliedenergistics2:item.ItemFacade:0, Cable Facade - Mintwood Log
appliedenergistics2:item.ItemFacade:0, Cable Facade - Hive Walls
appliedenergistics2:item.ItemFacade:0, Cable Facade - Chamber Wall
appliedenergistics2:item.ItemFacade:0, Cable Facade - Chamber Wall
appliedenergistics2:item.ItemFacade:0, Cable Facade - Chamber Wall
appliedenergistics2:item.ItemFacade:0, Cable Facade - White Everstone
appliedenergistics2:item.ItemFacade:0, Cable Facade - Dark Everstone
appliedenergistics2:item.ItemFacade:0, Cable Facade - Black Hungerstone
appliedenergistics2:item.ItemFacade:0, Cable Facade - Green Hungerstone
appliedenergistics2:item.ItemFacade:0, Cable Facade - Crypt Floor
appliedenergistics2:item.ItemFacade:0, Cable Facade - Hall Wall
appliedenergistics2:item.ItemFacade:0, Cable Facade - Blue Karos Bricks
appliedenergistics2:item.ItemFacade:0, Cable Facade - Black Karos Bricks
appliedenergistics2:item.ItemFacade:0, Cable Facade - Heliotic Beam
appliedenergistics2:item.ItemFacade:0, Cable Facade - Divine Slab
appliedenergistics2:item.ItemFacade:0, Cable Facade - Eden Dirt
appliedenergistics2:item.ItemFacade:0, Cable Facade - Wildwood Dirt
appliedenergistics2:item.ItemFacade:0, Cable Facade - Apalachia Dirt
appliedenergistics2:item.ItemFacade:0, Cable Facade - Skythern Dirt
appliedenergistics2:item.ItemFacade:0, Cable Facade - Mortum Dirt
appliedenergistics2:item.ItemFacade:0, Cable Facade - Eden Ore
appliedenergistics2:item.ItemFacade:0, Cable Facade - Wildwood Ore
appliedenergistics2:item.ItemFacade:0, Cable Facade - Apalachia Ore
appliedenergistics2:item.ItemFacade:0, Cable Facade - Skythern Ore
appliedenergistics2:item.ItemFacade:0, Cable Facade - Mortum Ore
appliedenergistics2:item.ItemFacade:0, Cable Facade - Eden Block
appliedenergistics2:item.ItemFacade:0, Cable Facade - Wildwood Block
appliedenergistics2:item.ItemFacade:0, Cable Facade - Apalachia Block
appliedenergistics2:item.ItemFacade:0, Cable Facade - Skythern Block
appliedenergistics2:item.ItemFacade:0, Cable Facade - Mortum Block
appliedenergistics2:item.ItemFacade:0, Cable Facade - Eden Log
appliedenergistics2:item.ItemFacade:0, Cable Facade - Wildwood Log
appliedenergistics2:item.ItemFacade:0, Cable Facade - Apalachia Log
appliedenergistics2:item.ItemFacade:0, Cable Facade - Skythern Log
appliedenergistics2:item.ItemFacade:0, Cable Facade - Mortum Log
appliedenergistics2:item.ItemFacade:0, Cable Facade - Eden Planks
appliedenergistics2:item.ItemFacade:0, Cable Facade - Wildwood Planks
appliedenergistics2:item.ItemFacade:0, Cable Facade - Apalachia Planks
appliedenergistics2:item.ItemFacade:0, Cable Facade - Skythern Planks
appliedenergistics2:item.ItemFacade:0, Cable Facade - Mortum Planks
appliedenergistics2:item.ItemFacade:0, Cable Facade - Twilight Stone
appliedenergistics2:item.ItemFacade:0, Cable Facade - Eden Slab
appliedenergistics2:item.ItemFacade:0, Cable Facade - Wildwood Slab
appliedenergistics2:item.ItemFacade:0, Cable Facade - Apalachia Slab
appliedenergistics2:item.ItemFacade:0, Cable Facade - Skythern Slab
appliedenergistics2:item.ItemFacade:0, Cable Facade - Mortum Slab
appliedenergistics2:item.ItemFacade:0, Cable Facade - Arcanite Dirt
appliedenergistics2:item.ItemFacade:0, Cable Facade - Arcanium Ore
appliedenergistics2:item.ItemFacade:0, Cable Facade - Arcanium Metal
appliedenergistics2:item.ItemFacade:0, Cable Facade - Arcanium Power
appliedenergistics2:item.ItemFacade:0, Cable Facade - Dungeon Lamp
appliedenergistics2:item.ItemFacade:0, Cable Facade - Heat Trap
appliedenergistics2:item.ItemFacade:0, Cable Facade - Heat Trap On
appliedenergistics2:item.ItemFacade:0, Cable Facade - Soul Stone
appliedenergistics2:item.ItemFacade:0, Cable Facade - Soul Sludge
appliedenergistics2:item.ItemFacade:0, Cable Facade - Degraded Brick
appliedenergistics2:item.ItemFacade:0, Cable Facade - Dark Degraded Brick
appliedenergistics2:item.ItemFacade:0, Cable Facade - Ancient Brick
appliedenergistics2:item.ItemFacade:0, Cable Facade - Ancient Stone
appliedenergistics2:item.ItemFacade:0, Cable Facade - Light Degraded Brick
appliedenergistics2:item.ItemFacade:0, Cable Facade - Ancient Tile
appliedenergistics2:item.ItemFacade:0, Cable Facade - Eucalyptus
appliedenergistics2:item.ItemFacade:0, Cable Facade - Eucalyptus Planks
appliedenergistics2:item.ItemFacade:0, Cable Facade - Acceleron
appliedenergistics2:item.ItemFacade:0, Cable Facade - Certus Quartz Block
appliedenergistics2:item.ItemFacade:0, Cable Facade - Certus Quartz Pillar
appliedenergistics2:item.ItemFacade:0, Cable Facade - Chiseled Certus Quartz Block
appliedenergistics2:item.ItemFacade:0, Cable Facade - Fluix Block
appliedenergistics2:item.ItemFacade:0, Cable Facade - Sky Stone
appliedenergistics2:item.ItemFacade:0, Cable Facade - Sky Stone Block
appliedenergistics2:item.ItemFacade:0, Cable Facade - Sky Stone Brick
appliedenergistics2:item.ItemFacade:0, Cable Facade - Sky Stone Small Brick
appliedenergistics2:item.ItemFacade:0, Cable Facade - Sky Stone Slabs
appliedenergistics2:item.ItemFacade:0, Cable Facade - Sky Stone Block Slabs
appliedenergistics2:item.ItemFacade:0, Cable Facade - Sky Stone Brick Slabs
appliedenergistics2:item.ItemFacade:0, Cable Facade - Sky Stone Small Brick Slabs
appliedenergistics2:item.ItemFacade:0, Cable Facade - Fluix Slabs
appliedenergistics2:item.ItemFacade:0, Cable Facade - Certus Quartz Slabs
appliedenergistics2:item.ItemFacade:0, Cable Facade - Chiseled Certus Quartz Slabs
appliedenergistics2:item.ItemFacade:0, Cable Facade - Certus Quartz Pillar Slabs
appliedenergistics2:item.ItemFacade:0, Cable Facade - Holystone
appliedenergistics2:item.ItemFacade:0, Cable Facade - Mossy Holystone
appliedenergistics2:item.ItemFacade:0, Cable Facade - Aether Dirt
appliedenergistics2:item.ItemFacade:0, Cable Facade - Quicksoil
appliedenergistics2:item.ItemFacade:0, Cable Facade - Icestone
appliedenergistics2:item.ItemFacade:0, Cable Facade - Skyroot Log
appliedenergistics2:item.ItemFacade:0, Cable Facade - Golden Oak Log
appliedenergistics2:item.ItemFacade:0, Cable Facade - Skyroot Plank
appliedenergistics2:item.ItemFacade:0, Cable Facade - Ambrosium Ore
appliedenergistics2:item.ItemFacade:0, Cable Facade - Zanite Ore
appliedenergistics2:item.ItemFacade:0, Cable Facade - Gravitite Ore
appliedenergistics2:item.ItemFacade:0, Cable Facade - Enchanted Gravitite
appliedenergistics2:item.ItemFacade:0, Cable Facade - Carved Stone
appliedenergistics2:item.ItemFacade:0, Cable Facade - Sentry Stone
appliedenergistics2:item.ItemFacade:0, Cable Facade - Divine Carved Stone
appliedenergistics2:item.ItemFacade:0, Cable Facade - Divine Sentry Stone
appliedenergistics2:item.ItemFacade:0, Cable Facade - White Gold Pillar
appliedenergistics2:item.ItemFacade:0, Cable Facade - White Gold Carved Pillar
appliedenergistics2:item.ItemFacade:0, Cable Facade - Labyrinth Pillar
appliedenergistics2:item.ItemFacade:0, Cable Facade - Carved Labyrinth Pillar
appliedenergistics2:item.ItemFacade:0, Cable Facade - Zanite Block
appliedenergistics2:item.ItemFacade:0, Cable Facade - Christmas Present
appliedenergistics2:item.ItemFacade:0, Cable Facade - Holystone Brick
appliedenergistics2:item.ItemFacade:0, Cable Facade - Continuum Ore
appliedenergistics2:item.ItemFacade:0, Cable Facade - Skyroot Crafting Table
appliedenergistics2:item.ItemFacade:0, Cable Facade - Blood Moss Holystone
appliedenergistics2:item.ItemFacade:0, Cable Facade - Protection Stone
appliedenergistics2:item.ItemFacade:0, Cable Facade - Skyroot Bookshelf
appliedenergistics2:item.ItemFacade:0, Cable Facade - Holystone Headstone
appliedenergistics2:item.ItemFacade:0, Cable Facade - Holystone Keystone
appliedenergistics2:item.ItemFacade:0, Cable Facade - Holystone Highlight
appliedenergistics2:item.ItemFacade:0, Cable Facade - Darkstone
appliedenergistics2:item.ItemFacade:0, Cable Facade - Abyssal Stone
appliedenergistics2:item.ItemFacade:0, Cable Facade - Bloodstone Ore
appliedenergistics2:item.ItemFacade:0, Cable Facade - Crate
appliedenergistics2:item.ItemFacade:0, Cable Facade - Haven Dirt
appliedenergistics2:item.ItemFacade:0, Cable Facade - Amethyst Ore
appliedenergistics2:item.ItemFacade:0, Cable Facade - Chest Fragments
appliedenergistics2:item.ItemFacade:0, Cable Facade - Crystallite Ore
appliedenergistics2:item.ItemFacade:0, Cable Facade - Emberstone Ore
appliedenergistics2:item.ItemFacade:0, Cable Facade - Foot Fragments
appliedenergistics2:item.ItemFacade:0, Cable Facade - Jade Ore
appliedenergistics2:item.ItemFacade:0, Cable Facade - Leg Fragments
appliedenergistics2:item.ItemFacade:0, Cable Facade - Limonite Ore
appliedenergistics2:item.ItemFacade:0, Cable Facade - Rosite Ore
appliedenergistics2:item.ItemFacade:0, Cable Facade - Sapphire Ore
appliedenergistics2:item.ItemFacade:0, Cable Facade - Skull Fragments
appliedenergistics2:item.ItemFacade:0, Cable Facade - Bloodwood Planks
appliedenergistics2:item.ItemFacade:0, Cable Facade - Cycade Planks
appliedenergistics2:item.ItemFacade:0, Cable Facade - Lucalus Planks
appliedenergistics2:item.ItemFacade:0, Cable Facade - Shadow Planks
appliedenergistics2:item.ItemFacade:0, Cable Facade - Stranglewood Planks
appliedenergistics2:item.ItemFacade:0, Cable Facade - Precasian Stone
appliedenergistics2:item.ItemFacade:0, Cable Facade - Precasian Stone
appliedenergistics2:item.ItemFacade:0, Cable Facade - Haven Stone
appliedenergistics2:item.ItemFacade:0, Cable Facade - Twinklestone
appliedenergistics2:item.ItemFacade:0, Cable Facade - Skeletal Block
appliedenergistics2:item.ItemFacade:0, Cable Facade - Coloured Bricks
appliedenergistics2:item.ItemFacade:0, Cable Facade - Coloured Bricks
appliedenergistics2:item.ItemFacade:0, Cable Facade - Coloured Bricks
appliedenergistics2:item.ItemFacade:0, Cable Facade - Coloured Bricks
appliedenergistics2:item.ItemFacade:0, Cable Facade - Coloured Bricks
appliedenergistics2:item.ItemFacade:0, Cable Facade - Coloured Bricks
appliedenergistics2:item.ItemFacade:0, Cable Facade - Coloured Bricks
appliedenergistics2:item.ItemFacade:0, Cable Facade - Coloured Bricks
appliedenergistics2:item.ItemFacade:0, Cable Facade - Coloured Bricks
appliedenergistics2:item.ItemFacade:0, Cable Facade - Coloured Bricks
appliedenergistics2:item.ItemFacade:0, Cable Facade - Coloured Bricks
appliedenergistics2:item.ItemFacade:0, Cable Facade - Coloured Bricks
appliedenergistics2:item.ItemFacade:0, Cable Facade - Coloured Bricks
appliedenergistics2:item.ItemFacade:0, Cable Facade - Coloured Bricks
appliedenergistics2:item.ItemFacade:0, Cable Facade - Coloured Bricks
appliedenergistics2:item.ItemFacade:0, Cable Facade - Coloured Bricks
appliedenergistics2:item.ItemFacade:0, Cable Facade - Whitewash Bricks
appliedenergistics2:item.ItemFacade:0, Cable Facade - Darkwash Bricks
appliedenergistics2:item.ItemFacade:0, Cable Facade - Skeletal Bricks
appliedenergistics2:item.ItemFacade:0, Cable Facade - Crystallite Bricks
appliedenergistics2:item.ItemFacade:0, Cable Facade - Coral Bricks
appliedenergistics2:item.ItemFacade:0, Cable Facade - Bloodstone Bricks
appliedenergistics2:item.ItemFacade:0, Cable Facade - Haunted Bricks
appliedenergistics2:item.ItemFacade:0, Cable Facade - Ivory
appliedenergistics2:item.ItemFacade:0, Cable Facade - Amethyst Ivory
appliedenergistics2:item.ItemFacade:0, Cable Facade - Rosite Ivory
appliedenergistics2:item.ItemFacade:0, Cable Facade - Limonite Ivory
appliedenergistics2:item.ItemFacade:0, Cable Facade - Jade Ivory
appliedenergistics2:item.ItemFacade:0, Cable Facade - Sapphire Ivory
appliedenergistics2:item.ItemFacade:0, Cable Facade - Bloodstone Bars
appliedenergistics2:item.ItemFacade:0, Cable Facade - Bloodstone Bars
appliedenergistics2:item.ItemFacade:0, Cable Facade - Purple Mushroom
appliedenergistics2:item.ItemFacade:0, Cable Facade - Purple Mushroom
appliedenergistics2:item.ItemFacade:0, Cable Facade - Orange Mushroom
appliedenergistics2:item.ItemFacade:0, Cable Facade - Orange Mushroom
appliedenergistics2:item.ItemFacade:0, Cable Facade - Green Mushroom
appliedenergistics2:item.ItemFacade:0, Cable Facade - Green Mushroom
appliedenergistics2:item.ItemFacade:0, Cable Facade - Yellow Mushroom
appliedenergistics2:item.ItemFacade:0, Cable Facade - Yellow Mushroom
appliedenergistics2:item.ItemFacade:0, Cable Facade - Blue Mushroom
appliedenergistics2:item.ItemFacade:0, Cable Facade - Blue Mushroom
appliedenergistics2:item.ItemFacade:0, Cable Facade - Mystite Ore
appliedenergistics2:item.ItemFacade:0, Cable Facade - Black Mysterium Bricks
appliedenergistics2:item.ItemFacade:0, Cable Facade - Green Mysterium Bricks
appliedenergistics2:item.ItemFacade:0, Cable Facade - Mysterium Stone
appliedenergistics2:item.ItemFacade:0, Cable Facade - Mysterium Dirt
appliedenergistics2:item.ItemFacade:0, Cable Facade - Kaiyu Temple Face
appliedenergistics2:item.ItemFacade:0, Cable Facade - Kaiyu Temple Pattern
appliedenergistics2:item.ItemFacade:0, Cable Facade - Kaiyu Temple Pattern
appliedenergistics2:item.ItemFacade:0, Cable Facade - Kaiyu Temple Pattern
appliedenergistics2:item.ItemFacade:0, Cable Facade - Kaiyu Temple Pattern
appliedenergistics2:item.ItemFacade:0, Cable Facade - Kaiyu Temple Pattern
appliedenergistics2:item.ItemFacade:0, Cable Facade - Kaiyu Temple Pattern
appliedenergistics2:item.ItemFacade:0, Cable Facade - Iromine Stone
appliedenergistics2:item.ItemFacade:0, Cable Facade - Striped Iro Brick
appliedenergistics2:item.ItemFacade:0, Cable Facade - Dotted Iro Brick
appliedenergistics2:item.ItemFacade:0, Cable Facade - Lyon Ore
appliedenergistics2:item.ItemFacade:0, Cable Facade - Lunalyte Dirt
appliedenergistics2:item.ItemFacade:0, Cable Facade - Lunasole Dirt
appliedenergistics2:item.ItemFacade:0, Cable Facade - Deep Rock
appliedenergistics2:item.ItemFacade:0, Cable Facade - Gardencia Dirt
appliedenergistics2:item.ItemFacade:0, Cable Facade - Gardencia Stone
appliedenergistics2:item.ItemFacade:0, Cable Facade - Rose Petals
appliedenergistics2:item.ItemFacade:0, Cable Facade - Light Rose Petals
appliedenergistics2:item.ItemFacade:0, Cable Facade - Blue Petals
appliedenergistics2:item.ItemFacade:0, Cable Facade - Light Blue Petals
appliedenergistics2:item.ItemFacade:0, Cable Facade - Purple Petals
appliedenergistics2:item.ItemFacade:0, Cable Facade - Light Purple Petals
appliedenergistics2:item.ItemFacade:0, Cable Facade - Yellow Petals
appliedenergistics2:item.ItemFacade:0, Cable Facade - Flower Core
appliedenergistics2:item.ItemFacade:0, Cable Facade - Plant Stem
appliedenergistics2:item.ItemFacade:0, Cable Facade - Greckon Dirt
appliedenergistics2:item.ItemFacade:0, Cable Facade - Greckon Stone
appliedenergistics2:item.ItemFacade:0, Cable Facade - Ghastly Ore
appliedenergistics2:item.ItemFacade:0, Cable Facade - Ghoulish Ore
appliedenergistics2:item.ItemFacade:0, Cable Facade - Dustopia Dirt
appliedenergistics2:item.ItemFacade:0, Cable Facade - Dustopia Stone
appliedenergistics2:item.ItemFacade:0, Cable Facade - Dawnwood Planks
appliedenergistics2:item.ItemFacade:0, Cable Facade - Lunar Bricks
appliedenergistics2:item.ItemFacade:0, Cable Facade - Lunide Planks
appliedenergistics2:item.ItemFacade:0, Cable Facade - Borean Stone
appliedenergistics2:item.ItemFacade:0, Cable Facade - Toxic Stone
appliedenergistics2:item.ItemFacade:0, Cable Facade - Borean Dirt
appliedenergistics2:item.ItemFacade:0, Cable Facade - Toxic Dirt
appliedenergistics2:item.ItemFacade:0, Cable Facade - Coral Pink
appliedenergistics2:item.ItemFacade:0, Cable Facade - Coral Green
appliedenergistics2:item.ItemFacade:0, Cable Facade - Coral Yellow
appliedenergistics2:item.ItemFacade:0, Cable Facade - Coral Orange
appliedenergistics2:item.ItemFacade:0, Cable Facade - Coral White
appliedenergistics2:item.ItemFacade:0, Cable Facade - Degraded Steel
appliedenergistics2:item.ItemFacade:0, Cable Facade - Decayed Brick
appliedenergistics2:item.ItemFacade:0, Cable Facade - Runic Brick
appliedenergistics2:item.ItemFacade:0, Cable Facade - Runic Construct Bricks
appliedenergistics2:item.ItemFacade:0, Cable Facade - Runic Neon
appliedenergistics2:item.ItemFacade:0, Cable Facade - Baron Bricks
appliedenergistics2:item.ItemFacade:0, Cable Facade - Baron Cube
appliedenergistics2:item.ItemFacade:0, Cable Facade - Baron Ground
appliedenergistics2:item.ItemFacade:0, Cable Facade - Baron Stone
appliedenergistics2:item.ItemFacade:0, Cable Facade - Varsium Ore
appliedenergistics2:item.ItemFacade:0, Cable Facade - Elecanium Ore
appliedenergistics2:item.ItemFacade:0, Cable Facade - Baronyte Ore
appliedenergistics2:item.ItemFacade:0, Cable Facade - Dark Bricks
appliedenergistics2:item.ItemFacade:0, Cable Facade - Greckon Bricks
appliedenergistics2:item.ItemFacade:0, Cable Facade - Dark Face Brick
appliedenergistics2:item.ItemFacade:0, Cable Facade - Black Mushroom
appliedenergistics2:item.ItemFacade:0, Cable Facade - Black Mushroom Stem
appliedenergistics2:item.ItemFacade:0, Cable Facade - Deep Rock
appliedenergistics2:item.ItemFacade:0, Cable Facade - Deep Rocks
appliedenergistics2:item.ItemFacade:0, Cable Facade - Cog Block
appliedenergistics2:item.ItemFacade:0, Cable Facade - Barathos Hellstone
appliedenergistics2:item.ItemFacade:0, Cable Facade - Blazium Ore
appliedenergistics2:item.ItemFacade:0, Cable Facade - Toxic Stem
appliedenergistics2:item.ItemFacade:0, Cable Facade - Life Rune Post
appliedenergistics2:item.ItemFacade:0, Cable Facade - Water Rune Post
appliedenergistics2:item.ItemFacade:0, Cable Facade - Fire Rune Post
appliedenergistics2:item.ItemFacade:0, Cable Facade - Energy Rune Post
appliedenergistics2:item.ItemFacade:0, Cable Facade - Poison Rune Post
appliedenergistics2:item.ItemFacade:0, Cable Facade - Wither Rune Post
appliedenergistics2:item.ItemFacade:0, Cable Facade - Lunar Rune Post
appliedenergistics2:item.ItemFacade:0, Cable Facade - Kinetic Rune Post
appliedenergistics2:item.ItemFacade:0, Cable Facade - Storm Rune Post
appliedenergistics2:item.ItemFacade:0, Cable Facade - Wind Rune Post
appliedenergistics2:item.ItemFacade:0, Cable Facade - Strike Rune Post
appliedenergistics2:item.ItemFacade:0, Cable Facade - Power Rune Post
appliedenergistics2:item.ItemFacade:0, Cable Facade - Distortion Rune Post
appliedenergistics2:item.ItemFacade:0, Cable Facade - Unbreakable Iro Brick
appliedenergistics2:item.ItemFacade:0, Cable Facade - Unbreakable Stem
appliedenergistics2:item.ItemFacade:0, Cable Facade - Black Petals
appliedenergistics2:item.ItemFacade:0, Cable Facade - Rosidian Bricks
appliedenergistics2:item.ItemFacade:0, Cable Facade - Gardencian Bricks
appliedenergistics2:item.ItemFacade:0, Cable Facade - Hive Wall
appliedenergistics2:item.ItemFacade:0, Cable Facade - Baron Castle Wall
appliedenergistics2:item.ItemFacade:0, Cable Facade - Sunfire Orb
appliedenergistics2:item.ItemFacade:0, Cable Facade - Moonlight Orb
appliedenergistics2:item.ItemFacade:0, Cable Facade - Dusk Orb
appliedenergistics2:item.ItemFacade:0, Cable Facade - Darklight Orb
appliedenergistics2:item.ItemFacade:0, Cable Facade - Lunar Orb
appliedenergistics2:item.ItemFacade:0, Cable Facade - Deep Rock
appliedenergistics2:item.ItemFacade:0, Cable Facade - Runium Ore
appliedenergistics2:item.ItemFacade:0, Cable Facade - Charged Runium Ore
appliedenergistics2:item.ItemFacade:0, Cable Facade - Runic Bricks
appliedenergistics2:item.ItemFacade:0, Cable Facade - Lab Brick
appliedenergistics2:item.ItemFacade:0, Cable Facade - Lab Walls
appliedenergistics2:item.ItemFacade:0, Cable Facade - Green Lab Brick
appliedenergistics2:item.ItemFacade:0, Cable Facade - Donut Lab Lamp
appliedenergistics2:item.ItemFacade:0, Cable Facade - Irowood Planks
appliedenergistics2:item.ItemFacade:0, Cable Facade - Hauntedwood Planks
appliedenergistics2:item.ItemFacade:0, Cable Facade - Runic Planks
appliedenergistics2:item.ItemFacade:0, Cable Facade - Toxicwood Planks
appliedenergistics2:item.ItemFacade:0, Cable Facade - Leveled Brick
appliedenergistics2:item.ItemFacade:0, Cable Facade - Leveled Brick
appliedenergistics2:item.ItemFacade:0, Cable Facade - Leveled Walls
appliedenergistics2:item.ItemFacade:0, Cable Facade - Darkin Brick
appliedenergistics2:item.ItemFacade:0, Cable Facade - Darkin Walls
appliedenergistics2:item.ItemFacade:0, Cable Facade - Darkin Brick
appliedenergistics2:item.ItemFacade:0, Cable Facade - Lelyetia Stone
appliedenergistics2:item.ItemFacade:0, Cable Facade - Ancient Rock
appliedenergistics2:item.ItemFacade:0, Cable Facade - Ancient Red Tile
appliedenergistics2:item.ItemFacade:0, Cable Facade - Ancient Bright Tile
appliedenergistics2:item.ItemFacade:0, Cable Facade - Ancient Black Tile
appliedenergistics2:item.ItemFacade:0, Cable Facade - Ancient Tile Core
appliedenergistics2:item.ItemFacade:0, Cable Facade - Ancient Shrine Tile
appliedenergistics2:item.ItemFacade:0, Cable Facade - Ancient Lamp
appliedenergistics2:item.ItemFacade:0, Cable Facade - Lelyetian Bricks
appliedenergistics2:item.ItemFacade:0, Cable Facade - Paravite Hive
appliedenergistics2:item.ItemFacade:0, Cable Facade - Celeve Dirt
appliedenergistics2:item.ItemFacade:0, Cable Facade - Crystevia Rock
appliedenergistics2:item.ItemFacade:0, Cable Facade - Purple Crystal Ore
appliedenergistics2:item.ItemFacade:0, Cable Facade - Blue Crystal Ore
appliedenergistics2:item.ItemFacade:0, Cable Facade - Green Crystal Ore
appliedenergistics2:item.ItemFacade:0, Cable Facade - Yellow Crystal Ore
appliedenergistics2:item.ItemFacade:0, Cable Facade - Red Crystal Ore
appliedenergistics2:item.ItemFacade:0, Cable Facade - White Crystal Ore
appliedenergistics2:item.ItemFacade:0, Cable Facade - Compass Rune post
appliedenergistics2:item.ItemFacade:0, Cable Facade - Churry Planks
appliedenergistics2:item.ItemFacade:0, Cable Facade - Achony Planks
appliedenergistics2:item.ItemFacade:0, Cable Facade - Blueshroom Planks
appliedenergistics2:item.ItemFacade:0, Cable Facade - Greenshroom Planks
appliedenergistics2:item.ItemFacade:0, Cable Facade - Yellowshroom Planks
appliedenergistics2:item.ItemFacade:0, Cable Facade - Orangeshroom Planks
appliedenergistics2:item.ItemFacade:0, Cable Facade - Purpleshroom Planks
appliedenergistics2:item.ItemFacade:0, Cable Facade - Crystevian Bricks
appliedenergistics2:item.ItemFacade:0, Cable Facade - Candied Dirt
appliedenergistics2:item.ItemFacade:0, Cable Facade - Chocolate
appliedenergistics2:item.ItemFacade:0, Cable Facade - Dark Chocolate
appliedenergistics2:item.ItemFacade:0, Cable Facade - White Chocolate
appliedenergistics2:item.ItemFacade:0, Cable Facade - Red Candy
appliedenergistics2:item.ItemFacade:0, Cable Facade - Green Candy
appliedenergistics2:item.ItemFacade:0, Cable Facade - White Candy
appliedenergistics2:item.ItemFacade:0, Cable Facade - Plastic
appliedenergistics2:item.ItemFacade:0, Cable Facade - Cotton Candy
appliedenergistics2:item.ItemFacade:0, Cable Facade - Cotton Candy
appliedenergistics2:item.ItemFacade:0, Cable Facade - Patterned Ivory
appliedenergistics2:item.ItemFacade:0, Cable Facade - Patterned Amethyst Ivory
appliedenergistics2:item.ItemFacade:0, Cable Facade - Patterned Rosite Ivory
appliedenergistics2:item.ItemFacade:0, Cable Facade - Patterned Limonite Ivory
appliedenergistics2:item.ItemFacade:0, Cable Facade - Patterned Jade Ivory
appliedenergistics2:item.ItemFacade:0, Cable Facade - Patterned Sapphire Ivory
appliedenergistics2:item.ItemFacade:0, Cable Facade - Patterned Ivory
appliedenergistics2:item.ItemFacade:0, Cable Facade - Patterned Amethyst Ivory
appliedenergistics2:item.ItemFacade:0, Cable Facade - Patterned Rosite Ivory
appliedenergistics2:item.ItemFacade:0, Cable Facade - Patterned Limonite Ivory
appliedenergistics2:item.ItemFacade:0, Cable Facade - Patterned Jade Ivory
appliedenergistics2:item.ItemFacade:0, Cable Facade - Patterned Sapphire Ivory
appliedenergistics2:item.ItemFacade:0, Cable Facade - Patterned Ivory
appliedenergistics2:item.ItemFacade:0, Cable Facade - Patterned Amethyst Ivory
appliedenergistics2:item.ItemFacade:0, Cable Facade - Patterned Rosite Ivory
appliedenergistics2:item.ItemFacade:0, Cable Facade - Patterned Limonite Ivory
appliedenergistics2:item.ItemFacade:0, Cable Facade - Patterned Jade Ivory
appliedenergistics2:item.ItemFacade:0, Cable Facade - Patterned Sapphire Ivory
appliedenergistics2:item.ItemFacade:0, Cable Facade - Gingerbread
appliedenergistics2:item.ItemFacade:0, Cable Facade - Archaic Dirt
appliedenergistics2:item.ItemFacade:0, Cable Facade - Archaic Tiles
appliedenergistics2:item.ItemFacade:0, Cable Facade - Archaic Squares
appliedenergistics2:item.ItemFacade:0, Cable Facade - Archaic Rectangles
appliedenergistics2:item.ItemFacade:0, Cable Facade - Archaic Stream: Horizontal
appliedenergistics2:item.ItemFacade:0, Cable Facade - Archaic Stream: Vertical
appliedenergistics2:item.ItemFacade:0, Cable Facade - Creeponia Dirt
appliedenergistics2:item.ItemFacade:0, Cable Facade - Creep Stone
appliedenergistics2:item.ItemFacade:0, Cable Facade - Unstable Stone
appliedenergistics2:item.ItemFacade:0, Cable Facade - Primed Stone
appliedenergistics2:item.ItemFacade:0, Cable Facade - Enhancer: Damage
appliedenergistics2:item.ItemFacade:0, Cable Facade - Enhancer: Durability
appliedenergistics2:item.ItemFacade:0, Cable Facade - Enhancer: Speed
appliedenergistics2:item.ItemFacade:0, Cable Facade - Enhancer: Weight
appliedenergistics2:item.ItemFacade:0, Cable Facade - Enhancer: Magic
appliedenergistics2:item.ItemFacade:0, Cable Facade - Enhancer: Resistance
appliedenergistics2:item.ItemFacade:0, Cable Facade - Jewelyte Ore
appliedenergistics2:item.ItemFacade:0, Cable Facade - Gemenyte Ore
appliedenergistics2:item.ItemFacade:0, Cable Facade - Ornamyte Ore
appliedenergistics2:item.ItemFacade:0, Cable Facade - Gold Accumulator
appliedenergistics2:item.ItemFacade:0, Cable Facade - Pure Gold Accumulator
appliedenergistics2:item.ItemFacade:0, Cable Facade - Immortallis Progressor
appliedenergistics2:item.ItemFacade:0, Cable Facade - Immortallis Progressor
appliedenergistics2:item.ItemFacade:0, Cable Facade - Immortallis Progressor
appliedenergistics2:item.ItemFacade:0, Cable Facade - Immortallis Progressor
appliedenergistics2:item.ItemFacade:0, Cable Facade - Immortallis Progressor
appliedenergistics2:item.ItemFacade:0, Cable Facade - Immortallis Progressor
appliedenergistics2:item.ItemFacade:0, Cable Facade - Immortallis Progressor
appliedenergistics2:item.ItemFacade:0, Cable Facade - Immortallis Progressor
appliedenergistics2:item.ItemFacade:0, Cable Facade - Immortallis Progressor
appliedenergistics2:item.ItemFacade:0, Cable Facade - Creeponian Bricks
appliedenergistics2:item.ItemFacade:0, Cable Facade - Creep Planks
appliedenergistics2:item.ItemFacade:0, Cable Facade - Celevus Planks
appliedenergistics2:item.ItemFacade:0, Cable Facade - Blood Wood
appliedenergistics2:item.ItemFacade:0, Cable Facade - Shadow Wood
appliedenergistics2:item.ItemFacade:0, Cable Facade - Rockrider Shrine
appliedenergistics2:item.ItemFacade:0, Cable Facade - Shadow Altar
appliedenergistics2:item.ItemFacade:0, Cable Facade - Guardian Altar
appliedenergistics2:item.ItemFacade:0, Cable Facade - White Wash Table
appliedenergistics2:item.ItemFacade:0, Cable Facade - Stranglewood
appliedenergistics2:item.ItemFacade:0, Cable Facade - Lucalus Wood
appliedenergistics2:item.ItemFacade:0, Cable Facade - Cycade Wood
appliedenergistics2:item.ItemFacade:0, Cable Facade - Shadonantium
appliedenergistics2:item.ItemFacade:0, Cable Facade - Emberium
appliedenergistics2:item.ItemFacade:0, Cable Facade - Crystallanium
appliedenergistics2:item.ItemFacade:0, Cable Facade - Skeletanium
appliedenergistics2:item.ItemFacade:0, Cable Facade - Toxic Block
appliedenergistics2:item.ItemFacade:0, Cable Facade - Tentacle
appliedenergistics2:item.ItemFacade:0, Cable Facade - Red Tentacle Eye
appliedenergistics2:item.ItemFacade:0, Cable Facade - Orange Tentacle Eye
appliedenergistics2:item.ItemFacade:0, Cable Facade - Illusion Altar
appliedenergistics2:item.ItemFacade:0, Cable Facade - Eyeball Wood
appliedenergistics2:item.ItemFacade:0, Cable Facade - Eye Block
appliedenergistics2:item.ItemFacade:0, Cable Facade - Blue Mushroom Stem
appliedenergistics2:item.ItemFacade:0, Cable Facade - Green Mushroom Stem
appliedenergistics2:item.ItemFacade:0, Cable Facade - Yellow Mushroom Stem
appliedenergistics2:item.ItemFacade:0, Cable Facade - Orange Mushroom Stem
appliedenergistics2:item.ItemFacade:0, Cable Facade - Purple Mushroom Stem
appliedenergistics2:item.ItemFacade:0, Cable Facade - Kaiyu Temple Pattern
appliedenergistics2:item.ItemFacade:0, Cable Facade - Kaiyu Temple Pattern
appliedenergistics2:item.ItemFacade:0, Cable Facade - Kaiyu Temple Pattern
appliedenergistics2:item.ItemFacade:0, Cable Facade - Kaiyu Temple Pattern
appliedenergistics2:item.ItemFacade:0, Cable Facade - Runic Block
appliedenergistics2:item.ItemFacade:0, Cable Facade - Army Block
appliedenergistics2:item.ItemFacade:0, Cable Facade - Iromine Wood
appliedenergistics2:item.ItemFacade:0, Cable Facade - Lunide Wood
appliedenergistics2:item.ItemFacade:0, Cable Facade - Haunted Wood
appliedenergistics2:item.ItemFacade:0, Cable Facade - Haunted Red Eyes
appliedenergistics2:item.ItemFacade:0, Cable Facade - Haunted Large Eye
appliedenergistics2:item.ItemFacade:0, Cable Facade - Haunted Flashing Face
appliedenergistics2:item.ItemFacade:0, Cable Facade - Purpling Haunted Wood
appliedenergistics2:item.ItemFacade:0, Cable Facade - Dawn Wood
appliedenergistics2:item.ItemFacade:0, Cable Facade - Lunar Pad
appliedenergistics2:item.ItemFacade:0, Cable Facade - Lunar Creation Table
appliedenergistics2:item.ItemFacade:0, Cable Facade - Toxic Wood
appliedenergistics2:item.ItemFacade:0, Cable Facade - Toxic Waste
appliedenergistics2:item.ItemFacade:0, Cable Facade - Steel Light
appliedenergistics2:item.ItemFacade:0, Cable Facade - Dustopian Lamp Off
appliedenergistics2:item.ItemFacade:0, Cable Facade - Primordial Shrine
appliedenergistics2:item.ItemFacade:0, Cable Facade - Runic Wood
appliedenergistics2:item.ItemFacade:0, Cable Facade - Lunar Enrichment Table
appliedenergistics2:item.ItemFacade:0, Cable Facade - Rune Shrine
appliedenergistics2:item.ItemFacade:0, Cable Facade - Declogging Table
appliedenergistics2:item.ItemFacade:0, Cable Facade - Aquatic Lamp Off
appliedenergistics2:item.ItemFacade:0, Cable Facade - Kror Altar
appliedenergistics2:item.ItemFacade:0, Cable Facade - Dracyon Altar
appliedenergistics2:item.ItemFacade:0, Cable Facade - Visualent Altar
appliedenergistics2:item.ItemFacade:0, Cable Facade - Vinocorne Shrine
appliedenergistics2:item.ItemFacade:0, Cable Facade - Voxxulon Altar
appliedenergistics2:item.ItemFacade:0, Cable Facade - Mineralization Station
appliedenergistics2:item.ItemFacade:0, Cable Facade - Enigma Table
appliedenergistics2:item.ItemFacade:0, Cable Facade - Recreation Station
appliedenergistics2:item.ItemFacade:0, Cable Facade - Rune Randomizer
appliedenergistics2:item.ItemFacade:0, Cable Facade - Hive Spawner
appliedenergistics2:item.ItemFacade:0, Cable Facade - Clunkhead Altar
appliedenergistics2:item.ItemFacade:0, Cable Facade - Silverfoot Altar
appliedenergistics2:item.ItemFacade:0, Cable Facade - Lotto Vox Crate
appliedenergistics2:item.ItemFacade:0, Cable Facade - Store Vox Crate
appliedenergistics2:item.ItemFacade:0, Cable Facade - Petal Crafting Station
appliedenergistics2:item.ItemFacade:0, Cable Facade - Haunting Table
appliedenergistics2:item.ItemFacade:0, Cable Facade - Iro Crate
appliedenergistics2:item.ItemFacade:0, Cable Facade - Striped Iro Brick
appliedenergistics2:item.ItemFacade:0, Cable Facade - Eternal Wood
appliedenergistics2:item.ItemFacade:0, Cable Facade - Lab Post
appliedenergistics2:item.ItemFacade:0, Cable Facade - Deepcase
appliedenergistics2:item.ItemFacade:0, Cable Facade - Exoid Station
appliedenergistics2:item.ItemFacade:0, Cable Facade - Achony Wood
appliedenergistics2:item.ItemFacade:0, Cable Facade - Churry Wood
appliedenergistics2:item.ItemFacade:0, Cable Facade - Carved Rune
appliedenergistics2:item.ItemFacade:0, Cable Facade - Carved Rune
appliedenergistics2:item.ItemFacade:0, Cable Facade - Carved Rune
appliedenergistics2:item.ItemFacade:0, Cable Facade - Carved Rune
appliedenergistics2:item.ItemFacade:0, Cable Facade - Selyan Shrine
appliedenergistics2:item.ItemFacade:0, Cable Facade - Luxon Shrine
appliedenergistics2:item.ItemFacade:0, Cable Facade - Pluton Shrine
appliedenergistics2:item.ItemFacade:0, Cable Facade - Erebon Shrine
appliedenergistics2:item.ItemFacade:0, Cable Facade - Creation Forge
appliedenergistics2:item.ItemFacade:0, Cable Facade - Infusion Table
appliedenergistics2:item.ItemFacade:0, Cable Facade - Graw Altar
appliedenergistics2:item.ItemFacade:0, Cable Facade - Celeve Stem
appliedenergistics2:item.ItemFacade:0, Cable Facade - Toy Box
appliedenergistics2:item.ItemFacade:0, Cable Facade - Crystal Creator
appliedenergistics2:item.ItemFacade:0, Cable Facade - Crystal Creator
appliedenergistics2:item.ItemFacade:0, Cable Facade - Crystal Creator
appliedenergistics2:item.ItemFacade:0, Cable Facade - Crystal Creator
appliedenergistics2:item.ItemFacade:0, Cable Facade - Crystal Creator
appliedenergistics2:item.ItemFacade:0, Cable Facade - Crystal Creator
appliedenergistics2:item.ItemFacade:0, Cable Facade - Power Station
appliedenergistics2:item.ItemFacade:0, Cable Facade - Crystal Extension Shrine
appliedenergistics2:item.ItemFacade:0, Cable Facade - Divine Station
appliedenergistics2:item.ItemFacade:0, Cable Facade - Mending Table
appliedenergistics2:item.ItemFacade:0, Cable Facade - Candy Block
appliedenergistics2:item.ItemFacade:0, Cable Facade - Creep Wood
appliedenergistics2:item.ItemFacade:0, Cable Facade - Carved Rune
appliedenergistics2:item.ItemFacade:0, Cable Facade - Creep Altar
appliedenergistics2:item.ItemFacade:0, Cable Facade - Tentacle
appliedenergistics2:item.ItemFacade:0, Cable Facade - Tentacle
appliedenergistics2:item.ItemFacade:0, Cable Facade - Tentacle
appliedenergistics2:item.ItemFacade:0, Cable Facade - Binary block
appliedenergistics2:item.ItemFacade:0, Cable Facade - Inversed binary block
appliedenergistics2:item.ItemFacade:0, Cable Facade - Bugged block
appliedenergistics2:item.ItemFacade:0, Cable Facade - Informatical netherrack
appliedenergistics2:item.ItemFacade:0, Cable Facade - Informatical endstone
appliedenergistics2:item.ItemFacade:0, Cable Facade - Informatical stone
appliedenergistics2:item.ItemFacade:0, Cable Facade - Informatical binaryblock
appliedenergistics2:item.ItemFacade:0, Cable Facade - Informatical ore
appliedenergistics2:item.ItemFacade:0, Cable Facade - Source code
appliedenergistics2:item.ItemFacade:0, Cable Facade - Code block
appliedenergistics2:item.ItemFacade:0, Cable Facade - Informatical block
appliedenergistics2:item.ItemFacade:0, Cable Facade - Dungeon block
appliedenergistics2:item.ItemFacade:0, Cable Facade - Melanged binary block
appliedenergistics2:item.ItemFacade:0, Cable Facade - Binary slab
appliedenergistics2:item.ItemFacade:0, Cable Facade - Inversed binary slab
appliedenergistics2:item.ItemFacade:0, Cable Facade - Block of Coal Coke
appliedenergistics2:item.ItemFacade:0, Cable Facade - Block of Copper
appliedenergistics2:item.ItemFacade:0, Cable Facade - Block of Tin
appliedenergistics2:item.ItemFacade:0, Cable Facade - Block of Lead
appliedenergistics2:item.ItemFacade:0, Cable Facade - Block of Steel
appliedenergistics2:item.ItemFacade:0, Cable Facade - Block of Concrete
appliedenergistics2:item.ItemFacade:0, Cable Facade - Creosote Wood Block
appliedenergistics2:item.ItemFacade:0, Cable Facade - Crushed Obsidian
appliedenergistics2:item.ItemFacade:0, Cable Facade - Abyssal Stone
appliedenergistics2:item.ItemFacade:0, Cable Facade - Quarried Stone
appliedenergistics2:item.ItemFacade:0, Cable Facade - Abyssal Brick
appliedenergistics2:item.ItemFacade:0, Cable Facade - Fitted Abyssal Stone
appliedenergistics2:item.ItemFacade:0, Cable Facade - Abyssal Block
appliedenergistics2:item.ItemFacade:0, Cable Facade - Ornate Abyssal Stone
appliedenergistics2:item.ItemFacade:0, Cable Facade - Etched Abyssal Stone
appliedenergistics2:item.ItemFacade:0, Cable Facade - Abyssal Cobblestone
appliedenergistics2:item.ItemFacade:0, Cable Facade - Bleached Bone Brick
appliedenergistics2:item.ItemFacade:0, Cable Facade - Fitted Bleached Bone Stone
appliedenergistics2:item.ItemFacade:0, Cable Facade - Bleached Bone Block
appliedenergistics2:item.ItemFacade:0, Cable Facade - Ornate Bleached Bone Stone
appliedenergistics2:item.ItemFacade:0, Cable Facade - Etched Bleached Bone Stone
appliedenergistics2:item.ItemFacade:0, Cable Facade - Bleached Bone Cobblestone
appliedenergistics2:item.ItemFacade:0, Cable Facade - Blood Stained Brick
appliedenergistics2:item.ItemFacade:0, Cable Facade - Fitted Blood Stained Stone
appliedenergistics2:item.ItemFacade:0, Cable Facade - Blood Stained Block
appliedenergistics2:item.ItemFacade:0, Cable Facade - Ornate Blood Stained Stone
appliedenergistics2:item.ItemFacade:0, Cable Facade - Etched Blood Stained Stone
appliedenergistics2:item.ItemFacade:0, Cable Facade - Blood Stained Cobblestone
appliedenergistics2:item.ItemFacade:0, Cable Facade - Frost Bound Brick
appliedenergistics2:item.ItemFacade:0, Cable Facade - Fitted Frost Bound Stone
appliedenergistics2:item.ItemFacade:0, Cable Facade - Frost Bound Block
appliedenergistics2:item.ItemFacade:0, Cable Facade - Ornate Frost Bound Stone
appliedenergistics2:item.ItemFacade:0, Cable Facade - Etched Frost Bound Stone
appliedenergistics2:item.ItemFacade:0, Cable Facade - Frost Bound Cobblestone
appliedenergistics2:item.ItemFacade:0, Cable Facade - Infernal Brick
appliedenergistics2:item.ItemFacade:0, Cable Facade - Fitted Infernal Stone
appliedenergistics2:item.ItemFacade:0, Cable Facade - Infernal Block
appliedenergistics2:item.ItemFacade:0, Cable Facade - Ornate Infernal Stone
appliedenergistics2:item.ItemFacade:0, Cable Facade - Etched Infernal Stone
appliedenergistics2:item.ItemFacade:0, Cable Facade - Infernal Cobblestone
appliedenergistics2:item.ItemFacade:0, Cable Facade - Quarried Brick
appliedenergistics2:item.ItemFacade:0, Cable Facade - Fitted Quarried Stone
appliedenergistics2:item.ItemFacade:0, Cable Facade - Quarried Block
appliedenergistics2:item.ItemFacade:0, Cable Facade - Ornate Quarried Stone
appliedenergistics2:item.ItemFacade:0, Cable Facade - Etched Quarried Stone
appliedenergistics2:item.ItemFacade:0, Cable Facade - Quarried Cobblestone
appliedenergistics2:item.ItemFacade:0, Cable Facade - Sandy Brick
appliedenergistics2:item.ItemFacade:0, Cable Facade - Fitted Sandy Stone
appliedenergistics2:item.ItemFacade:0, Cable Facade - Sandy Block
appliedenergistics2:item.ItemFacade:0, Cable Facade - Ornate Sandy Stone
appliedenergistics2:item.ItemFacade:0, Cable Facade - Etched Sandy Stone
appliedenergistics2:item.ItemFacade:0, Cable Facade - Sandy Cobblestone
appliedenergistics2:item.ItemFacade:0, Cable Facade - Nether Brick
appliedenergistics2:item.ItemFacade:0, Cable Facade - Fitted Nether Stone
appliedenergistics2:item.ItemFacade:0, Cable Facade - Nether Block
appliedenergistics2:item.ItemFacade:0, Cable Facade - Ornate Nether Stone
appliedenergistics2:item.ItemFacade:0, Cable Facade - Etched Nether Stone
appliedenergistics2:item.ItemFacade:0, Cable Facade - Nether Cobblestone
appliedenergistics2:item.ItemFacade:0, Cable Facade - Strengthened Glass
appliedenergistics2:item.ItemFacade:0, Cable Facade - Strengthened Glass
appliedenergistics2:item.ItemFacade:0, Cable Facade - Strengthened Glass
appliedenergistics2:item.ItemFacade:0, Cable Facade - Strengthened Glass
appliedenergistics2:item.ItemFacade:0, Cable Facade - Strengthened Glass
appliedenergistics2:item.ItemFacade:0, Cable Facade - Strengthened Glass
appliedenergistics2:item.ItemFacade:0, Cable Facade - Strengthened Glass
appliedenergistics2:item.ItemFacade:0, Cable Facade - Strengthened Glass
appliedenergistics2:item.ItemFacade:0, Cable Facade - Strengthened Glass
appliedenergistics2:item.ItemFacade:0, Cable Facade - Strengthened Glass
appliedenergistics2:item.ItemFacade:0, Cable Facade - Strengthened Glass
appliedenergistics2:item.ItemFacade:0, Cable Facade - Strengthened Glass
appliedenergistics2:item.ItemFacade:0, Cable Facade - Strengthened Glass
appliedenergistics2:item.ItemFacade:0, Cable Facade - Strengthened Glass
appliedenergistics2:item.ItemFacade:0, Cable Facade - Strengthened Glass
appliedenergistics2:item.ItemFacade:0, Cable Facade - Strengthened Glass
appliedenergistics2:item.ItemFacade:0, Cable Facade - Sulfur Ore
appliedenergistics2:item.ItemFacade:0, Cable Facade - Saltpeter Ore
appliedenergistics2:item.ItemFacade:0, Cable Facade - Dark Diamond Ore
appliedenergistics2:item.ItemFacade:0, Cable Facade - Dark Emerald Ore
appliedenergistics2:item.ItemFacade:0, Cable Facade - Dark Lapis Lazuli Ore
appliedenergistics2:item.ItemFacade:0, Cable Facade - Firestone Ore
appliedenergistics2:item.ItemFacade:0, Cable Facade - Poor Iron Ore
appliedenergistics2:item.ItemFacade:0, Cable Facade - Poor Gold Ore
appliedenergistics2:item.ItemFacade:0, Cable Facade - Poor Copper Ore
appliedenergistics2:item.ItemFacade:0, Cable Facade - Poor Tin Ore
appliedenergistics2:item.ItemFacade:0, Cable Facade - Poor Lead Ore
appliedenergistics2:item.ItemFacade:0, Cable Facade - Block of Aluminum
appliedenergistics2:item.ItemFacade:0, Cable Facade - Block of Aluminum
appliedenergistics2:item.ItemFacade:0, Cable Facade - Block of Aluminum
appliedenergistics2:item.ItemFacade:0, Cable Facade - Block of Aluminum
appliedenergistics2:item.ItemFacade:0, Cable Facade - Block of Aluminum
appliedenergistics2:item.ItemFacade:0, Cable Facade - Block of Aluminum
appliedenergistics2:item.ItemFacade:0, Cable Facade - Andesite
appliedenergistics2:item.ItemFacade:0, Cable Facade - Andesite
appliedenergistics2:item.ItemFacade:0, Cable Facade - Andesite
appliedenergistics2:item.ItemFacade:0, Cable Facade - Andesite
appliedenergistics2:item.ItemFacade:0, Cable Facade - Andesite
appliedenergistics2:item.ItemFacade:0, Cable Facade - Andesite
appliedenergistics2:item.ItemFacade:0, Cable Facade - Andesite
appliedenergistics2:item.ItemFacade:0, Cable Facade - Anti Block
appliedenergistics2:item.ItemFacade:0, Cable Facade - Anti Block
appliedenergistics2:item.ItemFacade:0, Cable Facade - Anti Block
appliedenergistics2:item.ItemFacade:0, Cable Facade - Anti Block
appliedenergistics2:item.ItemFacade:0, Cable Facade - Anti Block
appliedenergistics2:item.ItemFacade:0, Cable Facade - Anti Block
appliedenergistics2:item.ItemFacade:0, Cable Facade - Anti Block
appliedenergistics2:item.ItemFacade:0, Cable Facade - Anti Block
appliedenergistics2:item.ItemFacade:0, Cable Facade - Anti Block
appliedenergistics2:item.ItemFacade:0, Cable Facade - Anti Block
appliedenergistics2:item.ItemFacade:0, Cable Facade - Anti Block
appliedenergistics2:item.ItemFacade:0, Cable Facade - Anti Block
appliedenergistics2:item.ItemFacade:0, Cable Facade - Anti Block
appliedenergistics2:item.ItemFacade:0, Cable Facade - Anti Block
appliedenergistics2:item.ItemFacade:0, Cable Facade - Anti Block
appliedenergistics2:item.ItemFacade:0, Cable Facade - Anti Block
appliedenergistics2:item.ItemFacade:0, Cable Facade - Bookshelf
appliedenergistics2:item.ItemFacade:0, Cable Facade - Bookshelf
appliedenergistics2:item.ItemFacade:0, Cable Facade - Bookshelf
appliedenergistics2:item.ItemFacade:0, Cable Facade - Bookshelf
appliedenergistics2:item.ItemFacade:0, Cable Facade - Bookshelf
appliedenergistics2:item.ItemFacade:0, Cable Facade - Bookshelf
appliedenergistics2:item.ItemFacade:0, Cable Facade - Bookshelf
appliedenergistics2:item.ItemFacade:0, Cable Facade - Bookshelf
appliedenergistics2:item.ItemFacade:0, Cable Facade - Brick Block
appliedenergistics2:item.ItemFacade:0, Cable Facade - Brick Block
appliedenergistics2:item.ItemFacade:0, Cable Facade - Brick Block
appliedenergistics2:item.ItemFacade:0, Cable Facade - Brick Block
appliedenergistics2:item.ItemFacade:0, Cable Facade - Brick Block
appliedenergistics2:item.ItemFacade:0, Cable Facade - Block of Bronze
appliedenergistics2:item.ItemFacade:0, Cable Facade - Block of Bronze
appliedenergistics2:item.ItemFacade:0, Cable Facade - Block of Bronze
appliedenergistics2:item.ItemFacade:0, Cable Facade - Block of Bronze
appliedenergistics2:item.ItemFacade:0, Cable Facade - Block of Bronze
appliedenergistics2:item.ItemFacade:0, Cable Facade - Block of Bronze
appliedenergistics2:item.ItemFacade:0, Cable Facade - Carpet
appliedenergistics2:item.ItemFacade:0, Cable Facade - Carpet
appliedenergistics2:item.ItemFacade:0, Cable Facade - Carpet
appliedenergistics2:item.ItemFacade:0, Cable Facade - Carpet
appliedenergistics2:item.ItemFacade:0, Cable Facade - Carpet
appliedenergistics2:item.ItemFacade:0, Cable Facade - Carpet
appliedenergistics2:item.ItemFacade:0, Cable Facade - Carpet
appliedenergistics2:item.ItemFacade:0, Cable Facade - Carpet
appliedenergistics2:item.ItemFacade:0, Cable Facade - Carpet
appliedenergistics2:item.ItemFacade:0, Cable Facade - Carpet
appliedenergistics2:item.ItemFacade:0, Cable Facade - Carpet
appliedenergistics2:item.ItemFacade:0, Cable Facade - Carpet
appliedenergistics2:item.ItemFacade:0, Cable Facade - Carpet
appliedenergistics2:item.ItemFacade:0, Cable Facade - Carpet
appliedenergistics2:item.ItemFacade:0, Cable Facade - Carpet
appliedenergistics2:item.ItemFacade:0, Cable Facade - Carpet
appliedenergistics2:item.ItemFacade:0, Cable Facade - Cobblestone
appliedenergistics2:item.ItemFacade:0, Cable Facade - Cobblestone
appliedenergistics2:item.ItemFacade:0, Cable Facade - Cobblestone
appliedenergistics2:item.ItemFacade:0, Cable Facade - Cobblestone
appliedenergistics2:item.ItemFacade:0, Cable Facade - Cobblestone
appliedenergistics2:item.ItemFacade:0, Cable Facade - Cobblestone
appliedenergistics2:item.ItemFacade:0, Cable Facade - Cobblestone
appliedenergistics2:item.ItemFacade:0, Cable Facade - Cobblestone
appliedenergistics2:item.ItemFacade:0, Cable Facade - Cobblestone
appliedenergistics2:item.ItemFacade:0, Cable Facade - Cobblestone
appliedenergistics2:item.ItemFacade:0, Cable Facade - Cobblestone
appliedenergistics2:item.ItemFacade:0, Cable Facade - Cobblestone
appliedenergistics2:item.ItemFacade:0, Cable Facade - Cobblestone
appliedenergistics2:item.ItemFacade:0, Cable Facade - Cobblestone
appliedenergistics2:item.ItemFacade:0, Cable Facade - Cobblestone
appliedenergistics2:item.ItemFacade:0, Cable Facade - Mossy Cobblestone
appliedenergistics2:item.ItemFacade:0, Cable Facade - Mossy Cobblestone
appliedenergistics2:item.ItemFacade:0, Cable Facade - Mossy Cobblestone
appliedenergistics2:item.ItemFacade:0, Cable Facade - Mossy Cobblestone
appliedenergistics2:item.ItemFacade:0, Cable Facade - Mossy Cobblestone
appliedenergistics2:item.ItemFacade:0, Cable Facade - Mossy Cobblestone
appliedenergistics2:item.ItemFacade:0, Cable Facade - Mossy Cobblestone
appliedenergistics2:item.ItemFacade:0, Cable Facade - Mossy Cobblestone
appliedenergistics2:item.ItemFacade:0, Cable Facade - Mossy Cobblestone
appliedenergistics2:item.ItemFacade:0, Cable Facade - Mossy Cobblestone
appliedenergistics2:item.ItemFacade:0, Cable Facade - Mossy Cobblestone
appliedenergistics2:item.ItemFacade:0, Cable Facade - Mossy Cobblestone
appliedenergistics2:item.ItemFacade:0, Cable Facade - Mossy Cobblestone
appliedenergistics2:item.ItemFacade:0, Cable Facade - Mossy Cobblestone
appliedenergistics2:item.ItemFacade:0, Cable Facade - Mossy Cobblestone
appliedenergistics2:item.ItemFacade:0, Cable Facade - Concrete
appliedenergistics2:item.ItemFacade:0, Cable Facade - Concrete
appliedenergistics2:item.ItemFacade:0, Cable Facade - Concrete
appliedenergistics2:item.ItemFacade:0, Cable Facade - Concrete
appliedenergistics2:item.ItemFacade:0, Cable Facade - Concrete
appliedenergistics2:item.ItemFacade:0, Cable Facade - Concrete
appliedenergistics2:item.ItemFacade:0, Cable Facade - Concrete
appliedenergistics2:item.ItemFacade:0, Cable Facade - Concrete
appliedenergistics2:item.ItemFacade:0, Cable Facade - Concrete
appliedenergistics2:item.ItemFacade:0, Cable Facade - Concrete
appliedenergistics2:item.ItemFacade:0, Cable Facade - Concrete
appliedenergistics2:item.ItemFacade:0, Cable Facade - Block of Copper
appliedenergistics2:item.ItemFacade:0, Cable Facade - Block of Copper
appliedenergistics2:item.ItemFacade:0, Cable Facade - Block of Copper
appliedenergistics2:item.ItemFacade:0, Cable Facade - Block of Copper
appliedenergistics2:item.ItemFacade:0, Cable Facade - Block of Copper
appliedenergistics2:item.ItemFacade:0, Cable Facade - Block of Copper
appliedenergistics2:item.ItemFacade:0, Cable Facade - Diamond Block
appliedenergistics2:item.ItemFacade:0, Cable Facade - Diamond Block
appliedenergistics2:item.ItemFacade:0, Cable Facade - Diamond Block
appliedenergistics2:item.ItemFacade:0, Cable Facade - Diamond Block
appliedenergistics2:item.ItemFacade:0, Cable Facade - Diamond Block
appliedenergistics2:item.ItemFacade:0, Cable Facade - Diamond Block
appliedenergistics2:item.ItemFacade:0, Cable Facade - Diamond Block
appliedenergistics2:item.ItemFacade:0, Cable Facade - Diamond Block
appliedenergistics2:item.ItemFacade:0, Cable Facade - Diamond Block
appliedenergistics2:item.ItemFacade:0, Cable Facade - Diamond Block
appliedenergistics2:item.ItemFacade:0, Cable Facade - Diamond Block
appliedenergistics2:item.ItemFacade:0, Cable Facade - Diamond Block
appliedenergistics2:item.ItemFacade:0, Cable Facade - Diorite
appliedenergistics2:item.ItemFacade:0, Cable Facade - Diorite
appliedenergistics2:item.ItemFacade:0, Cable Facade - Diorite
appliedenergistics2:item.ItemFacade:0, Cable Facade - Diorite
appliedenergistics2:item.ItemFacade:0, Cable Facade - Diorite
appliedenergistics2:item.ItemFacade:0, Cable Facade - Diorite
appliedenergistics2:item.ItemFacade:0, Cable Facade - Diorite
appliedenergistics2:item.ItemFacade:0, Cable Facade - Dirt
appliedenergistics2:item.ItemFacade:0, Cable Facade - Dirt
appliedenergistics2:item.ItemFacade:0, Cable Facade - Dirt
appliedenergistics2:item.ItemFacade:0, Cable Facade - Dirt
appliedenergistics2:item.ItemFacade:0, Cable Facade - Dirt
appliedenergistics2:item.ItemFacade:0, Cable Facade - Dirt
appliedenergistics2:item.ItemFacade:0, Cable Facade - Dirt
appliedenergistics2:item.ItemFacade:0, Cable Facade - Dirt
appliedenergistics2:item.ItemFacade:0, Cable Facade - Dirt
appliedenergistics2:item.ItemFacade:0, Cable Facade - Dirt
appliedenergistics2:item.ItemFacade:0, Cable Facade - Dirt
appliedenergistics2:item.ItemFacade:0, Cable Facade - Dirt
appliedenergistics2:item.ItemFacade:0, Cable Facade - Dirt
appliedenergistics2:item.ItemFacade:0, Cable Facade - Dirt
appliedenergistics2:item.ItemFacade:0, Cable Facade - Dirt
appliedenergistics2:item.ItemFacade:0, Cable Facade - Dirt
appliedenergistics2:item.ItemFacade:0, Cable Facade - Emerald Block
appliedenergistics2:item.ItemFacade:0, Cable Facade - Emerald Block
appliedenergistics2:item.ItemFacade:0, Cable Facade - Emerald Block
appliedenergistics2:item.ItemFacade:0, Cable Facade - Emerald Block
appliedenergistics2:item.ItemFacade:0, Cable Facade - Emerald Block
appliedenergistics2:item.ItemFacade:0, Cable Facade - Emerald Block
appliedenergistics2:item.ItemFacade:0, Cable Facade - Emerald Block
appliedenergistics2:item.ItemFacade:0, Cable Facade - Emerald Block
appliedenergistics2:item.ItemFacade:0, Cable Facade - Emerald Block
appliedenergistics2:item.ItemFacade:0, Cable Facade - Emerald Block
appliedenergistics2:item.ItemFacade:0, Cable Facade - Emerald Block
appliedenergistics2:item.ItemFacade:0, Cable Facade - End Stone
appliedenergistics2:item.ItemFacade:0, Cable Facade - End Stone
appliedenergistics2:item.ItemFacade:0, Cable Facade - End Stone
appliedenergistics2:item.ItemFacade:0, Cable Facade - End Stone
appliedenergistics2:item.ItemFacade:0, Cable Facade - End Stone
appliedenergistics2:item.ItemFacade:0, Cable Facade - End Stone
appliedenergistics2:item.ItemFacade:0, Cable Facade - End Stone
appliedenergistics2:item.ItemFacade:0, Cable Facade - End Stone
appliedenergistics2:item.ItemFacade:0, Cable Facade - End Stone
appliedenergistics2:item.ItemFacade:0, Cable Facade - End Stone
appliedenergistics2:item.ItemFacade:0, Cable Facade - End Stone
appliedenergistics2:item.ItemFacade:0, Cable Facade - End Stone
appliedenergistics2:item.ItemFacade:0, Cable Facade - End Stone
appliedenergistics2:item.ItemFacade:0, Cable Facade - End Stone
appliedenergistics2:item.ItemFacade:0, Cable Facade - Factory Block
appliedenergistics2:item.ItemFacade:0, Cable Facade - Factory Block
appliedenergistics2:item.ItemFacade:0, Cable Facade - Factory Block
appliedenergistics2:item.ItemFacade:0, Cable Facade - Factory Block
appliedenergistics2:item.ItemFacade:0, Cable Facade - Factory Block
appliedenergistics2:item.ItemFacade:0, Cable Facade - Factory Block
appliedenergistics2:item.ItemFacade:0, Cable Facade - Factory Block
appliedenergistics2:item.ItemFacade:0, Cable Facade - Factory Block
appliedenergistics2:item.ItemFacade:0, Cable Facade - Factory Block
appliedenergistics2:item.ItemFacade:0, Cable Facade - Factory Block
appliedenergistics2:item.ItemFacade:0, Cable Facade - Factory Block
appliedenergistics2:item.ItemFacade:0, Cable Facade - Factory Block
appliedenergistics2:item.ItemFacade:0, Cable Facade - Factory Block
appliedenergistics2:item.ItemFacade:0, Cable Facade - Factory Block
appliedenergistics2:item.ItemFacade:0, Cable Facade - Factory Block
appliedenergistics2:item.ItemFacade:0, Cable Facade - Factory Block
appliedenergistics2:item.ItemFacade:0, Cable Facade - Factory Block
appliedenergistics2:item.ItemFacade:0, Cable Facade - Factory Block
appliedenergistics2:item.ItemFacade:0, Cable Facade - Factory Block
appliedenergistics2:item.ItemFacade:0, Cable Facade - Factory Block
appliedenergistics2:item.ItemFacade:0, Cable Facade - Purpled Fantasy Block
appliedenergistics2:item.ItemFacade:0, Cable Facade - Purpled Fantasy Block
appliedenergistics2:item.ItemFacade:0, Cable Facade - Purpled Fantasy Block
appliedenergistics2:item.ItemFacade:0, Cable Facade - Purpled Fantasy Block
appliedenergistics2:item.ItemFacade:0, Cable Facade - Purpled Fantasy Block
appliedenergistics2:item.ItemFacade:0, Cable Facade - Purpled Fantasy Block
appliedenergistics2:item.ItemFacade:0, Cable Facade - Purpled Fantasy Block
appliedenergistics2:item.ItemFacade:0, Cable Facade - Purpled Fantasy Block
appliedenergistics2:item.ItemFacade:0, Cable Facade - Purpled Fantasy Block
appliedenergistics2:item.ItemFacade:0, Cable Facade - Purpled Fantasy Block
appliedenergistics2:item.ItemFacade:0, Cable Facade - Purpled Fantasy Block
appliedenergistics2:item.ItemFacade:0, Cable Facade - Purpled Fantasy Block
appliedenergistics2:item.ItemFacade:0, Cable Facade - Purpled Fantasy Block
appliedenergistics2:item.ItemFacade:0, Cable Facade - Purpled Fantasy Block
appliedenergistics2:item.ItemFacade:0, Cable Facade - Purpled Fantasy Block
appliedenergistics2:item.ItemFacade:0, Cable Facade - Purpled Fantasy Block
appliedenergistics2:item.ItemFacade:0, Cable Facade - Fantasy Block
appliedenergistics2:item.ItemFacade:0, Cable Facade - Fantasy Block
appliedenergistics2:item.ItemFacade:0, Cable Facade - Fantasy Block
appliedenergistics2:item.ItemFacade:0, Cable Facade - Fantasy Block
appliedenergistics2:item.ItemFacade:0, Cable Facade - Fantasy Block
appliedenergistics2:item.ItemFacade:0, Cable Facade - Fantasy Block
appliedenergistics2:item.ItemFacade:0, Cable Facade - Fantasy Block
appliedenergistics2:item.ItemFacade:0, Cable Facade - Fantasy Block
appliedenergistics2:item.ItemFacade:0, Cable Facade - Fantasy Block
appliedenergistics2:item.ItemFacade:0, Cable Facade - Fantasy Block
appliedenergistics2:item.ItemFacade:0, Cable Facade - Fantasy Block
appliedenergistics2:item.ItemFacade:0, Cable Facade - Fantasy Block
appliedenergistics2:item.ItemFacade:0, Cable Facade - Fantasy Block
appliedenergistics2:item.ItemFacade:0, Cable Facade - Fantasy Block
appliedenergistics2:item.ItemFacade:0, Cable Facade - Fantasy Block
appliedenergistics2:item.ItemFacade:0, Cable Facade - Fantasy Block
appliedenergistics2:item.ItemFacade:0, Cable Facade - Futura Block
appliedenergistics2:item.ItemFacade:0, Cable Facade - Futura Block
appliedenergistics2:item.ItemFacade:0, Cable Facade - Futura Block
appliedenergistics2:item.ItemFacade:0, Cable Facade - Futura Block
appliedenergistics2:item.ItemFacade:0, Cable Facade - Futura Block
appliedenergistics2:item.ItemFacade:0, Cable Facade - Futura Block
appliedenergistics2:item.ItemFacade:0, Cable Facade - Futura Circuit
appliedenergistics2:item.ItemFacade:0, Cable Facade - Futura Circuit
appliedenergistics2:item.ItemFacade:0, Cable Facade - Futura Circuit
appliedenergistics2:item.ItemFacade:0, Cable Facade - Futura Circuit
appliedenergistics2:item.ItemFacade:0, Cable Facade - Futura Circuit
appliedenergistics2:item.ItemFacade:0, Cable Facade - Futura Circuit
appliedenergistics2:item.ItemFacade:0, Cable Facade - Futura Circuit
appliedenergistics2:item.ItemFacade:0, Cable Facade - Futura Circuit
appliedenergistics2:item.ItemFacade:0, Cable Facade - Futura Circuit
appliedenergistics2:item.ItemFacade:0, Cable Facade - Futura Circuit
appliedenergistics2:item.ItemFacade:0, Cable Facade - Futura Circuit
appliedenergistics2:item.ItemFacade:0, Cable Facade - Futura Circuit
appliedenergistics2:item.ItemFacade:0, Cable Facade - Futura Circuit
appliedenergistics2:item.ItemFacade:0, Cable Facade - Futura Circuit
appliedenergistics2:item.ItemFacade:0, Cable Facade - Futura Circuit
appliedenergistics2:item.ItemFacade:0, Cable Facade - Futura Circuit
appliedenergistics2:item.ItemFacade:0, Cable Facade - Glass
appliedenergistics2:item.ItemFacade:0, Cable Facade - Glass
appliedenergistics2:item.ItemFacade:0, Cable Facade - Glass
appliedenergistics2:item.ItemFacade:0, Cable Facade - Glass
appliedenergistics2:item.ItemFacade:0, Cable Facade - Glass
appliedenergistics2:item.ItemFacade:0, Cable Facade - Glass
appliedenergistics2:item.ItemFacade:0, Cable Facade - Glass
appliedenergistics2:item.ItemFacade:0, Cable Facade - Glass
appliedenergistics2:item.ItemFacade:0, Cable Facade - Glass
appliedenergistics2:item.ItemFacade:0, Cable Facade - Glass
appliedenergistics2:item.ItemFacade:0, Cable Facade - Glass
appliedenergistics2:item.ItemFacade:0, Cable Facade - Glass
appliedenergistics2:item.ItemFacade:0, Cable Facade - Glass
appliedenergistics2:item.ItemFacade:0, Cable Facade - Glass
appliedenergistics2:item.ItemFacade:0, Cable Facade - Glass
appliedenergistics2:item.ItemFacade:0, Cable Facade - Glass
appliedenergistics2:item.ItemFacade:0, Cable Facade - Stained Glass
appliedenergistics2:item.ItemFacade:0, Cable Facade - Stained Glass
appliedenergistics2:item.ItemFacade:0, Cable Facade - Stained Glass
appliedenergistics2:item.ItemFacade:0, Cable Facade - Stained Glass
appliedenergistics2:item.ItemFacade:0, Cable Facade - Stained Glass
appliedenergistics2:item.ItemFacade:0, Cable Facade - Stained Glass
appliedenergistics2:item.ItemFacade:0, Cable Facade - Stained Glass
appliedenergistics2:item.ItemFacade:0, Cable Facade - Stained Glass
appliedenergistics2:item.ItemFacade:0, Cable Facade - Stained Glass
appliedenergistics2:item.ItemFacade:0, Cable Facade - Stained Glass
appliedenergistics2:item.ItemFacade:0, Cable Facade - Stained Glass
appliedenergistics2:item.ItemFacade:0, Cable Facade - Stained Glass
appliedenergistics2:item.ItemFacade:0, Cable Facade - Stained Glass
appliedenergistics2:item.ItemFacade:0, Cable Facade - Stained Glass
appliedenergistics2:item.ItemFacade:0, Cable Facade - Stained Glass
appliedenergistics2:item.ItemFacade:0, Cable Facade - Stained Glass
appliedenergistics2:item.ItemFacade:0, Cable Facade - Stained Glass
appliedenergistics2:item.ItemFacade:0, Cable Facade - Stained Glass
appliedenergistics2:item.ItemFacade:0, Cable Facade - Stained Glass
appliedenergistics2:item.ItemFacade:0, Cable Facade - Stained Glass
appliedenergistics2:item.ItemFacade:0, Cable Facade - Stained Glass
appliedenergistics2:item.ItemFacade:0, Cable Facade - Stained Glass
appliedenergistics2:item.ItemFacade:0, Cable Facade - Stained Glass
appliedenergistics2:item.ItemFacade:0, Cable Facade - Stained Glass
appliedenergistics2:item.ItemFacade:0, Cable Facade - Stained Glass
appliedenergistics2:item.ItemFacade:0, Cable Facade - Stained Glass
appliedenergistics2:item.ItemFacade:0, Cable Facade - Stained Glass
appliedenergistics2:item.ItemFacade:0, Cable Facade - Stained Glass
appliedenergistics2:item.ItemFacade:0, Cable Facade - Stained Glass
appliedenergistics2:item.ItemFacade:0, Cable Facade - Stained Glass
appliedenergistics2:item.ItemFacade:0, Cable Facade - Stained Glass
appliedenergistics2:item.ItemFacade:0, Cable Facade - Stained Glass
appliedenergistics2:item.ItemFacade:0, Cable Facade - Stained Glass
appliedenergistics2:item.ItemFacade:0, Cable Facade - Stained Glass
appliedenergistics2:item.ItemFacade:0, Cable Facade - Stained Glass
appliedenergistics2:item.ItemFacade:0, Cable Facade - Stained Glass
appliedenergistics2:item.ItemFacade:0, Cable Facade - Stained Glass
appliedenergistics2:item.ItemFacade:0, Cable Facade - Stained Glass
appliedenergistics2:item.ItemFacade:0, Cable Facade - Stained Glass
appliedenergistics2:item.ItemFacade:0, Cable Facade - Stained Glass
appliedenergistics2:item.ItemFacade:0, Cable Facade - Stained Glass
appliedenergistics2:item.ItemFacade:0, Cable Facade - Stained Glass
appliedenergistics2:item.ItemFacade:0, Cable Facade - Stained Glass
appliedenergistics2:item.ItemFacade:0, Cable Facade - Stained Glass
appliedenergistics2:item.ItemFacade:0, Cable Facade - Stained Glass
appliedenergistics2:item.ItemFacade:0, Cable Facade - Stained Glass
appliedenergistics2:item.ItemFacade:0, Cable Facade - Stained Glass
appliedenergistics2:item.ItemFacade:0, Cable Facade - Stained Glass
appliedenergistics2:item.ItemFacade:0, Cable Facade - Stained Glass
appliedenergistics2:item.ItemFacade:0, Cable Facade - Stained Glass
appliedenergistics2:item.ItemFacade:0, Cable Facade - Stained Glass
appliedenergistics2:item.ItemFacade:0, Cable Facade - Stained Glass
appliedenergistics2:item.ItemFacade:0, Cable Facade - Stained Glass
appliedenergistics2:item.ItemFacade:0, Cable Facade - Stained Glass
appliedenergistics2:item.ItemFacade:0, Cable Facade - Stained Glass
appliedenergistics2:item.ItemFacade:0, Cable Facade - Stained Glass
appliedenergistics2:item.ItemFacade:0, Cable Facade - Stained Glass
appliedenergistics2:item.ItemFacade:0, Cable Facade - Stained Glass
appliedenergistics2:item.ItemFacade:0, Cable Facade - Stained Glass
appliedenergistics2:item.ItemFacade:0, Cable Facade - Stained Glass
appliedenergistics2:item.ItemFacade:0, Cable Facade - Stained Glass
appliedenergistics2:item.ItemFacade:0, Cable Facade - Stained Glass
appliedenergistics2:item.ItemFacade:0, Cable Facade - Stained Glass
appliedenergistics2:item.ItemFacade:0, Cable Facade - Stained Glass
appliedenergistics2:item.ItemFacade:0, Cable Facade - Stained Glass
appliedenergistics2:item.ItemFacade:0, Cable Facade - Stained Glass
appliedenergistics2:item.ItemFacade:0, Cable Facade - Stained Glass
appliedenergistics2:item.ItemFacade:0, Cable Facade - Stained Glass
appliedenergistics2:item.ItemFacade:0, Cable Facade - Stained Glass
appliedenergistics2:item.ItemFacade:0, Cable Facade - Stained Glass
appliedenergistics2:item.ItemFacade:0, Cable Facade - Stained Glass
appliedenergistics2:item.ItemFacade:0, Cable Facade - Stained Glass
appliedenergistics2:item.ItemFacade:0, Cable Facade - Stained Glass
appliedenergistics2:item.ItemFacade:0, Cable Facade - Stained Glass
appliedenergistics2:item.ItemFacade:0, Cable Facade - Stained Glass
appliedenergistics2:item.ItemFacade:0, Cable Facade - Stained Glass
appliedenergistics2:item.ItemFacade:0, Cable Facade - Stained Glass
appliedenergistics2:item.ItemFacade:0, Cable Facade - Stained Glass
appliedenergistics2:item.ItemFacade:0, Cable Facade - Stained Glass
appliedenergistics2:item.ItemFacade:0, Cable Facade - Stained Glass
appliedenergistics2:item.ItemFacade:0, Cable Facade - Glowstone
appliedenergistics2:item.ItemFacade:0, Cable Facade - Glowstone
appliedenergistics2:item.ItemFacade:0, Cable Facade - Glowstone
appliedenergistics2:item.ItemFacade:0, Cable Facade - Glowstone
appliedenergistics2:item.ItemFacade:0, Cable Facade - Glowstone
appliedenergistics2:item.ItemFacade:0, Cable Facade - Glowstone
appliedenergistics2:item.ItemFacade:0, Cable Facade - Glowstone
appliedenergistics2:item.ItemFacade:0, Cable Facade - Glowstone
appliedenergistics2:item.ItemFacade:0, Cable Facade - Glowstone
appliedenergistics2:item.ItemFacade:0, Cable Facade - Glowstone
appliedenergistics2:item.ItemFacade:0, Cable Facade - Glowstone
appliedenergistics2:item.ItemFacade:0, Cable Facade - Glowstone
appliedenergistics2:item.ItemFacade:0, Cable Facade - Glowstone
appliedenergistics2:item.ItemFacade:0, Cable Facade - Glowstone
appliedenergistics2:item.ItemFacade:0, Cable Facade - Glowstone
appliedenergistics2:item.ItemFacade:0, Cable Facade - Block of Gold
appliedenergistics2:item.ItemFacade:0, Cable Facade - Block of Gold
appliedenergistics2:item.ItemFacade:0, Cable Facade - Block of Gold
appliedenergistics2:item.ItemFacade:0, Cable Facade - Block of Gold
appliedenergistics2:item.ItemFacade:0, Cable Facade - Block of Gold
appliedenergistics2:item.ItemFacade:0, Cable Facade - Block of Gold
appliedenergistics2:item.ItemFacade:0, Cable Facade - Gold Block
appliedenergistics2:item.ItemFacade:0, Cable Facade - Gold Block
appliedenergistics2:item.ItemFacade:0, Cable Facade - Gold Block
appliedenergistics2:item.ItemFacade:0, Cable Facade - Gold Block
appliedenergistics2:item.ItemFacade:0, Cable Facade - Gold Block
appliedenergistics2:item.ItemFacade:0, Cable Facade - Gold Block
appliedenergistics2:item.ItemFacade:0, Cable Facade - Gold Block
appliedenergistics2:item.ItemFacade:0, Cable Facade - Gold Block
appliedenergistics2:item.ItemFacade:0, Cable Facade - Gold Block
appliedenergistics2:item.ItemFacade:0, Cable Facade - Gold Block
appliedenergistics2:item.ItemFacade:0, Cable Facade - Gold Block
appliedenergistics2:item.ItemFacade:0, Cable Facade - Gold Block
appliedenergistics2:item.ItemFacade:0, Cable Facade - Gold Block
appliedenergistics2:item.ItemFacade:0, Cable Facade - Gold Block
appliedenergistics2:item.ItemFacade:0, Cable Facade - Granite
appliedenergistics2:item.ItemFacade:0, Cable Facade - Granite
appliedenergistics2:item.ItemFacade:0, Cable Facade - Granite
appliedenergistics2:item.ItemFacade:0, Cable Facade - Granite
appliedenergistics2:item.ItemFacade:0, Cable Facade - Granite
appliedenergistics2:item.ItemFacade:0, Cable Facade - Granite
appliedenergistics2:item.ItemFacade:0, Cable Facade - Granite
appliedenergistics2:item.ItemFacade:0, Cable Facade - Grimstone
appliedenergistics2:item.ItemFacade:0, Cable Facade - Grimstone
appliedenergistics2:item.ItemFacade:0, Cable Facade - Grimstone
appliedenergistics2:item.ItemFacade:0, Cable Facade - Grimstone
appliedenergistics2:item.ItemFacade:0, Cable Facade - Grimstone
appliedenergistics2:item.ItemFacade:0, Cable Facade - Grimstone
appliedenergistics2:item.ItemFacade:0, Cable Facade - Grimstone
appliedenergistics2:item.ItemFacade:0, Cable Facade - Grimstone
appliedenergistics2:item.ItemFacade:0, Cable Facade - Grimstone
appliedenergistics2:item.ItemFacade:0, Cable Facade - Grimstone
appliedenergistics2:item.ItemFacade:0, Cable Facade - Grimstone
appliedenergistics2:item.ItemFacade:0, Cable Facade - Grimstone
appliedenergistics2:item.ItemFacade:0, Cable Facade - Grimstone
appliedenergistics2:item.ItemFacade:0, Cable Facade - Grimstone
appliedenergistics2:item.ItemFacade:0, Cable Facade - Grimstone
appliedenergistics2:item.ItemFacade:0, Cable Facade - Hex Plating
appliedenergistics2:item.ItemFacade:0, Cable Facade - Hex Plating
appliedenergistics2:item.ItemFacade:0, Cable Facade - Hex Plating
appliedenergistics2:item.ItemFacade:0, Cable Facade - Hex Plating
appliedenergistics2:item.ItemFacade:0, Cable Facade - Hex Plating
appliedenergistics2:item.ItemFacade:0, Cable Facade - Hex Plating
appliedenergistics2:item.ItemFacade:0, Cable Facade - Hex Plating
appliedenergistics2:item.ItemFacade:0, Cable Facade - Hex Plating
appliedenergistics2:item.ItemFacade:0, Cable Facade - Hex Plating
appliedenergistics2:item.ItemFacade:0, Cable Facade - Hex Plating
appliedenergistics2:item.ItemFacade:0, Cable Facade - Hex Plating
appliedenergistics2:item.ItemFacade:0, Cable Facade - Hex Plating
appliedenergistics2:item.ItemFacade:0, Cable Facade - Hex Plating
appliedenergistics2:item.ItemFacade:0, Cable Facade - Hex Plating
appliedenergistics2:item.ItemFacade:0, Cable Facade - Hex Plating
appliedenergistics2:item.ItemFacade:0, Cable Facade - Hex Plating
appliedenergistics2:item.ItemFacade:0, Cable Facade - Large Hex Plating
appliedenergistics2:item.ItemFacade:0, Cable Facade - Large Hex Plating
appliedenergistics2:item.ItemFacade:0, Cable Facade - Large Hex Plating
appliedenergistics2:item.ItemFacade:0, Cable Facade - Large Hex Plating
appliedenergistics2:item.ItemFacade:0, Cable Facade - Large Hex Plating
appliedenergistics2:item.ItemFacade:0, Cable Facade - Large Hex Plating
appliedenergistics2:item.ItemFacade:0, Cable Facade - Large Hex Plating
appliedenergistics2:item.ItemFacade:0, Cable Facade - Large Hex Plating
appliedenergistics2:item.ItemFacade:0, Cable Facade - Large Hex Plating
appliedenergistics2:item.ItemFacade:0, Cable Facade - Large Hex Plating
appliedenergistics2:item.ItemFacade:0, Cable Facade - Large Hex Plating
appliedenergistics2:item.ItemFacade:0, Cable Facade - Large Hex Plating
appliedenergistics2:item.ItemFacade:0, Cable Facade - Large Hex Plating
appliedenergistics2:item.ItemFacade:0, Cable Facade - Large Hex Plating
appliedenergistics2:item.ItemFacade:0, Cable Facade - Large Hex Plating
appliedenergistics2:item.ItemFacade:0, Cable Facade - Large Hex Plating
appliedenergistics2:item.ItemFacade:0, Cable Facade - Holystone
appliedenergistics2:item.ItemFacade:0, Cable Facade - Holystone
appliedenergistics2:item.ItemFacade:0, Cable Facade - Holystone
appliedenergistics2:item.ItemFacade:0, Cable Facade - Holystone
appliedenergistics2:item.ItemFacade:0, Cable Facade - Holystone
appliedenergistics2:item.ItemFacade:0, Cable Facade - Holystone
appliedenergistics2:item.ItemFacade:0, Cable Facade - Holystone
appliedenergistics2:item.ItemFacade:0, Cable Facade - Holystone
appliedenergistics2:item.ItemFacade:0, Cable Facade - Holystone
appliedenergistics2:item.ItemFacade:0, Cable Facade - Holystone
appliedenergistics2:item.ItemFacade:0, Cable Facade - Holystone
appliedenergistics2:item.ItemFacade:0, Cable Facade - Holystone
appliedenergistics2:item.ItemFacade:0, Cable Facade - Holystone
appliedenergistics2:item.ItemFacade:0, Cable Facade - Holystone
appliedenergistics2:item.ItemFacade:0, Cable Facade - Block of Iron
appliedenergistics2:item.ItemFacade:0, Cable Facade - Block of Iron
appliedenergistics2:item.ItemFacade:0, Cable Facade - Block of Iron
appliedenergistics2:item.ItemFacade:0, Cable Facade - Block of Iron
appliedenergistics2:item.ItemFacade:0, Cable Facade - Block of Iron
appliedenergistics2:item.ItemFacade:0, Cable Facade - Block of Iron
appliedenergistics2:item.ItemFacade:0, Cable Facade - Iron Block
appliedenergistics2:item.ItemFacade:0, Cable Facade - Iron Block
appliedenergistics2:item.ItemFacade:0, Cable Facade - Iron Block
appliedenergistics2:item.ItemFacade:0, Cable Facade - Iron Block
appliedenergistics2:item.ItemFacade:0, Cable Facade - Iron Block
appliedenergistics2:item.ItemFacade:0, Cable Facade - Iron Block
appliedenergistics2:item.ItemFacade:0, Cable Facade - Iron Block
appliedenergistics2:item.ItemFacade:0, Cable Facade - Iron Block
appliedenergistics2:item.ItemFacade:0, Cable Facade - Iron Block
appliedenergistics2:item.ItemFacade:0, Cable Facade - Iron Block
appliedenergistics2:item.ItemFacade:0, Cable Facade - Iron Block
appliedenergistics2:item.ItemFacade:0, Cable Facade - Iron Block
appliedenergistics2:item.ItemFacade:0, Cable Facade - Iron Block
appliedenergistics2:item.ItemFacade:0, Cable Facade - Iron Block
appliedenergistics2:item.ItemFacade:0, Cable Facade - Iron Block
appliedenergistics2:item.ItemFacade:0, Cable Facade - Laboratory Block
appliedenergistics2:item.ItemFacade:0, Cable Facade - Laboratory Block
appliedenergistics2:item.ItemFacade:0, Cable Facade - Laboratory Block
appliedenergistics2:item.ItemFacade:0, Cable Facade - Laboratory Block
appliedenergistics2:item.ItemFacade:0, Cable Facade - Laboratory Block
appliedenergistics2:item.ItemFacade:0, Cable Facade - Laboratory Block
appliedenergistics2:item.ItemFacade:0, Cable Facade - Laboratory Block
appliedenergistics2:item.ItemFacade:0, Cable Facade - Laboratory Block
appliedenergistics2:item.ItemFacade:0, Cable Facade - Laboratory Block
appliedenergistics2:item.ItemFacade:0, Cable Facade - Laboratory Block
appliedenergistics2:item.ItemFacade:0, Cable Facade - Laboratory Block
appliedenergistics2:item.ItemFacade:0, Cable Facade - Laboratory Block
appliedenergistics2:item.ItemFacade:0, Cable Facade - Laboratory Block
appliedenergistics2:item.ItemFacade:0, Cable Facade - Laboratory Block
appliedenergistics2:item.ItemFacade:0, Cable Facade - Laboratory Block
appliedenergistics2:item.ItemFacade:0, Cable Facade - Laboratory Block
appliedenergistics2:item.ItemFacade:0, Cable Facade - Lapis Block
appliedenergistics2:item.ItemFacade:0, Cable Facade - Lapis Block
appliedenergistics2:item.ItemFacade:0, Cable Facade - Lapis Block
appliedenergistics2:item.ItemFacade:0, Cable Facade - Lapis Block
appliedenergistics2:item.ItemFacade:0, Cable Facade - Lapis Block
appliedenergistics2:item.ItemFacade:0, Cable Facade - Lapis Block
appliedenergistics2:item.ItemFacade:0, Cable Facade - Lapis Block
appliedenergistics2:item.ItemFacade:0, Cable Facade - Lapis Block
appliedenergistics2:item.ItemFacade:0, Cable Facade - Lavastone
appliedenergistics2:item.ItemFacade:0, Cable Facade - Lavastone
appliedenergistics2:item.ItemFacade:0, Cable Facade - Lavastone
appliedenergistics2:item.ItemFacade:0, Cable Facade - Lavastone
appliedenergistics2:item.ItemFacade:0, Cable Facade - Lavastone
appliedenergistics2:item.ItemFacade:0, Cable Facade - Lavastone
appliedenergistics2:item.ItemFacade:0, Cable Facade - Lavastone
appliedenergistics2:item.ItemFacade:0, Cable Facade - Lavastone
appliedenergistics2:item.ItemFacade:0, Cable Facade - Block of Lead
appliedenergistics2:item.ItemFacade:0, Cable Facade - Block of Lead
appliedenergistics2:item.ItemFacade:0, Cable Facade - Block of Lead
appliedenergistics2:item.ItemFacade:0, Cable Facade - Block of Lead
appliedenergistics2:item.ItemFacade:0, Cable Facade - Block of Lead
appliedenergistics2:item.ItemFacade:0, Cable Facade - Block of Lead
appliedenergistics2:item.ItemFacade:0, Cable Facade - Limestone
appliedenergistics2:item.ItemFacade:0, Cable Facade - Limestone
appliedenergistics2:item.ItemFacade:0, Cable Facade - Limestone
appliedenergistics2:item.ItemFacade:0, Cable Facade - Limestone
appliedenergistics2:item.ItemFacade:0, Cable Facade - Limestone
appliedenergistics2:item.ItemFacade:0, Cable Facade - Limestone
appliedenergistics2:item.ItemFacade:0, Cable Facade - Limestone
appliedenergistics2:item.ItemFacade:0, Cable Facade - Limestone
appliedenergistics2:item.ItemFacade:0, Cable Facade - Limestone
appliedenergistics2:item.ItemFacade:0, Cable Facade - Limestone
appliedenergistics2:item.ItemFacade:0, Cable Facade - Limestone
appliedenergistics2:item.ItemFacade:0, Cable Facade - Limestone
appliedenergistics2:item.ItemFacade:0, Cable Facade - Limestone
appliedenergistics2:item.ItemFacade:0, Cable Facade - Limestone
appliedenergistics2:item.ItemFacade:0, Cable Facade - Limestone
appliedenergistics2:item.ItemFacade:0, Cable Facade - Limestone
appliedenergistics2:item.ItemFacade:0, Cable Facade - Marble
appliedenergistics2:item.ItemFacade:0, Cable Facade - Marble
appliedenergistics2:item.ItemFacade:0, Cable Facade - Marble
appliedenergistics2:item.ItemFacade:0, Cable Facade - Marble
appliedenergistics2:item.ItemFacade:0, Cable Facade - Marble
appliedenergistics2:item.ItemFacade:0, Cable Facade - Marble
appliedenergistics2:item.ItemFacade:0, Cable Facade - Marble
appliedenergistics2:item.ItemFacade:0, Cable Facade - Marble
appliedenergistics2:item.ItemFacade:0, Cable Facade - Marble
appliedenergistics2:item.ItemFacade:0, Cable Facade - Marble
appliedenergistics2:item.ItemFacade:0, Cable Facade - Marble
appliedenergistics2:item.ItemFacade:0, Cable Facade - Marble
appliedenergistics2:item.ItemFacade:0, Cable Facade - Marble
appliedenergistics2:item.ItemFacade:0, Cable Facade - Marble
appliedenergistics2:item.ItemFacade:0, Cable Facade - Marble
appliedenergistics2:item.ItemFacade:0, Cable Facade - Marble
appliedenergistics2:item.ItemFacade:0, Cable Facade - Marble Pillar
appliedenergistics2:item.ItemFacade:0, Cable Facade - Marble Pillar
appliedenergistics2:item.ItemFacade:0, Cable Facade - Marble Pillar
appliedenergistics2:item.ItemFacade:0, Cable Facade - Marble Pillar
appliedenergistics2:item.ItemFacade:0, Cable Facade - Marble Pillar
appliedenergistics2:item.ItemFacade:0, Cable Facade - Marble Pillar
appliedenergistics2:item.ItemFacade:0, Cable Facade - Marble Pillar
appliedenergistics2:item.ItemFacade:0, Cable Facade - Marble Pillar
appliedenergistics2:item.ItemFacade:0, Cable Facade - Marble Pillar
appliedenergistics2:item.ItemFacade:0, Cable Facade - Marble Pillar
appliedenergistics2:item.ItemFacade:0, Cable Facade - Marble Pillar
appliedenergistics2:item.ItemFacade:0, Cable Facade - Marble Pillar
appliedenergistics2:item.ItemFacade:0, Cable Facade - Marble Pillar
appliedenergistics2:item.ItemFacade:0, Cable Facade - Marble Pillar
appliedenergistics2:item.ItemFacade:0, Cable Facade - Marble Pillar
appliedenergistics2:item.ItemFacade:0, Cable Facade - Marble Pillar
appliedenergistics2:item.ItemFacade:0, Cable Facade - Imperialistic Block
appliedenergistics2:item.ItemFacade:0, Cable Facade - Imperialistic Block
appliedenergistics2:item.ItemFacade:0, Cable Facade - Imperialistic Block
appliedenergistics2:item.ItemFacade:0, Cable Facade - Imperialistic Block
appliedenergistics2:item.ItemFacade:0, Cable Facade - Imperialistic Block
appliedenergistics2:item.ItemFacade:0, Cable Facade - Rebellious Block
appliedenergistics2:item.ItemFacade:0, Cable Facade - Rebellious Block
appliedenergistics2:item.ItemFacade:0, Cable Facade - Rebellious Block
appliedenergistics2:item.ItemFacade:0, Cable Facade - Rebellious Block
appliedenergistics2:item.ItemFacade:0, Cable Facade - Rebellious Block
appliedenergistics2:item.ItemFacade:0, Cable Facade - Nether Brick
appliedenergistics2:item.ItemFacade:0, Cable Facade - Nether Brick
appliedenergistics2:item.ItemFacade:0, Cable Facade - Nether Brick
appliedenergistics2:item.ItemFacade:0, Cable Facade - Nether Brick
appliedenergistics2:item.ItemFacade:0, Cable Facade - Nether Brick
appliedenergistics2:item.ItemFacade:0, Cable Facade - Nether Brick
appliedenergistics2:item.ItemFacade:0, Cable Facade - Nether Brick
appliedenergistics2:item.ItemFacade:0, Cable Facade - Nether Brick
appliedenergistics2:item.ItemFacade:0, Cable Facade - Nether Brick
appliedenergistics2:item.ItemFacade:0, Cable Facade - Nether Brick
appliedenergistics2:item.ItemFacade:0, Cable Facade - Nether Brick
appliedenergistics2:item.ItemFacade:0, Cable Facade - Nether Brick
appliedenergistics2:item.ItemFacade:0, Cable Facade - Nether Brick
appliedenergistics2:item.ItemFacade:0, Cable Facade - Nether Brick
appliedenergistics2:item.ItemFacade:0, Cable Facade - Nether Brick
appliedenergistics2:item.ItemFacade:0, Cable Facade - Netherrack
appliedenergistics2:item.ItemFacade:0, Cable Facade - Netherrack
appliedenergistics2:item.ItemFacade:0, Cable Facade - Netherrack
appliedenergistics2:item.ItemFacade:0, Cable Facade - Netherrack
appliedenergistics2:item.ItemFacade:0, Cable Facade - Netherrack
appliedenergistics2:item.ItemFacade:0, Cable Facade - Netherrack
appliedenergistics2:item.ItemFacade:0, Cable Facade - Netherrack
appliedenergistics2:item.ItemFacade:0, Cable Facade - Netherrack
appliedenergistics2:item.ItemFacade:0, Cable Facade - Netherrack
appliedenergistics2:item.ItemFacade:0, Cable Facade - Netherrack
appliedenergistics2:item.ItemFacade:0, Cable Facade - Netherrack
appliedenergistics2:item.ItemFacade:0, Cable Facade - Netherrack
appliedenergistics2:item.ItemFacade:0, Cable Facade - Netherrack
appliedenergistics2:item.ItemFacade:0, Cable Facade - Netherrack
appliedenergistics2:item.ItemFacade:0, Cable Facade - Obsidian
appliedenergistics2:item.ItemFacade:0, Cable Facade - Obsidian
appliedenergistics2:item.ItemFacade:0, Cable Facade - Obsidian
appliedenergistics2:item.ItemFacade:0, Cable Facade - Obsidian
appliedenergistics2:item.ItemFacade:0, Cable Facade - Obsidian
appliedenergistics2:item.ItemFacade:0, Cable Facade - Obsidian
appliedenergistics2:item.ItemFacade:0, Cable Facade - Obsidian
appliedenergistics2:item.ItemFacade:0, Cable Facade - Obsidian
appliedenergistics2:item.ItemFacade:0, Cable Facade - Obsidian
appliedenergistics2:item.ItemFacade:0, Cable Facade - Obsidian
appliedenergistics2:item.ItemFacade:0, Cable Facade - Obsidian
appliedenergistics2:item.ItemFacade:0, Cable Facade - Obsidian
appliedenergistics2:item.ItemFacade:0, Cable Facade - Obsidian
appliedenergistics2:item.ItemFacade:0, Cable Facade - Obsidian
appliedenergistics2:item.ItemFacade:0, Cable Facade - Obsidian
appliedenergistics2:item.ItemFacade:0, Cable Facade - Packed Ice
appliedenergistics2:item.ItemFacade:0, Cable Facade - Packed Ice
appliedenergistics2:item.ItemFacade:0, Cable Facade - Packed Ice
appliedenergistics2:item.ItemFacade:0, Cable Facade - Packed Ice
appliedenergistics2:item.ItemFacade:0, Cable Facade - Packed Ice
appliedenergistics2:item.ItemFacade:0, Cable Facade - Packed Ice
appliedenergistics2:item.ItemFacade:0, Cable Facade - Packed Ice
appliedenergistics2:item.ItemFacade:0, Cable Facade - Packed Ice
appliedenergistics2:item.ItemFacade:0, Cable Facade - Packed Ice
appliedenergistics2:item.ItemFacade:0, Cable Facade - Packed Ice
appliedenergistics2:item.ItemFacade:0, Cable Facade - Packed Ice
appliedenergistics2:item.ItemFacade:0, Cable Facade - Packed Ice
appliedenergistics2:item.ItemFacade:0, Cable Facade - Packed Ice
appliedenergistics2:item.ItemFacade:0, Cable Facade - Packed Ice
appliedenergistics2:item.ItemFacade:0, Cable Facade - Packed Ice
appliedenergistics2:item.ItemFacade:0, Cable Facade - Packed Ice Pillar
appliedenergistics2:item.ItemFacade:0, Cable Facade - Packed Ice Pillar
appliedenergistics2:item.ItemFacade:0, Cable Facade - Packed Ice Pillar
appliedenergistics2:item.ItemFacade:0, Cable Facade - Packed Ice Pillar
appliedenergistics2:item.ItemFacade:0, Cable Facade - Packed Ice Pillar
appliedenergistics2:item.ItemFacade:0, Cable Facade - Packed Ice Pillar
appliedenergistics2:item.ItemFacade:0, Cable Facade - Packed Ice Pillar
appliedenergistics2:item.ItemFacade:0, Cable Facade - Paperwall Block
appliedenergistics2:item.ItemFacade:0, Cable Facade - Paperwall Block
appliedenergistics2:item.ItemFacade:0, Cable Facade - Paperwall Block
appliedenergistics2:item.ItemFacade:0, Cable Facade - Paperwall Block
appliedenergistics2:item.ItemFacade:0, Cable Facade - Paperwall Block
appliedenergistics2:item.ItemFacade:0, Cable Facade - Paperwall Block
appliedenergistics2:item.ItemFacade:0, Cable Facade - Paperwall Block
appliedenergistics2:item.ItemFacade:0, Cable Facade - Paperwall Block
appliedenergistics2:item.ItemFacade:0, Cable Facade - Paperwall Block
appliedenergistics2:item.ItemFacade:0, Cable Facade - Purpur Block
appliedenergistics2:item.ItemFacade:0, Cable Facade - Purpur Block
appliedenergistics2:item.ItemFacade:0, Cable Facade - Purpur Block
appliedenergistics2:item.ItemFacade:0, Cable Facade - Purpur Block
appliedenergistics2:item.ItemFacade:0, Cable Facade - Purpur Block
appliedenergistics2:item.ItemFacade:0, Cable Facade - Purpur Block
appliedenergistics2:item.ItemFacade:0, Cable Facade - Purpur Block
appliedenergistics2:item.ItemFacade:0, Cable Facade - Purpur Block
appliedenergistics2:item.ItemFacade:0, Cable Facade - Purpur Block
appliedenergistics2:item.ItemFacade:0, Cable Facade - Purpur Block
appliedenergistics2:item.ItemFacade:0, Cable Facade - Purpur Block
appliedenergistics2:item.ItemFacade:0, Cable Facade - Redstone Block
appliedenergistics2:item.ItemFacade:0, Cable Facade - Redstone Block
appliedenergistics2:item.ItemFacade:0, Cable Facade - Redstone Block
appliedenergistics2:item.ItemFacade:0, Cable Facade - Redstone Block
appliedenergistics2:item.ItemFacade:0, Cable Facade - Redstone Block
appliedenergistics2:item.ItemFacade:0, Cable Facade - Redstone Block
appliedenergistics2:item.ItemFacade:0, Cable Facade - Redstone Block
appliedenergistics2:item.ItemFacade:0, Cable Facade - Redstone Block
appliedenergistics2:item.ItemFacade:0, Cable Facade - Redstone Block
appliedenergistics2:item.ItemFacade:0, Cable Facade - Redstone Block
appliedenergistics2:item.ItemFacade:0, Cable Facade - Redstone Block
appliedenergistics2:item.ItemFacade:0, Cable Facade - Redstone Block
appliedenergistics2:item.ItemFacade:0, Cable Facade - Redstone Block
appliedenergistics2:item.ItemFacade:0, Cable Facade - Redstone Block
appliedenergistics2:item.ItemFacade:0, Cable Facade - Redstone Block
appliedenergistics2:item.ItemFacade:0, Cable Facade - Sandstone
appliedenergistics2:item.ItemFacade:0, Cable Facade - Sandstone
appliedenergistics2:item.ItemFacade:0, Cable Facade - Sandstone
appliedenergistics2:item.ItemFacade:0, Cable Facade - Sandstone
appliedenergistics2:item.ItemFacade:0, Cable Facade - Sandstone
appliedenergistics2:item.ItemFacade:0, Cable Facade - Sandstone
appliedenergistics2:item.ItemFacade:0, Cable Facade - Sandstone
appliedenergistics2:item.ItemFacade:0, Cable Facade - Sandstone
appliedenergistics2:item.ItemFacade:0, Cable Facade - Sandstone
appliedenergistics2:item.ItemFacade:0, Cable Facade - Sandstone
appliedenergistics2:item.ItemFacade:0, Cable Facade - Sandstone
appliedenergistics2:item.ItemFacade:0, Cable Facade - Sandstone
appliedenergistics2:item.ItemFacade:0, Cable Facade - Sandstone
appliedenergistics2:item.ItemFacade:0, Cable Facade - Sandstone
appliedenergistics2:item.ItemFacade:0, Cable Facade - Sandstone
appliedenergistics2:item.ItemFacade:0, Cable Facade - Sandstone
appliedenergistics2:item.ItemFacade:0, Cable Facade - tile.chisel.sandstone2.name
appliedenergistics2:item.ItemFacade:0, Cable Facade - tile.chisel.sandstone2.name
appliedenergistics2:item.ItemFacade:0, Cable Facade - Sandstone Scribbles
appliedenergistics2:item.ItemFacade:0, Cable Facade - Sandstone Scribbles
appliedenergistics2:item.ItemFacade:0, Cable Facade - Sandstone Scribbles
appliedenergistics2:item.ItemFacade:0, Cable Facade - Sandstone Scribbles
appliedenergistics2:item.ItemFacade:0, Cable Facade - Sandstone Scribbles
appliedenergistics2:item.ItemFacade:0, Cable Facade - Sandstone Scribbles
appliedenergistics2:item.ItemFacade:0, Cable Facade - Sandstone Scribbles
appliedenergistics2:item.ItemFacade:0, Cable Facade - Sandstone Scribbles
appliedenergistics2:item.ItemFacade:0, Cable Facade - Sandstone Scribbles
appliedenergistics2:item.ItemFacade:0, Cable Facade - Sandstone Scribbles
appliedenergistics2:item.ItemFacade:0, Cable Facade - Sandstone Scribbles
appliedenergistics2:item.ItemFacade:0, Cable Facade - Sandstone Scribbles
appliedenergistics2:item.ItemFacade:0, Cable Facade - Sandstone Scribbles
appliedenergistics2:item.ItemFacade:0, Cable Facade - Sandstone Scribbles
appliedenergistics2:item.ItemFacade:0, Cable Facade - Sandstone Scribbles
appliedenergistics2:item.ItemFacade:0, Cable Facade - Sandstone Scribbles
appliedenergistics2:item.ItemFacade:0, Cable Facade - Block of Silver
appliedenergistics2:item.ItemFacade:0, Cable Facade - Block of Silver
appliedenergistics2:item.ItemFacade:0, Cable Facade - Block of Silver
appliedenergistics2:item.ItemFacade:0, Cable Facade - Block of Silver
appliedenergistics2:item.ItemFacade:0, Cable Facade - Block of Silver
appliedenergistics2:item.ItemFacade:0, Cable Facade - Block of Silver
appliedenergistics2:item.ItemFacade:0, Cable Facade - Sand Snakestone
appliedenergistics2:item.ItemFacade:0, Cable Facade - Sand Snakestone
appliedenergistics2:item.ItemFacade:0, Cable Facade - Stone Snakestone
appliedenergistics2:item.ItemFacade:0, Cable Facade - Stone Snakestone
appliedenergistics2:item.ItemFacade:0, Cable Facade - Obsidian Snakestone
appliedenergistics2:item.ItemFacade:0, Cable Facade - Obsidian Snakestone
appliedenergistics2:item.ItemFacade:0, Cable Facade - Block of Steel
appliedenergistics2:item.ItemFacade:0, Cable Facade - Block of Steel
appliedenergistics2:item.ItemFacade:0, Cable Facade - Block of Steel
appliedenergistics2:item.ItemFacade:0, Cable Facade - Block of Steel
appliedenergistics2:item.ItemFacade:0, Cable Facade - Block of Steel
appliedenergistics2:item.ItemFacade:0, Cable Facade - Block of Steel
appliedenergistics2:item.ItemFacade:0, Cable Facade - Stone Bricks
appliedenergistics2:item.ItemFacade:0, Cable Facade - Stone Bricks
appliedenergistics2:item.ItemFacade:0, Cable Facade - Stone Bricks
appliedenergistics2:item.ItemFacade:0, Cable Facade - Stone Bricks
appliedenergistics2:item.ItemFacade:0, Cable Facade - Stone Bricks
appliedenergistics2:item.ItemFacade:0, Cable Facade - Stone Bricks
appliedenergistics2:item.ItemFacade:0, Cable Facade - Stone Bricks
appliedenergistics2:item.ItemFacade:0, Cable Facade - Stone Bricks
appliedenergistics2:item.ItemFacade:0, Cable Facade - Stone Bricks
appliedenergistics2:item.ItemFacade:0, Cable Facade - Stone Bricks
appliedenergistics2:item.ItemFacade:0, Cable Facade - Stone Bricks
appliedenergistics2:item.ItemFacade:0, Cable Facade - Stone Bricks
appliedenergistics2:item.ItemFacade:0, Cable Facade - Stone Bricks
appliedenergistics2:item.ItemFacade:0, Cable Facade - Stone Bricks
appliedenergistics2:item.ItemFacade:0, Cable Facade - Stone Bricks
appliedenergistics2:item.ItemFacade:0, Cable Facade - Stone Bricks
appliedenergistics2:item.ItemFacade:0, Cable Facade - Technical Block
appliedenergistics2:item.ItemFacade:0, Cable Facade - Technical Block
appliedenergistics2:item.ItemFacade:0, Cable Facade - Technical Block
appliedenergistics2:item.ItemFacade:0, Cable Facade - Technical Block
appliedenergistics2:item.ItemFacade:0, Cable Facade - Technical Block
appliedenergistics2:item.ItemFacade:0, Cable Facade - Technical Block
appliedenergistics2:item.ItemFacade:0, Cable Facade - Technical Block
appliedenergistics2:item.ItemFacade:0, Cable Facade - Technical Block
appliedenergistics2:item.ItemFacade:0, Cable Facade - Technical Block
appliedenergistics2:item.ItemFacade:0, Cable Facade - Technical Block
appliedenergistics2:item.ItemFacade:0, Cable Facade - Technical Block
appliedenergistics2:item.ItemFacade:0, Cable Facade - Technical Block
appliedenergistics2:item.ItemFacade:0, Cable Facade - Technical Block
appliedenergistics2:item.ItemFacade:0, Cable Facade - Technical Block
appliedenergistics2:item.ItemFacade:0, Cable Facade - Technical Block
appliedenergistics2:item.ItemFacade:0, Cable Facade - Technical Block
appliedenergistics2:item.ItemFacade:0, Cable Facade - Transparent Technical Block
appliedenergistics2:item.ItemFacade:0, Cable Facade - Transparent Technical Block
appliedenergistics2:item.ItemFacade:0, Cable Facade - Transparent Technical Block
appliedenergistics2:item.ItemFacade:0, Cable Facade - Transparent Technical Block
appliedenergistics2:item.ItemFacade:0, Cable Facade - Industrial Technical Block
appliedenergistics2:item.ItemFacade:0, Cable Facade - Industrial Technical Block
appliedenergistics2:item.ItemFacade:0, Cable Facade - Technical Block
appliedenergistics2:item.ItemFacade:0, Cable Facade - Technical Block
appliedenergistics2:item.ItemFacade:0, Cable Facade - Technical Block
appliedenergistics2:item.ItemFacade:0, Cable Facade - Technical Block
appliedenergistics2:item.ItemFacade:0, Cable Facade - Technical Block
appliedenergistics2:item.ItemFacade:0, Cable Facade - Technical Block
appliedenergistics2:item.ItemFacade:0, Cable Facade - Technical Block
appliedenergistics2:item.ItemFacade:0, Cable Facade - Technical Block
appliedenergistics2:item.ItemFacade:0, Cable Facade - Temple Block
appliedenergistics2:item.ItemFacade:0, Cable Facade - Temple Block
appliedenergistics2:item.ItemFacade:0, Cable Facade - Temple Block
appliedenergistics2:item.ItemFacade:0, Cable Facade - Temple Block
appliedenergistics2:item.ItemFacade:0, Cable Facade - Temple Block
appliedenergistics2:item.ItemFacade:0, Cable Facade - Temple Block
appliedenergistics2:item.ItemFacade:0, Cable Facade - Temple Block
appliedenergistics2:item.ItemFacade:0, Cable Facade - Temple Block
appliedenergistics2:item.ItemFacade:0, Cable Facade - Temple Block
appliedenergistics2:item.ItemFacade:0, Cable Facade - Temple Block
appliedenergistics2:item.ItemFacade:0, Cable Facade - Temple Block
appliedenergistics2:item.ItemFacade:0, Cable Facade - Temple Block
appliedenergistics2:item.ItemFacade:0, Cable Facade - Temple Block
appliedenergistics2:item.ItemFacade:0, Cable Facade - Temple Block
appliedenergistics2:item.ItemFacade:0, Cable Facade - Temple Block
appliedenergistics2:item.ItemFacade:0, Cable Facade - Temple Block
appliedenergistics2:item.ItemFacade:0, Cable Facade - Mossy Temple Block
appliedenergistics2:item.ItemFacade:0, Cable Facade - Mossy Temple Block
appliedenergistics2:item.ItemFacade:0, Cable Facade - Mossy Temple Block
appliedenergistics2:item.ItemFacade:0, Cable Facade - Mossy Temple Block
appliedenergistics2:item.ItemFacade:0, Cable Facade - Mossy Temple Block
appliedenergistics2:item.ItemFacade:0, Cable Facade - Mossy Temple Block
appliedenergistics2:item.ItemFacade:0, Cable Facade - Mossy Temple Block
appliedenergistics2:item.ItemFacade:0, Cable Facade - Mossy Temple Block
appliedenergistics2:item.ItemFacade:0, Cable Facade - Mossy Temple Block
appliedenergistics2:item.ItemFacade:0, Cable Facade - Mossy Temple Block
appliedenergistics2:item.ItemFacade:0, Cable Facade - Mossy Temple Block
appliedenergistics2:item.ItemFacade:0, Cable Facade - Mossy Temple Block
appliedenergistics2:item.ItemFacade:0, Cable Facade - Mossy Temple Block
appliedenergistics2:item.ItemFacade:0, Cable Facade - Mossy Temple Block
appliedenergistics2:item.ItemFacade:0, Cable Facade - Mossy Temple Block
appliedenergistics2:item.ItemFacade:0, Cable Facade - Mossy Temple Block
appliedenergistics2:item.ItemFacade:0, Cable Facade - Block of Tin
appliedenergistics2:item.ItemFacade:0, Cable Facade - Block of Tin
appliedenergistics2:item.ItemFacade:0, Cable Facade - Block of Tin
appliedenergistics2:item.ItemFacade:0, Cable Facade - Block of Tin
appliedenergistics2:item.ItemFacade:0, Cable Facade - Block of Tin
appliedenergistics2:item.ItemFacade:0, Cable Facade - Block of Tin
appliedenergistics2:item.ItemFacade:0, Cable Facade - Tyrian
appliedenergistics2:item.ItemFacade:0, Cable Facade - Tyrian
appliedenergistics2:item.ItemFacade:0, Cable Facade - Tyrian
appliedenergistics2:item.ItemFacade:0, Cable Facade - Tyrian
appliedenergistics2:item.ItemFacade:0, Cable Facade - Tyrian
appliedenergistics2:item.ItemFacade:0, Cable Facade - Tyrian
appliedenergistics2:item.ItemFacade:0, Cable Facade - Tyrian
appliedenergistics2:item.ItemFacade:0, Cable Facade - Tyrian
appliedenergistics2:item.ItemFacade:0, Cable Facade - Tyrian
appliedenergistics2:item.ItemFacade:0, Cable Facade - Tyrian
appliedenergistics2:item.ItemFacade:0, Cable Facade - Tyrian
appliedenergistics2:item.ItemFacade:0, Cable Facade - Tyrian
appliedenergistics2:item.ItemFacade:0, Cable Facade - Tyrian
appliedenergistics2:item.ItemFacade:0, Cable Facade - Tyrian
appliedenergistics2:item.ItemFacade:0, Cable Facade - Tyrian
appliedenergistics2:item.ItemFacade:0, Cable Facade - Tyrian
appliedenergistics2:item.ItemFacade:0, Cable Facade - Block of Uranium
appliedenergistics2:item.ItemFacade:0, Cable Facade - Block of Uranium
appliedenergistics2:item.ItemFacade:0, Cable Facade - Block of Uranium
appliedenergistics2:item.ItemFacade:0, Cable Facade - Block of Uranium
appliedenergistics2:item.ItemFacade:0, Cable Facade - Block of Uranium
appliedenergistics2:item.ItemFacade:0, Cable Facade - Block of Uranium
appliedenergistics2:item.ItemFacade:0, Cable Facade - Valentines Block
appliedenergistics2:item.ItemFacade:0, Cable Facade - Valentines Block
appliedenergistics2:item.ItemFacade:0, Cable Facade - Valentines Block
appliedenergistics2:item.ItemFacade:0, Cable Facade - Valentines Block
appliedenergistics2:item.ItemFacade:0, Cable Facade - Valentines Block
appliedenergistics2:item.ItemFacade:0, Cable Facade - Valentines Block
appliedenergistics2:item.ItemFacade:0, Cable Facade - Valentines Block
appliedenergistics2:item.ItemFacade:0, Cable Facade - Valentines Block
appliedenergistics2:item.ItemFacade:0, Cable Facade - Valentines Block
appliedenergistics2:item.ItemFacade:0, Cable Facade - Valentines Block
appliedenergistics2:item.ItemFacade:0, Cable Facade - Voidstone
appliedenergistics2:item.ItemFacade:0, Cable Facade - Voidstone
appliedenergistics2:item.ItemFacade:0, Cable Facade - Voidstone
appliedenergistics2:item.ItemFacade:0, Cable Facade - Voidstone
appliedenergistics2:item.ItemFacade:0, Cable Facade - Voidstone
appliedenergistics2:item.ItemFacade:0, Cable Facade - Voidstone
appliedenergistics2:item.ItemFacade:0, Cable Facade - Voidstone
appliedenergistics2:item.ItemFacade:0, Cable Facade - Voidstone
appliedenergistics2:item.ItemFacade:0, Cable Facade - Energised Voidstone
appliedenergistics2:item.ItemFacade:0, Cable Facade - Energised Voidstone
appliedenergistics2:item.ItemFacade:0, Cable Facade - Energised Voidstone
appliedenergistics2:item.ItemFacade:0, Cable Facade - Energised Voidstone
appliedenergistics2:item.ItemFacade:0, Cable Facade - Energised Voidstone
appliedenergistics2:item.ItemFacade:0, Cable Facade - Energised Voidstone
appliedenergistics2:item.ItemFacade:0, Cable Facade - Energised Voidstone
appliedenergistics2:item.ItemFacade:0, Cable Facade - Energised Voidstone
appliedenergistics2:item.ItemFacade:0, Cable Facade - Runic Voidstone
appliedenergistics2:item.ItemFacade:0, Cable Facade - Runic Voidstone
appliedenergistics2:item.ItemFacade:0, Cable Facade - Runic Voidstone
appliedenergistics2:item.ItemFacade:0, Cable Facade - Runic Voidstone
appliedenergistics2:item.ItemFacade:0, Cable Facade - Runic Voidstone
appliedenergistics2:item.ItemFacade:0, Cable Facade - Runic Voidstone
appliedenergistics2:item.ItemFacade:0, Cable Facade - Runic Voidstone
appliedenergistics2:item.ItemFacade:0, Cable Facade - Runic Voidstone
appliedenergistics2:item.ItemFacade:0, Cable Facade - Runic Voidstone
appliedenergistics2:item.ItemFacade:0, Cable Facade - Runic Voidstone
appliedenergistics2:item.ItemFacade:0, Cable Facade - Runic Voidstone
appliedenergistics2:item.ItemFacade:0, Cable Facade - Runic Voidstone
appliedenergistics2:item.ItemFacade:0, Cable Facade - Runic Voidstone
appliedenergistics2:item.ItemFacade:0, Cable Facade - Runic Voidstone
appliedenergistics2:item.ItemFacade:0, Cable Facade - Runic Voidstone
appliedenergistics2:item.ItemFacade:0, Cable Facade - Voidstone Pillar
appliedenergistics2:item.ItemFacade:0, Cable Facade - Energised Voidstone Pillar
appliedenergistics2:item.ItemFacade:0, Cable Facade - Warning Sign
appliedenergistics2:item.ItemFacade:0, Cable Facade - Warning Sign
appliedenergistics2:item.ItemFacade:0, Cable Facade - Warning Sign
appliedenergistics2:item.ItemFacade:0, Cable Facade - Warning Sign
appliedenergistics2:item.ItemFacade:0, Cable Facade - Warning Sign
appliedenergistics2:item.ItemFacade:0, Cable Facade - Warning Sign
appliedenergistics2:item.ItemFacade:0, Cable Facade - Warning Sign
appliedenergistics2:item.ItemFacade:0, Cable Facade - Warning Sign
appliedenergistics2:item.ItemFacade:0, Cable Facade - Warning Sign
appliedenergistics2:item.ItemFacade:0, Cable Facade - Warning Sign
appliedenergistics2:item.ItemFacade:0, Cable Facade - Warning Sign
appliedenergistics2:item.ItemFacade:0, Cable Facade - Warning Sign
appliedenergistics2:item.ItemFacade:0, Cable Facade - Warning Sign
appliedenergistics2:item.ItemFacade:0, Cable Facade - Warning Sign
appliedenergistics2:item.ItemFacade:0, Cable Facade - Warning Sign
appliedenergistics2:item.ItemFacade:0, Cable Facade - Waterstone
appliedenergistics2:item.ItemFacade:0, Cable Facade - Waterstone
appliedenergistics2:item.ItemFacade:0, Cable Facade - Waterstone
appliedenergistics2:item.ItemFacade:0, Cable Facade - Waterstone
appliedenergistics2:item.ItemFacade:0, Cable Facade - Waterstone
appliedenergistics2:item.ItemFacade:0, Cable Facade - Waterstone
appliedenergistics2:item.ItemFacade:0, Cable Facade - Waterstone
appliedenergistics2:item.ItemFacade:0, Cable Facade - Oak Wood Planks
appliedenergistics2:item.ItemFacade:0, Cable Facade - Oak Wood Planks
appliedenergistics2:item.ItemFacade:0, Cable Facade - Oak Wood Planks
appliedenergistics2:item.ItemFacade:0, Cable Facade - Oak Wood Planks
appliedenergistics2:item.ItemFacade:0, Cable Facade - Oak Wood Planks
appliedenergistics2:item.ItemFacade:0, Cable Facade - Oak Wood Planks
appliedenergistics2:item.ItemFacade:0, Cable Facade - Oak Wood Planks
appliedenergistics2:item.ItemFacade:0, Cable Facade - Oak Wood Planks
appliedenergistics2:item.ItemFacade:0, Cable Facade - Oak Wood Planks
appliedenergistics2:item.ItemFacade:0, Cable Facade - Oak Wood Planks
appliedenergistics2:item.ItemFacade:0, Cable Facade - Oak Wood Planks
appliedenergistics2:item.ItemFacade:0, Cable Facade - Oak Wood Planks
appliedenergistics2:item.ItemFacade:0, Cable Facade - Oak Wood Planks
appliedenergistics2:item.ItemFacade:0, Cable Facade - Oak Wood Planks
appliedenergistics2:item.ItemFacade:0, Cable Facade - Oak Wood Planks
appliedenergistics2:item.ItemFacade:0, Cable Facade - Spruce Wood Planks
appliedenergistics2:item.ItemFacade:0, Cable Facade - Spruce Wood Planks
appliedenergistics2:item.ItemFacade:0, Cable Facade - Spruce Wood Planks
appliedenergistics2:item.ItemFacade:0, Cable Facade - Spruce Wood Planks
appliedenergistics2:item.ItemFacade:0, Cable Facade - Spruce Wood Planks
appliedenergistics2:item.ItemFacade:0, Cable Facade - Spruce Wood Planks
appliedenergistics2:item.ItemFacade:0, Cable Facade - Spruce Wood Planks
appliedenergistics2:item.ItemFacade:0, Cable Facade - Spruce Wood Planks
appliedenergistics2:item.ItemFacade:0, Cable Facade - Spruce Wood Planks
appliedenergistics2:item.ItemFacade:0, Cable Facade - Spruce Wood Planks
appliedenergistics2:item.ItemFacade:0, Cable Facade - Spruce Wood Planks
appliedenergistics2:item.ItemFacade:0, Cable Facade - Spruce Wood Planks
appliedenergistics2:item.ItemFacade:0, Cable Facade - Spruce Wood Planks
appliedenergistics2:item.ItemFacade:0, Cable Facade - Spruce Wood Planks
appliedenergistics2:item.ItemFacade:0, Cable Facade - Spruce Wood Planks
appliedenergistics2:item.ItemFacade:0, Cable Facade - Birch Wood Planks
appliedenergistics2:item.ItemFacade:0, Cable Facade - Birch Wood Planks
appliedenergistics2:item.ItemFacade:0, Cable Facade - Birch Wood Planks
appliedenergistics2:item.ItemFacade:0, Cable Facade - Birch Wood Planks
appliedenergistics2:item.ItemFacade:0, Cable Facade - Birch Wood Planks
appliedenergistics2:item.ItemFacade:0, Cable Facade - Birch Wood Planks
appliedenergistics2:item.ItemFacade:0, Cable Facade - Birch Wood Planks
appliedenergistics2:item.ItemFacade:0, Cable Facade - Birch Wood Planks
appliedenergistics2:item.ItemFacade:0, Cable Facade - Birch Wood Planks
appliedenergistics2:item.ItemFacade:0, Cable Facade - Birch Wood Planks
appliedenergistics2:item.ItemFacade:0, Cable Facade - Birch Wood Planks
appliedenergistics2:item.ItemFacade:0, Cable Facade - Birch Wood Planks
appliedenergistics2:item.ItemFacade:0, Cable Facade - Birch Wood Planks
appliedenergistics2:item.ItemFacade:0, Cable Facade - Birch Wood Planks
appliedenergistics2:item.ItemFacade:0, Cable Facade - Birch Wood Planks
appliedenergistics2:item.ItemFacade:0, Cable Facade - Jungle Wood Planks
appliedenergistics2:item.ItemFacade:0, Cable Facade - Jungle Wood Planks
appliedenergistics2:item.ItemFacade:0, Cable Facade - Jungle Wood Planks
appliedenergistics2:item.ItemFacade:0, Cable Facade - Jungle Wood Planks
appliedenergistics2:item.ItemFacade:0, Cable Facade - Jungle Wood Planks
appliedenergistics2:item.ItemFacade:0, Cable Facade - Jungle Wood Planks
appliedenergistics2:item.ItemFacade:0, Cable Facade - Jungle Wood Planks
appliedenergistics2:item.ItemFacade:0, Cable Facade - Jungle Wood Planks
appliedenergistics2:item.ItemFacade:0, Cable Facade - Jungle Wood Planks
appliedenergistics2:item.ItemFacade:0, Cable Facade - Jungle Wood Planks
appliedenergistics2:item.ItemFacade:0, Cable Facade - Jungle Wood Planks
appliedenergistics2:item.ItemFacade:0, Cable Facade - Jungle Wood Planks
appliedenergistics2:item.ItemFacade:0, Cable Facade - Jungle Wood Planks
appliedenergistics2:item.ItemFacade:0, Cable Facade - Jungle Wood Planks
appliedenergistics2:item.ItemFacade:0, Cable Facade - Jungle Wood Planks
appliedenergistics2:item.ItemFacade:0, Cable Facade - Acacia Wood Planks
appliedenergistics2:item.ItemFacade:0, Cable Facade - Acacia Wood Planks
appliedenergistics2:item.ItemFacade:0, Cable Facade - Acacia Wood Planks
appliedenergistics2:item.ItemFacade:0, Cable Facade - Acacia Wood Planks
appliedenergistics2:item.ItemFacade:0, Cable Facade - Acacia Wood Planks
appliedenergistics2:item.ItemFacade:0, Cable Facade - Acacia Wood Planks
appliedenergistics2:item.ItemFacade:0, Cable Facade - Acacia Wood Planks
appliedenergistics2:item.ItemFacade:0, Cable Facade - Acacia Wood Planks
appliedenergistics2:item.ItemFacade:0, Cable Facade - Acacia Wood Planks
appliedenergistics2:item.ItemFacade:0, Cable Facade - Acacia Wood Planks
appliedenergistics2:item.ItemFacade:0, Cable Facade - Acacia Wood Planks
appliedenergistics2:item.ItemFacade:0, Cable Facade - Acacia Wood Planks
appliedenergistics2:item.ItemFacade:0, Cable Facade - Acacia Wood Planks
appliedenergistics2:item.ItemFacade:0, Cable Facade - Acacia Wood Planks
appliedenergistics2:item.ItemFacade:0, Cable Facade - Acacia Wood Planks
appliedenergistics2:item.ItemFacade:0, Cable Facade - Dark Oak Wood Planks
appliedenergistics2:item.ItemFacade:0, Cable Facade - Dark Oak Wood Planks
appliedenergistics2:item.ItemFacade:0, Cable Facade - Dark Oak Wood Planks
appliedenergistics2:item.ItemFacade:0, Cable Facade - Dark Oak Wood Planks
appliedenergistics2:item.ItemFacade:0, Cable Facade - Dark Oak Wood Planks
appliedenergistics2:item.ItemFacade:0, Cable Facade - Dark Oak Wood Planks
appliedenergistics2:item.ItemFacade:0, Cable Facade - Dark Oak Wood Planks
appliedenergistics2:item.ItemFacade:0, Cable Facade - Dark Oak Wood Planks
appliedenergistics2:item.ItemFacade:0, Cable Facade - Dark Oak Wood Planks
appliedenergistics2:item.ItemFacade:0, Cable Facade - Dark Oak Wood Planks
appliedenergistics2:item.ItemFacade:0, Cable Facade - Dark Oak Wood Planks
appliedenergistics2:item.ItemFacade:0, Cable Facade - Dark Oak Wood Planks
appliedenergistics2:item.ItemFacade:0, Cable Facade - Dark Oak Wood Planks
appliedenergistics2:item.ItemFacade:0, Cable Facade - Dark Oak Wood Planks
appliedenergistics2:item.ItemFacade:0, Cable Facade - Dark Oak Wood Planks
appliedenergistics2:item.ItemFacade:0, Cable Facade - Woolen Clay
appliedenergistics2:item.ItemFacade:0, Cable Facade - Woolen Clay
appliedenergistics2:item.ItemFacade:0, Cable Facade - Woolen Clay
appliedenergistics2:item.ItemFacade:0, Cable Facade - Woolen Clay
appliedenergistics2:item.ItemFacade:0, Cable Facade - Woolen Clay
appliedenergistics2:item.ItemFacade:0, Cable Facade - Woolen Clay
appliedenergistics2:item.ItemFacade:0, Cable Facade - Woolen Clay
appliedenergistics2:item.ItemFacade:0, Cable Facade - Woolen Clay
appliedenergistics2:item.ItemFacade:0, Cable Facade - Woolen Clay
appliedenergistics2:item.ItemFacade:0, Cable Facade - Woolen Clay
appliedenergistics2:item.ItemFacade:0, Cable Facade - Woolen Clay
appliedenergistics2:item.ItemFacade:0, Cable Facade - Woolen Clay
appliedenergistics2:item.ItemFacade:0, Cable Facade - Woolen Clay
appliedenergistics2:item.ItemFacade:0, Cable Facade - Woolen Clay
appliedenergistics2:item.ItemFacade:0, Cable Facade - Woolen Clay
appliedenergistics2:item.ItemFacade:0, Cable Facade - Woolen Clay
appliedenergistics2:item.ItemFacade:0, Cable Facade - Ztone Tile
appliedenergistics2:item.ItemFacade:0, Cable Facade - Garden Soil
appliedenergistics2:item.ItemFacade:0, Cable Facade - Aurora
appliedenergistics2:item.ItemFacade:0, Cable Facade - Agon ⓪
appliedenergistics2:item.ItemFacade:0, Cable Facade - Agon ①
appliedenergistics2:item.ItemFacade:0, Cable Facade - Agon ②
appliedenergistics2:item.ItemFacade:0, Cable Facade - Agon ③
appliedenergistics2:item.ItemFacade:0, Cable Facade - Agon ④
appliedenergistics2:item.ItemFacade:0, Cable Facade - Agon ⑤
appliedenergistics2:item.ItemFacade:0, Cable Facade - Agon ⑥
appliedenergistics2:item.ItemFacade:0, Cable Facade - Agon ⑦
appliedenergistics2:item.ItemFacade:0, Cable Facade - Agon ⑧
appliedenergistics2:item.ItemFacade:0, Cable Facade - Agon ⑨
appliedenergistics2:item.ItemFacade:0, Cable Facade - Agon ⑩
appliedenergistics2:item.ItemFacade:0, Cable Facade - Agon ⑪
appliedenergistics2:item.ItemFacade:0, Cable Facade - Agon ⑫
appliedenergistics2:item.ItemFacade:0, Cable Facade - Agon ⑬
appliedenergistics2:item.ItemFacade:0, Cable Facade - Agon ⑭
appliedenergistics2:item.ItemFacade:0, Cable Facade - Agon ⑮
appliedenergistics2:item.ItemFacade:0, Cable Facade - Bitt ⓪
appliedenergistics2:item.ItemFacade:0, Cable Facade - Bitt ①
appliedenergistics2:item.ItemFacade:0, Cable Facade - Bitt ②
appliedenergistics2:item.ItemFacade:0, Cable Facade - Bitt ③
appliedenergistics2:item.ItemFacade:0, Cable Facade - Bitt ④
appliedenergistics2:item.ItemFacade:0, Cable Facade - Bitt ⑤
appliedenergistics2:item.ItemFacade:0, Cable Facade - Bitt ⑥
appliedenergistics2:item.ItemFacade:0, Cable Facade - Bitt ⑦
appliedenergistics2:item.ItemFacade:0, Cable Facade - Bitt ⑧
appliedenergistics2:item.ItemFacade:0, Cable Facade - Bitt ⑨
appliedenergistics2:item.ItemFacade:0, Cable Facade - Bitt ⑩
appliedenergistics2:item.ItemFacade:0, Cable Facade - Bitt ⑪
appliedenergistics2:item.ItemFacade:0, Cable Facade - Bitt ⑫
appliedenergistics2:item.ItemFacade:0, Cable Facade - Bitt ⑬
appliedenergistics2:item.ItemFacade:0, Cable Facade - Bitt ⑭
appliedenergistics2:item.ItemFacade:0, Cable Facade - Bitt ⑮
appliedenergistics2:item.ItemFacade:0, Cable Facade - Cray ⓪
appliedenergistics2:item.ItemFacade:0, Cable Facade - Cray ①
appliedenergistics2:item.ItemFacade:0, Cable Facade - Cray ②
appliedenergistics2:item.ItemFacade:0, Cable Facade - Cray ③
appliedenergistics2:item.ItemFacade:0, Cable Facade - Cray ④
appliedenergistics2:item.ItemFacade:0, Cable Facade - Cray ⑤
appliedenergistics2:item.ItemFacade:0, Cable Facade - Cray ⑥
appliedenergistics2:item.ItemFacade:0, Cable Facade - Cray ⑦
appliedenergistics2:item.ItemFacade:0, Cable Facade - Cray ⑧
appliedenergistics2:item.ItemFacade:0, Cable Facade - Cray ⑨
appliedenergistics2:item.ItemFacade:0, Cable Facade - Cray ⑩
appliedenergistics2:item.ItemFacade:0, Cable Facade - Cray ⑪
appliedenergistics2:item.ItemFacade:0, Cable Facade - Cray ⑫
appliedenergistics2:item.ItemFacade:0, Cable Facade - Cray ⑬
appliedenergistics2:item.ItemFacade:0, Cable Facade - Cray ⑭
appliedenergistics2:item.ItemFacade:0, Cable Facade - Cray ⑮
appliedenergistics2:item.ItemFacade:0, Cable Facade - Fort ⓪
appliedenergistics2:item.ItemFacade:0, Cable Facade - Fort ①
appliedenergistics2:item.ItemFacade:0, Cable Facade - Fort ②
appliedenergistics2:item.ItemFacade:0, Cable Facade - Fort ③
appliedenergistics2:item.ItemFacade:0, Cable Facade - Fort ④
appliedenergistics2:item.ItemFacade:0, Cable Facade - Fort ⑤
appliedenergistics2:item.ItemFacade:0, Cable Facade - Fort ⑥
appliedenergistics2:item.ItemFacade:0, Cable Facade - Fort ⑦
appliedenergistics2:item.ItemFacade:0, Cable Facade - Fort ⑧
appliedenergistics2:item.ItemFacade:0, Cable Facade - Fort ⑨
appliedenergistics2:item.ItemFacade:0, Cable Facade - Fort ⑩
appliedenergistics2:item.ItemFacade:0, Cable Facade - Fort ⑪
appliedenergistics2:item.ItemFacade:0, Cable Facade - Fort ⑫
appliedenergistics2:item.ItemFacade:0, Cable Facade - Fort ⑬
appliedenergistics2:item.ItemFacade:0, Cable Facade - Fort ⑭
appliedenergistics2:item.ItemFacade:0, Cable Facade - Fort ⑮
appliedenergistics2:item.ItemFacade:0, Cable Facade - Iszm ⓪
appliedenergistics2:item.ItemFacade:0, Cable Facade - Iszm ①
appliedenergistics2:item.ItemFacade:0, Cable Facade - Iszm ②
appliedenergistics2:item.ItemFacade:0, Cable Facade - Iszm ③
appliedenergistics2:item.ItemFacade:0, Cable Facade - Iszm ④
appliedenergistics2:item.ItemFacade:0, Cable Facade - Iszm ⑤
appliedenergistics2:item.ItemFacade:0, Cable Facade - Iszm ⑥
appliedenergistics2:item.ItemFacade:0, Cable Facade - Iszm ⑦
appliedenergistics2:item.ItemFacade:0, Cable Facade - Iszm ⑧
appliedenergistics2:item.ItemFacade:0, Cable Facade - Iszm ⑨
appliedenergistics2:item.ItemFacade:0, Cable Facade - Iszm ⑩
appliedenergistics2:item.ItemFacade:0, Cable Facade - Iszm ⑪
appliedenergistics2:item.ItemFacade:0, Cable Facade - Iszm ⑫
appliedenergistics2:item.ItemFacade:0, Cable Facade - Iszm ⑬
appliedenergistics2:item.ItemFacade:0, Cable Facade - Iszm ⑭
appliedenergistics2:item.ItemFacade:0, Cable Facade - Iszm ⑮
appliedenergistics2:item.ItemFacade:0, Cable Facade - Jelt ⓪
appliedenergistics2:item.ItemFacade:0, Cable Facade - Jelt ①
appliedenergistics2:item.ItemFacade:0, Cable Facade - Jelt ②
appliedenergistics2:item.ItemFacade:0, Cable Facade - Jelt ③
appliedenergistics2:item.ItemFacade:0, Cable Facade - Jelt ④
appliedenergistics2:item.ItemFacade:0, Cable Facade - Jelt ⑤
appliedenergistics2:item.ItemFacade:0, Cable Facade - Jelt ⑥
appliedenergistics2:item.ItemFacade:0, Cable Facade - Jelt ⑦
appliedenergistics2:item.ItemFacade:0, Cable Facade - Jelt ⑧
appliedenergistics2:item.ItemFacade:0, Cable Facade - Jelt ⑨
appliedenergistics2:item.ItemFacade:0, Cable Facade - Jelt ⑩
appliedenergistics2:item.ItemFacade:0, Cable Facade - Jelt ⑪
appliedenergistics2:item.ItemFacade:0, Cable Facade - Jelt ⑫
appliedenergistics2:item.ItemFacade:0, Cable Facade - Jelt ⑬
appliedenergistics2:item.ItemFacade:0, Cable Facade - Jelt ⑭
appliedenergistics2:item.ItemFacade:0, Cable Facade - Jelt ⑮
appliedenergistics2:item.ItemFacade:0, Cable Facade - Korp ⓪
appliedenergistics2:item.ItemFacade:0, Cable Facade - Korp ①
appliedenergistics2:item.ItemFacade:0, Cable Facade - Korp ②
appliedenergistics2:item.ItemFacade:0, Cable Facade - Korp ③
appliedenergistics2:item.ItemFacade:0, Cable Facade - Korp ④
appliedenergistics2:item.ItemFacade:0, Cable Facade - Korp ⑤
appliedenergistics2:item.ItemFacade:0, Cable Facade - Korp ⑥
appliedenergistics2:item.ItemFacade:0, Cable Facade - Korp ⑦
appliedenergistics2:item.ItemFacade:0, Cable Facade - Korp ⑧
appliedenergistics2:item.ItemFacade:0, Cable Facade - Korp ⑨
appliedenergistics2:item.ItemFacade:0, Cable Facade - Korp ⑩
appliedenergistics2:item.ItemFacade:0, Cable Facade - Korp ⑪
appliedenergistics2:item.ItemFacade:0, Cable Facade - Korp ⑫
appliedenergistics2:item.ItemFacade:0, Cable Facade - Korp ⑬
appliedenergistics2:item.ItemFacade:0, Cable Facade - Korp ⑭
appliedenergistics2:item.ItemFacade:0, Cable Facade - Korp ⑮
appliedenergistics2:item.ItemFacade:0, Cable Facade - Kryp ⓪
appliedenergistics2:item.ItemFacade:0, Cable Facade - Kryp ①
appliedenergistics2:item.ItemFacade:0, Cable Facade - Kryp ②
appliedenergistics2:item.ItemFacade:0, Cable Facade - Kryp ③
appliedenergistics2:item.ItemFacade:0, Cable Facade - Kryp ④
appliedenergistics2:item.ItemFacade:0, Cable Facade - Kryp ⑤
appliedenergistics2:item.ItemFacade:0, Cable Facade - Kryp ⑥
appliedenergistics2:item.ItemFacade:0, Cable Facade - Kryp ⑦
appliedenergistics2:item.ItemFacade:0, Cable Facade - Kryp ⑧
appliedenergistics2:item.ItemFacade:0, Cable Facade - Kryp ⑨
appliedenergistics2:item.ItemFacade:0, Cable Facade - Kryp ⑩
appliedenergistics2:item.ItemFacade:0, Cable Facade - Kryp ⑪
appliedenergistics2:item.ItemFacade:0, Cable Facade - Kryp ⑫
appliedenergistics2:item.ItemFacade:0, Cable Facade - Kryp ⑬
appliedenergistics2:item.ItemFacade:0, Cable Facade - Kryp ⑭
appliedenergistics2:item.ItemFacade:0, Cable Facade - Kryp ⑮
appliedenergistics2:item.ItemFacade:0, Cable Facade - Lair ⓪
appliedenergistics2:item.ItemFacade:0, Cable Facade - Lair ①
appliedenergistics2:item.ItemFacade:0, Cable Facade - Lair ②
appliedenergistics2:item.ItemFacade:0, Cable Facade - Lair ③
appliedenergistics2:item.ItemFacade:0, Cable Facade - Lair ④
appliedenergistics2:item.ItemFacade:0, Cable Facade - Lair ⑤
appliedenergistics2:item.ItemFacade:0, Cable Facade - Lair ⑥
appliedenergistics2:item.ItemFacade:0, Cable Facade - Lair ⑦
appliedenergistics2:item.ItemFacade:0, Cable Facade - Lair ⑧
appliedenergistics2:item.ItemFacade:0, Cable Facade - Lair ⑨
appliedenergistics2:item.ItemFacade:0, Cable Facade - Lair ⑩
appliedenergistics2:item.ItemFacade:0, Cable Facade - Lair ⑪
appliedenergistics2:item.ItemFacade:0, Cable Facade - Lair ⑫
appliedenergistics2:item.ItemFacade:0, Cable Facade - Lair ⑬
appliedenergistics2:item.ItemFacade:0, Cable Facade - Lair ⑭
appliedenergistics2:item.ItemFacade:0, Cable Facade - Lair ⑮
appliedenergistics2:item.ItemFacade:0, Cable Facade - Lave ⓪
appliedenergistics2:item.ItemFacade:0, Cable Facade - Lave ①
appliedenergistics2:item.ItemFacade:0, Cable Facade - Lave ②
appliedenergistics2:item.ItemFacade:0, Cable Facade - Lave ③
appliedenergistics2:item.ItemFacade:0, Cable Facade - Lave ④
appliedenergistics2:item.ItemFacade:0, Cable Facade - Lave ⑤
appliedenergistics2:item.ItemFacade:0, Cable Facade - Lave ⑥
appliedenergistics2:item.ItemFacade:0, Cable Facade - Lave ⑦
appliedenergistics2:item.ItemFacade:0, Cable Facade - Lave ⑧
appliedenergistics2:item.ItemFacade:0, Cable Facade - Lave ⑨
appliedenergistics2:item.ItemFacade:0, Cable Facade - Lave ⑩
appliedenergistics2:item.ItemFacade:0, Cable Facade - Lave ⑪
appliedenergistics2:item.ItemFacade:0, Cable Facade - Lave ⑫
appliedenergistics2:item.ItemFacade:0, Cable Facade - Lave ⑬
appliedenergistics2:item.ItemFacade:0, Cable Facade - Lave ⑭
appliedenergistics2:item.ItemFacade:0, Cable Facade - Lave ⑮
appliedenergistics2:item.ItemFacade:0, Cable Facade - Mint ⓪
appliedenergistics2:item.ItemFacade:0, Cable Facade - Mint ①
appliedenergistics2:item.ItemFacade:0, Cable Facade - Mint ②
appliedenergistics2:item.ItemFacade:0, Cable Facade - Mint ③
appliedenergistics2:item.ItemFacade:0, Cable Facade - Mint ④
appliedenergistics2:item.ItemFacade:0, Cable Facade - Mint ⑤
appliedenergistics2:item.ItemFacade:0, Cable Facade - Mint ⑥
appliedenergistics2:item.ItemFacade:0, Cable Facade - Mint ⑦
appliedenergistics2:item.ItemFacade:0, Cable Facade - Mint ⑧
appliedenergistics2:item.ItemFacade:0, Cable Facade - Mint ⑨
appliedenergistics2:item.ItemFacade:0, Cable Facade - Mint ⑩
appliedenergistics2:item.ItemFacade:0, Cable Facade - Mint ⑪
appliedenergistics2:item.ItemFacade:0, Cable Facade - Mint ⑫
appliedenergistics2:item.ItemFacade:0, Cable Facade - Mint ⑬
appliedenergistics2:item.ItemFacade:0, Cable Facade - Mint ⑭
appliedenergistics2:item.ItemFacade:0, Cable Facade - Mint ⑮
appliedenergistics2:item.ItemFacade:0, Cable Facade - Myst ⓪
appliedenergistics2:item.ItemFacade:0, Cable Facade - Myst ①
appliedenergistics2:item.ItemFacade:0, Cable Facade - Myst ②
appliedenergistics2:item.ItemFacade:0, Cable Facade - Myst ③
appliedenergistics2:item.ItemFacade:0, Cable Facade - Myst ④
appliedenergistics2:item.ItemFacade:0, Cable Facade - Myst ⑤
appliedenergistics2:item.ItemFacade:0, Cable Facade - Myst ⑥
appliedenergistics2:item.ItemFacade:0, Cable Facade - Myst ⑦
appliedenergistics2:item.ItemFacade:0, Cable Facade - Myst ⑧
appliedenergistics2:item.ItemFacade:0, Cable Facade - Myst ⑨
appliedenergistics2:item.ItemFacade:0, Cable Facade - Myst ⑩
appliedenergistics2:item.ItemFacade:0, Cable Facade - Myst ⑪
appliedenergistics2:item.ItemFacade:0, Cable Facade - Myst ⑫
appliedenergistics2:item.ItemFacade:0, Cable Facade - Myst ⑬
appliedenergistics2:item.ItemFacade:0, Cable Facade - Myst ⑭
appliedenergistics2:item.ItemFacade:0, Cable Facade - Myst ⑮
appliedenergistics2:item.ItemFacade:0, Cable Facade - Reds ⓪
appliedenergistics2:item.ItemFacade:0, Cable Facade - Reds ①
appliedenergistics2:item.ItemFacade:0, Cable Facade - Reds ②
appliedenergistics2:item.ItemFacade:0, Cable Facade - Reds ③
appliedenergistics2:item.ItemFacade:0, Cable Facade - Reds ④
appliedenergistics2:item.ItemFacade:0, Cable Facade - Reds ⑤
appliedenergistics2:item.ItemFacade:0, Cable Facade - Reds ⑥
appliedenergistics2:item.ItemFacade:0, Cable Facade - Reds ⑦
appliedenergistics2:item.ItemFacade:0, Cable Facade - Reds ⑧
appliedenergistics2:item.ItemFacade:0, Cable Facade - Reds ⑨
appliedenergistics2:item.ItemFacade:0, Cable Facade - Reds ⑩
appliedenergistics2:item.ItemFacade:0, Cable Facade - Reds ⑪
appliedenergistics2:item.ItemFacade:0, Cable Facade - Reds ⑫
appliedenergistics2:item.ItemFacade:0, Cable Facade - Reds ⑬
appliedenergistics2:item.ItemFacade:0, Cable Facade - Reds ⑭
appliedenergistics2:item.ItemFacade:0, Cable Facade - Reds ⑮
appliedenergistics2:item.ItemFacade:0, Cable Facade - Roen ⓪
appliedenergistics2:item.ItemFacade:0, Cable Facade - Roen ①
appliedenergistics2:item.ItemFacade:0, Cable Facade - Roen ②
appliedenergistics2:item.ItemFacade:0, Cable Facade - Roen ③
appliedenergistics2:item.ItemFacade:0, Cable Facade - Roen ④
appliedenergistics2:item.ItemFacade:0, Cable Facade - Roen ⑤
appliedenergistics2:item.ItemFacade:0, Cable Facade - Roen ⑥
appliedenergistics2:item.ItemFacade:0, Cable Facade - Roen ⑦
appliedenergistics2:item.ItemFacade:0, Cable Facade - Roen ⑧
appliedenergistics2:item.ItemFacade:0, Cable Facade - Roen ⑨
appliedenergistics2:item.ItemFacade:0, Cable Facade - Roen ⑩
appliedenergistics2:item.ItemFacade:0, Cable Facade - Roen ⑪
appliedenergistics2:item.ItemFacade:0, Cable Facade - Roen ⑫
appliedenergistics2:item.ItemFacade:0, Cable Facade - Roen ⑬
appliedenergistics2:item.ItemFacade:0, Cable Facade - Roen ⑭
appliedenergistics2:item.ItemFacade:0, Cable Facade - Roen ⑮
appliedenergistics2:item.ItemFacade:0, Cable Facade - Sols ⓪
appliedenergistics2:item.ItemFacade:0, Cable Facade - Sols ①
appliedenergistics2:item.ItemFacade:0, Cable Facade - Sols ②
appliedenergistics2:item.ItemFacade:0, Cable Facade - Sols ③
appliedenergistics2:item.ItemFacade:0, Cable Facade - Sols ④
appliedenergistics2:item.ItemFacade:0, Cable Facade - Sols ⑤
appliedenergistics2:item.ItemFacade:0, Cable Facade - Sols ⑥
appliedenergistics2:item.ItemFacade:0, Cable Facade - Sols ⑦
appliedenergistics2:item.ItemFacade:0, Cable Facade - Sols ⑧
appliedenergistics2:item.ItemFacade:0, Cable Facade - Sols ⑨
appliedenergistics2:item.ItemFacade:0, Cable Facade - Sols ⑩
appliedenergistics2:item.ItemFacade:0, Cable Facade - Sols ⑪
appliedenergistics2:item.ItemFacade:0, Cable Facade - Sols ⑫
appliedenergistics2:item.ItemFacade:0, Cable Facade - Sols ⑬
appliedenergistics2:item.ItemFacade:0, Cable Facade - Sols ⑭
appliedenergistics2:item.ItemFacade:0, Cable Facade - Sols ⑮
appliedenergistics2:item.ItemFacade:0, Cable Facade - Tank ⓪
appliedenergistics2:item.ItemFacade:0, Cable Facade - Tank ①
appliedenergistics2:item.ItemFacade:0, Cable Facade - Tank ②
appliedenergistics2:item.ItemFacade:0, Cable Facade - Tank ③
appliedenergistics2:item.ItemFacade:0, Cable Facade - Tank ④
appliedenergistics2:item.ItemFacade:0, Cable Facade - Tank ⑤
appliedenergistics2:item.ItemFacade:0, Cable Facade - Tank ⑥
appliedenergistics2:item.ItemFacade:0, Cable Facade - Tank ⑦
appliedenergistics2:item.ItemFacade:0, Cable Facade - Tank ⑧
appliedenergistics2:item.ItemFacade:0, Cable Facade - Tank ⑨
appliedenergistics2:item.ItemFacade:0, Cable Facade - Tank ⑩
appliedenergistics2:item.ItemFacade:0, Cable Facade - Tank ⑪
appliedenergistics2:item.ItemFacade:0, Cable Facade - Tank ⑫
appliedenergistics2:item.ItemFacade:0, Cable Facade - Tank ⑬
appliedenergistics2:item.ItemFacade:0, Cable Facade - Tank ⑭
appliedenergistics2:item.ItemFacade:0, Cable Facade - Tank ⑮
appliedenergistics2:item.ItemFacade:0, Cable Facade - Vect ⓪
appliedenergistics2:item.ItemFacade:0, Cable Facade - Vect ①
appliedenergistics2:item.ItemFacade:0, Cable Facade - Vect ②
appliedenergistics2:item.ItemFacade:0, Cable Facade - Vect ③
appliedenergistics2:item.ItemFacade:0, Cable Facade - Vect ④
appliedenergistics2:item.ItemFacade:0, Cable Facade - Vect ⑤
appliedenergistics2:item.ItemFacade:0, Cable Facade - Vect ⑥
appliedenergistics2:item.ItemFacade:0, Cable Facade - Vect ⑦
appliedenergistics2:item.ItemFacade:0, Cable Facade - Vect ⑧
appliedenergistics2:item.ItemFacade:0, Cable Facade - Vect ⑨
appliedenergistics2:item.ItemFacade:0, Cable Facade - Vect ⑩
appliedenergistics2:item.ItemFacade:0, Cable Facade - Vect ⑪
appliedenergistics2:item.ItemFacade:0, Cable Facade - Vect ⑫
appliedenergistics2:item.ItemFacade:0, Cable Facade - Vect ⑬
appliedenergistics2:item.ItemFacade:0, Cable Facade - Vect ⑭
appliedenergistics2:item.ItemFacade:0, Cable Facade - Vect ⑮
appliedenergistics2:item.ItemFacade:0, Cable Facade - Vena ⓪
appliedenergistics2:item.ItemFacade:0, Cable Facade - Vena ①
appliedenergistics2:item.ItemFacade:0, Cable Facade - Vena ②
appliedenergistics2:item.ItemFacade:0, Cable Facade - Vena ③
appliedenergistics2:item.ItemFacade:0, Cable Facade - Vena ④
appliedenergistics2:item.ItemFacade:0, Cable Facade - Vena ⑤
appliedenergistics2:item.ItemFacade:0, Cable Facade - Vena ⑥
appliedenergistics2:item.ItemFacade:0, Cable Facade - Vena ⑦
appliedenergistics2:item.ItemFacade:0, Cable Facade - Vena ⑧
appliedenergistics2:item.ItemFacade:0, Cable Facade - Vena ⑨
appliedenergistics2:item.ItemFacade:0, Cable Facade - Vena ⑩
appliedenergistics2:item.ItemFacade:0, Cable Facade - Vena ⑪
appliedenergistics2:item.ItemFacade:0, Cable Facade - Vena ⑫
appliedenergistics2:item.ItemFacade:0, Cable Facade - Vena ⑬
appliedenergistics2:item.ItemFacade:0, Cable Facade - Vena ⑭
appliedenergistics2:item.ItemFacade:0, Cable Facade - Vena ⑮
appliedenergistics2:item.ItemFacade:0, Cable Facade - Zech ⓪
appliedenergistics2:item.ItemFacade:0, Cable Facade - Zech ①
appliedenergistics2:item.ItemFacade:0, Cable Facade - Zech ②
appliedenergistics2:item.ItemFacade:0, Cable Facade - Zech ③
appliedenergistics2:item.ItemFacade:0, Cable Facade - Zech ④
appliedenergistics2:item.ItemFacade:0, Cable Facade - Zech ⑤
appliedenergistics2:item.ItemFacade:0, Cable Facade - Zech ⑥
appliedenergistics2:item.ItemFacade:0, Cable Facade - Zech ⑦
appliedenergistics2:item.ItemFacade:0, Cable Facade - Zech ⑧
appliedenergistics2:item.ItemFacade:0, Cable Facade - Zech ⑨
appliedenergistics2:item.ItemFacade:0, Cable Facade - Zech ⑩
appliedenergistics2:item.ItemFacade:0, Cable Facade - Zech ⑪
appliedenergistics2:item.ItemFacade:0, Cable Facade - Zech ⑫
appliedenergistics2:item.ItemFacade:0, Cable Facade - Zech ⑬
appliedenergistics2:item.ItemFacade:0, Cable Facade - Zech ⑭
appliedenergistics2:item.ItemFacade:0, Cable Facade - Zech ⑮
appliedenergistics2:item.ItemFacade:0, Cable Facade - Zion ⓪
appliedenergistics2:item.ItemFacade:0, Cable Facade - Zion ①
appliedenergistics2:item.ItemFacade:0, Cable Facade - Zion ②
appliedenergistics2:item.ItemFacade:0, Cable Facade - Zion ③
appliedenergistics2:item.ItemFacade:0, Cable Facade - Zion ④
appliedenergistics2:item.ItemFacade:0, Cable Facade - Zion ⑤
appliedenergistics2:item.ItemFacade:0, Cable Facade - Zion ⑥
appliedenergistics2:item.ItemFacade:0, Cable Facade - Zion ⑦
appliedenergistics2:item.ItemFacade:0, Cable Facade - Zion ⑧
appliedenergistics2:item.ItemFacade:0, Cable Facade - Zion ⑨
appliedenergistics2:item.ItemFacade:0, Cable Facade - Zion ⑩
appliedenergistics2:item.ItemFacade:0, Cable Facade - Zion ⑪
appliedenergistics2:item.ItemFacade:0, Cable Facade - Zion ⑫
appliedenergistics2:item.ItemFacade:0, Cable Facade - Zion ⑬
appliedenergistics2:item.ItemFacade:0, Cable Facade - Zion ⑭
appliedenergistics2:item.ItemFacade:0, Cable Facade - Zion ⑮
appliedenergistics2:item.ItemFacade:0, Cable Facade - Zome ⓪
appliedenergistics2:item.ItemFacade:0, Cable Facade - Zome ①
appliedenergistics2:item.ItemFacade:0, Cable Facade - Zome ②
appliedenergistics2:item.ItemFacade:0, Cable Facade - Zome ③
appliedenergistics2:item.ItemFacade:0, Cable Facade - Zome ④
appliedenergistics2:item.ItemFacade:0, Cable Facade - Zome ⑤
appliedenergistics2:item.ItemFacade:0, Cable Facade - Zome ⑥
appliedenergistics2:item.ItemFacade:0, Cable Facade - Zome ⑦
appliedenergistics2:item.ItemFacade:0, Cable Facade - Zome ⑧
appliedenergistics2:item.ItemFacade:0, Cable Facade - Zome ⑨
appliedenergistics2:item.ItemFacade:0, Cable Facade - Zome ⑩
appliedenergistics2:item.ItemFacade:0, Cable Facade - Zome ⑪
appliedenergistics2:item.ItemFacade:0, Cable Facade - Zome ⑫
appliedenergistics2:item.ItemFacade:0, Cable Facade - Zome ⑬
appliedenergistics2:item.ItemFacade:0, Cable Facade - Zome ⑭
appliedenergistics2:item.ItemFacade:0, Cable Facade - Zome ⑮
appliedenergistics2:item.ItemFacade:0, Cable Facade - Zone ⓪
appliedenergistics2:item.ItemFacade:0, Cable Facade - Zone ①
appliedenergistics2:item.ItemFacade:0, Cable Facade - Zone ②
appliedenergistics2:item.ItemFacade:0, Cable Facade - Zone ③
appliedenergistics2:item.ItemFacade:0, Cable Facade - Zone ④
appliedenergistics2:item.ItemFacade:0, Cable Facade - Zone ⑤
appliedenergistics2:item.ItemFacade:0, Cable Facade - Zone ⑥
appliedenergistics2:item.ItemFacade:0, Cable Facade - Zone ⑦
appliedenergistics2:item.ItemFacade:0, Cable Facade - Zone ⑧
appliedenergistics2:item.ItemFacade:0, Cable Facade - Zone ⑨
appliedenergistics2:item.ItemFacade:0, Cable Facade - Zone ⑩
appliedenergistics2:item.ItemFacade:0, Cable Facade - Zone ⑪
appliedenergistics2:item.ItemFacade:0, Cable Facade - Zone ⑫
appliedenergistics2:item.ItemFacade:0, Cable Facade - Zone ⑬
appliedenergistics2:item.ItemFacade:0, Cable Facade - Zone ⑭
appliedenergistics2:item.ItemFacade:0, Cable Facade - Zone ⑮
appliedenergistics2:item.ItemFacade:0, Cable Facade - Zorg ⓪
appliedenergistics2:item.ItemFacade:0, Cable Facade - Zorg ①
appliedenergistics2:item.ItemFacade:0, Cable Facade - Zorg ②
appliedenergistics2:item.ItemFacade:0, Cable Facade - Zorg ③
appliedenergistics2:item.ItemFacade:0, Cable Facade - Zorg ④
appliedenergistics2:item.ItemFacade:0, Cable Facade - Zorg ⑤
appliedenergistics2:item.ItemFacade:0, Cable Facade - Zorg ⑥
appliedenergistics2:item.ItemFacade:0, Cable Facade - Zorg ⑦
appliedenergistics2:item.ItemFacade:0, Cable Facade - Zorg ⑧
appliedenergistics2:item.ItemFacade:0, Cable Facade - Zorg ⑨
appliedenergistics2:item.ItemFacade:0, Cable Facade - Zorg ⑩
appliedenergistics2:item.ItemFacade:0, Cable Facade - Zorg ⑪
appliedenergistics2:item.ItemFacade:0, Cable Facade - Zorg ⑫
appliedenergistics2:item.ItemFacade:0, Cable Facade - Zorg ⑬
appliedenergistics2:item.ItemFacade:0, Cable Facade - Zorg ⑭
appliedenergistics2:item.ItemFacade:0, Cable Facade - Zorg ⑮
appliedenergistics2:item.ItemFacade:0, Cable Facade - Reed ⓪
appliedenergistics2:item.ItemFacade:0, Cable Facade - Reed ①
appliedenergistics2:item.ItemFacade:0, Cable Facade - Reed ②
appliedenergistics2:item.ItemFacade:0, Cable Facade - Reed ③
appliedenergistics2:item.ItemFacade:0, Cable Facade - Reed ④
appliedenergistics2:item.ItemFacade:0, Cable Facade - Reed ⑤
appliedenergistics2:item.ItemFacade:0, Cable Facade - Reed ⑥
appliedenergistics2:item.ItemFacade:0, Cable Facade - Reed ⑦
appliedenergistics2:item.ItemFacade:0, Cable Facade - Reed ⑧
appliedenergistics2:item.ItemFacade:0, Cable Facade - Reed ⑨
appliedenergistics2:item.ItemFacade:0, Cable Facade - Reed ⑩
appliedenergistics2:item.ItemFacade:0, Cable Facade - Reed ⑪
appliedenergistics2:item.ItemFacade:0, Cable Facade - Reed ⑫
appliedenergistics2:item.ItemFacade:0, Cable Facade - Reed ⑬
appliedenergistics2:item.ItemFacade:0, Cable Facade - Reed ⑭
appliedenergistics2:item.ItemFacade:0, Cable Facade - Reed ⑮
appliedenergistics2:item.ItemFacade:0, Cable Facade - Sync ⓪
appliedenergistics2:item.ItemFacade:0, Cable Facade - Sync ①
appliedenergistics2:item.ItemFacade:0, Cable Facade - Sync ②
appliedenergistics2:item.ItemFacade:0, Cable Facade - Sync ③
appliedenergistics2:item.ItemFacade:0, Cable Facade - Sync ④
appliedenergistics2:item.ItemFacade:0, Cable Facade - Sync ⑤
appliedenergistics2:item.ItemFacade:0, Cable Facade - Sync ⑥
appliedenergistics2:item.ItemFacade:0, Cable Facade - Sync ⑦
appliedenergistics2:item.ItemFacade:0, Cable Facade - Sync ⑧
appliedenergistics2:item.ItemFacade:0, Cable Facade - Sync ⑨
appliedenergistics2:item.ItemFacade:0, Cable Facade - Sync ⑩
appliedenergistics2:item.ItemFacade:0, Cable Facade - Sync ⑪
appliedenergistics2:item.ItemFacade:0, Cable Facade - Sync ⑫
appliedenergistics2:item.ItemFacade:0, Cable Facade - Sync ⑬
appliedenergistics2:item.ItemFacade:0, Cable Facade - Sync ⑭
appliedenergistics2:item.ItemFacade:0, Cable Facade - Sync ⑮
appliedenergistics2:item.ItemFacade:0, Cable Facade - Zkul ⓪
appliedenergistics2:item.ItemFacade:0, Cable Facade - Zkul ①
appliedenergistics2:item.ItemFacade:0, Cable Facade - Zkul ②
appliedenergistics2:item.ItemFacade:0, Cable Facade - Zkul ③
appliedenergistics2:item.ItemFacade:0, Cable Facade - Zkul ④
appliedenergistics2:item.ItemFacade:0, Cable Facade - Zkul ⑤
appliedenergistics2:item.ItemFacade:0, Cable Facade - Zkul ⑥
appliedenergistics2:item.ItemFacade:0, Cable Facade - Zkul ⑦
appliedenergistics2:item.ItemFacade:0, Cable Facade - Zkul ⑧
appliedenergistics2:item.ItemFacade:0, Cable Facade - Zkul ⑨
appliedenergistics2:item.ItemFacade:0, Cable Facade - Zkul ⑩
appliedenergistics2:item.ItemFacade:0, Cable Facade - Zkul ⑪
appliedenergistics2:item.ItemFacade:0, Cable Facade - Zkul ⑫
appliedenergistics2:item.ItemFacade:0, Cable Facade - Zkul ⑬
appliedenergistics2:item.ItemFacade:0, Cable Facade - Zkul ⑭
appliedenergistics2:item.ItemFacade:0, Cable Facade - Zkul ⑮
appliedenergistics2:item.ItemFacade:0, Cable Facade - Azur ⓪
appliedenergistics2:item.ItemFacade:0, Cable Facade - Azur ①
appliedenergistics2:item.ItemFacade:0, Cable Facade - Azur ②
appliedenergistics2:item.ItemFacade:0, Cable Facade - Azur ③
appliedenergistics2:item.ItemFacade:0, Cable Facade - Azur ④
appliedenergistics2:item.ItemFacade:0, Cable Facade - Azur ⑤
appliedenergistics2:item.ItemFacade:0, Cable Facade - Azur ⑥
appliedenergistics2:item.ItemFacade:0, Cable Facade - Azur ⑦
appliedenergistics2:item.ItemFacade:0, Cable Facade - Azur ⑧
appliedenergistics2:item.ItemFacade:0, Cable Facade - Azur ⑨
appliedenergistics2:item.ItemFacade:0, Cable Facade - Azur ⑩
appliedenergistics2:item.ItemFacade:0, Cable Facade - Azur ⑪
appliedenergistics2:item.ItemFacade:0, Cable Facade - Azur ⑫
appliedenergistics2:item.ItemFacade:0, Cable Facade - Azur ⑬
appliedenergistics2:item.ItemFacade:0, Cable Facade - Azur ⑭
appliedenergistics2:item.ItemFacade:0, Cable Facade - Azur ⑮
appliedenergistics2:item.ItemFacade:0, Cable Facade - Zeta ⓪
appliedenergistics2:item.ItemFacade:0, Cable Facade - Zeta ①
appliedenergistics2:item.ItemFacade:0, Cable Facade - Zeta ②
appliedenergistics2:item.ItemFacade:0, Cable Facade - Zeta ③
appliedenergistics2:item.ItemFacade:0, Cable Facade - Zeta ④
appliedenergistics2:item.ItemFacade:0, Cable Facade - Zeta ⑤
appliedenergistics2:item.ItemFacade:0, Cable Facade - Zeta ⑥
appliedenergistics2:item.ItemFacade:0, Cable Facade - Zeta ⑦
appliedenergistics2:item.ItemFacade:0, Cable Facade - Zeta ⑧
appliedenergistics2:item.ItemFacade:0, Cable Facade - Zeta ⑨
appliedenergistics2:item.ItemFacade:0, Cable Facade - Zeta ⑩
appliedenergistics2:item.ItemFacade:0, Cable Facade - Zeta ⑪
appliedenergistics2:item.ItemFacade:0, Cable Facade - Zeta ⑫
appliedenergistics2:item.ItemFacade:0, Cable Facade - Zeta ⑬
appliedenergistics2:item.ItemFacade:0, Cable Facade - Zeta ⑭
appliedenergistics2:item.ItemFacade:0, Cable Facade - Zeta ⑮
appliedenergistics2:item.ItemFacade:0, Cable Facade - Zest ⓪
appliedenergistics2:item.ItemFacade:0, Cable Facade - Zest ①
appliedenergistics2:item.ItemFacade:0, Cable Facade - Zest ②
appliedenergistics2:item.ItemFacade:0, Cable Facade - Zest ③
appliedenergistics2:item.ItemFacade:0, Cable Facade - Zest ④
appliedenergistics2:item.ItemFacade:0, Cable Facade - Zest ⑤
appliedenergistics2:item.ItemFacade:0, Cable Facade - Zest ⑥
appliedenergistics2:item.ItemFacade:0, Cable Facade - Zest ⑦
appliedenergistics2:item.ItemFacade:0, Cable Facade - Zest ⑧
appliedenergistics2:item.ItemFacade:0, Cable Facade - Zest ⑨
appliedenergistics2:item.ItemFacade:0, Cable Facade - Zest ⑩
appliedenergistics2:item.ItemFacade:0, Cable Facade - Zest ⑪
appliedenergistics2:item.ItemFacade:0, Cable Facade - Zest ⑫
appliedenergistics2:item.ItemFacade:0, Cable Facade - Zest ⑬
appliedenergistics2:item.ItemFacade:0, Cable Facade - Zest ⑭
appliedenergistics2:item.ItemFacade:0, Cable Facade - Zest ⑮
appliedenergistics2:item.ItemFacade:0, Cable Facade - Zoea ⓪
appliedenergistics2:item.ItemFacade:0, Cable Facade - Zoea ①
appliedenergistics2:item.ItemFacade:0, Cable Facade - Zoea ②
appliedenergistics2:item.ItemFacade:0, Cable Facade - Zoea ③
appliedenergistics2:item.ItemFacade:0, Cable Facade - Zoea ④
appliedenergistics2:item.ItemFacade:0, Cable Facade - Zoea ⑤
appliedenergistics2:item.ItemFacade:0, Cable Facade - Zoea ⑥
appliedenergistics2:item.ItemFacade:0, Cable Facade - Zoea ⑦
appliedenergistics2:item.ItemFacade:0, Cable Facade - Zoea ⑧
appliedenergistics2:item.ItemFacade:0, Cable Facade - Zoea ⑨
appliedenergistics2:item.ItemFacade:0, Cable Facade - Zoea ⑩
appliedenergistics2:item.ItemFacade:0, Cable Facade - Zoea ⑪
appliedenergistics2:item.ItemFacade:0, Cable Facade - Zoea ⑫
appliedenergistics2:item.ItemFacade:0, Cable Facade - Zoea ⑬
appliedenergistics2:item.ItemFacade:0, Cable Facade - Zoea ⑭
appliedenergistics2:item.ItemFacade:0, Cable Facade - Zoea ⑮
appliedenergistics2:item.ItemFacade:0, Cable Facade - Zane ⓪
appliedenergistics2:item.ItemFacade:0, Cable Facade - Zane ①
appliedenergistics2:item.ItemFacade:0, Cable Facade - Zane ②
appliedenergistics2:item.ItemFacade:0, Cable Facade - Zane ③
appliedenergistics2:item.ItemFacade:0, Cable Facade - Zane ④
appliedenergistics2:item.ItemFacade:0, Cable Facade - Zane ⑤
appliedenergistics2:item.ItemFacade:0, Cable Facade - Zane ⑥
appliedenergistics2:item.ItemFacade:0, Cable Facade - Zane ⑦
appliedenergistics2:item.ItemFacade:0, Cable Facade - Zane ⑧
appliedenergistics2:item.ItemFacade:0, Cable Facade - Zane ⑨
appliedenergistics2:item.ItemFacade:0, Cable Facade - Zane ⑩
appliedenergistics2:item.ItemFacade:0, Cable Facade - Zane ⑪
appliedenergistics2:item.ItemFacade:0, Cable Facade - Zane ⑫
appliedenergistics2:item.ItemFacade:0, Cable Facade - Zane ⑬
appliedenergistics2:item.ItemFacade:0, Cable Facade - Zane ⑭
appliedenergistics2:item.ItemFacade:0, Cable Facade - Zane ⑮
appliedenergistics2:item.ItemFacade:0, Cable Facade - Zyth ⓪
appliedenergistics2:item.ItemFacade:0, Cable Facade - Zyth ①
appliedenergistics2:item.ItemFacade:0, Cable Facade - Zyth ②
appliedenergistics2:item.ItemFacade:0, Cable Facade - Zyth ③
appliedenergistics2:item.ItemFacade:0, Cable Facade - Zyth ④
appliedenergistics2:item.ItemFacade:0, Cable Facade - Zyth ⑤
appliedenergistics2:item.ItemFacade:0, Cable Facade - Zyth ⑥
appliedenergistics2:item.ItemFacade:0, Cable Facade - Zyth ⑦
appliedenergistics2:item.ItemFacade:0, Cable Facade - Zyth ⑧
appliedenergistics2:item.ItemFacade:0, Cable Facade - Zyth ⑨
appliedenergistics2:item.ItemFacade:0, Cable Facade - Zyth ⑩
appliedenergistics2:item.ItemFacade:0, Cable Facade - Zyth ⑪
appliedenergistics2:item.ItemFacade:0, Cable Facade - Zyth ⑫
appliedenergistics2:item.ItemFacade:0, Cable Facade - Zyth ⑬
appliedenergistics2:item.ItemFacade:0, Cable Facade - Zyth ⑭
appliedenergistics2:item.ItemFacade:0, Cable Facade - Zyth ⑮
appliedenergistics2:item.ItemFacade:0, Cable Facade - Ztyl ⓪
appliedenergistics2:item.ItemFacade:0, Cable Facade - Ztyl ①
appliedenergistics2:item.ItemFacade:0, Cable Facade - Ztyl ②
appliedenergistics2:item.ItemFacade:0, Cable Facade - Ztyl ③
appliedenergistics2:item.ItemFacade:0, Cable Facade - Ztyl ④
appliedenergistics2:item.ItemFacade:0, Cable Facade - Ztyl ⑤
appliedenergistics2:item.ItemFacade:0, Cable Facade - Ztyl ⑥
appliedenergistics2:item.ItemFacade:0, Cable Facade - Ztyl ⑦
appliedenergistics2:item.ItemFacade:0, Cable Facade - Ztyl ⑧
appliedenergistics2:item.ItemFacade:0, Cable Facade - Ztyl ⑨
appliedenergistics2:item.ItemFacade:0, Cable Facade - Ztyl ⑩
appliedenergistics2:item.ItemFacade:0, Cable Facade - Ztyl ⑪
appliedenergistics2:item.ItemFacade:0, Cable Facade - Ztyl ⑫
appliedenergistics2:item.ItemFacade:0, Cable Facade - Ztyl ⑬
appliedenergistics2:item.ItemFacade:0, Cable Facade - Ztyl ⑭
appliedenergistics2:item.ItemFacade:0, Cable Facade - Ztyl ⑮
appliedenergistics2:item.ItemFacade:0, Cable Facade - Brass Block
appliedenergistics2:item.ItemFacade:0, Cable Facade - Clockwork Assembly Table
appliedenergistics2:item.ItemFacade:0, Cable Facade - Winding Box
appliedenergistics2:item.ItemFacade:0, Cable Facade - Disassembler
appliedenergistics2:item.ItemFacade:0, Cable Facade - Celestial Compass
appliedenergistics2:item.ItemFacade:0, Cable Facade - tEmPoRAl oRe
appliedenergistics2:item.ItemFacade:0, Cable Facade - tEmPoRAl sNaD
appliedenergistics2:item.ItemFacade:0, Cable Facade - tEmPoRAl lOg
appliedenergistics2:item.ItemFacade:0, Cable Facade - tEmPoRAl blOCk
appliedenergistics2:item.ItemFacade:0, Cable Facade - Cave Painting
appliedenergistics2:item.ItemFacade:0, Cable Facade - Mirabilis Log
appliedenergistics2:item.ItemFacade:0, Cable Facade - Mirabilis Planks
appliedenergistics2:item.ItemFacade:0, Cable Facade - WyvernLair Log
appliedenergistics2:item.ItemFacade:0, Cable Facade - OgreLair Log
appliedenergistics2:item.ItemFacade:0, Cable Facade - WyvernLair Wood Plank
appliedenergistics2:item.ItemFacade:0, Cable Facade - OgreLair Wood Plank
appliedenergistics2:item.ItemFacade:0, Cable Facade - End Powder Ore
appliedenergistics2:item.ItemFacade:0, Cable Facade - Infested End Stone
appliedenergistics2:item.ItemFacade:0, Cable Facade - Burned End Stone
appliedenergistics2:item.ItemFacade:0, Cable Facade - Enchanted End Stone
appliedenergistics2:item.ItemFacade:0, Cable Facade - Stardust Ore
appliedenergistics2:item.ItemFacade:0, Cable Facade - Laboratory Obsidian
appliedenergistics2:item.ItemFacade:0, Cable Facade - Glowing Ravaged Brick
appliedenergistics2:item.ItemFacade:0, Cable Facade - Dungeon Puzzle (Wall)
appliedenergistics2:item.ItemFacade:0, Cable Facade - Dungeon Puzzle (Rock)
appliedenergistics2:item.ItemFacade:0, Cable Facade - Dungeon Puzzle (Ceiling)
appliedenergistics2:item.ItemFacade:0, Cable Facade - Dungeon Puzzle (Disabled)
appliedenergistics2:item.ItemFacade:0, Cable Facade - Dungeon Puzzle (Triggerable - Unlit)
appliedenergistics2:item.ItemFacade:0, Cable Facade - Dungeon Puzzle (Triggerable - Lit)
appliedenergistics2:item.ItemFacade:0, Cable Facade - Dungeon Puzzle (Non-triggerable - Unlit)
appliedenergistics2:item.ItemFacade:0, Cable Facade - Dungeon Puzzle (Non-triggerable - Lit)
appliedenergistics2:item.ItemFacade:0, Cable Facade - Dungeon Puzzle (Distributor - Spread - Unlit)
appliedenergistics2:item.ItemFacade:0, Cable Facade - Dungeon Puzzle (Distributor - Spread - Lit)
appliedenergistics2:item.ItemFacade:0, Cable Facade - Dungeon Puzzle (Distributor - Square - Unlit)
appliedenergistics2:item.ItemFacade:0, Cable Facade - Dungeon Puzzle (Distributor - Square - Lit)
appliedenergistics2:item.ItemFacade:0, Cable Facade - Laboratory Floor
appliedenergistics2:item.ItemFacade:0, Cable Facade - Cinder
appliedenergistics2:item.ItemFacade:0, Cable Facade - Igneous Rock Ore
appliedenergistics2:item.ItemFacade:0, Cable Facade - Falling Obsidian
appliedenergistics2:item.ItemFacade:0, Cable Facade - Endium Ore
appliedenergistics2:item.ItemFacade:0, Cable Facade - Smooth Obsidian
appliedenergistics2:item.ItemFacade:0, Cable Facade - Chiseled Obsidian
appliedenergistics2:item.ItemFacade:0, Cable Facade - Obsidian Pillar
appliedenergistics2:item.ItemFacade:0, Cable Facade - specialEffects.1.name
appliedenergistics2:item.ItemFacade:0, Cable Facade - specialEffects.2.name
appliedenergistics2:item.ItemFacade:0, Cable Facade - specialEffects.3.name
appliedenergistics2:item.ItemFacade:0, Cable Facade - specialEffects.4.name
appliedenergistics2:item.ItemFacade:0, Cable Facade - specialEffects.5.name
appliedenergistics2:item.ItemFacade:0, Cable Facade - Ravaged Brick
appliedenergistics2:item.ItemFacade:0, Cable Facade - Ravaged Brick
appliedenergistics2:item.ItemFacade:0, Cable Facade - Ravaged Brick
appliedenergistics2:item.ItemFacade:0, Cable Facade - Ravaged Brick
appliedenergistics2:item.ItemFacade:0, Cable Facade - Ravaged Brick
appliedenergistics2:item.ItemFacade:0, Cable Facade - Ravaged Brick
appliedenergistics2:item.ItemFacade:0, Cable Facade - Sphalerite
appliedenergistics2:item.ItemFacade:0, Cable Facade - Sphalerite with Stardust
appliedenergistics2:item.ItemFacade:0, Cable Facade - tile.biomeIslandCore.name
appliedenergistics2:item.ItemFacade:0, Cable Facade - Smooth Glowing Obsidian
appliedenergistics2:item.ItemFacade:0, Cable Facade - Chiseled Glowing Obsidian
appliedenergistics2:item.ItemFacade:0, Cable Facade - Glowing Obsidian Pillar
appliedenergistics2:item.ItemFacade:0, Cable Facade - Persegrit
appliedenergistics2:item.ItemFacade:0, Cable Facade - Persegrit
appliedenergistics2:item.ItemFacade:0, Cable Facade - Persegrit
appliedenergistics2:item.ItemFacade:0, Cable Facade - Persegrit
appliedenergistics2:item.ItemFacade:0, Cable Facade - Persegrit
appliedenergistics2:item.ItemFacade:0, Cable Facade - Persegrit
appliedenergistics2:item.ItemFacade:0, Cable Facade - Persegrit
appliedenergistics2:item.ItemFacade:0, Cable Facade - Persegrit
appliedenergistics2:item.ItemFacade:0, Cable Facade - Persegrit
appliedenergistics2:item.ItemFacade:0, Cable Facade - Persegrit
appliedenergistics2:item.ItemFacade:0, Cable Facade - Persegrit
appliedenergistics2:item.ItemFacade:0, Cable Facade - Persegrit
appliedenergistics2:item.ItemFacade:0, Cable Facade - Persegrit
appliedenergistics2:item.ItemFacade:0, Cable Facade - Persegrit
appliedenergistics2:item.ItemFacade:0, Cable Facade - Persegrit
appliedenergistics2:item.ItemFacade:0, Cable Facade - Persegrit
appliedenergistics2:item.ItemFacade:0, Cable Facade - Endium Block
appliedenergistics2:item.ItemFacade:0, Cable Facade - Smooth Ravaged Brick
appliedenergistics2:item.ItemFacade:0, Cable Facade - Instability Orb Ore
appliedenergistics2:item.ItemFacade:0, Cable Facade - Treated Wood Planks
appliedenergistics2:item.ItemFacade:0, Cable Facade - Treated Wood Planks
appliedenergistics2:item.ItemFacade:0, Cable Facade - Treated Wood Planks
appliedenergistics2:item.ItemFacade:0, Cable Facade - Reinforced Blast Brick
appliedenergistics2:item.ItemFacade:0, Cable Facade - Coke Oven Wall
appliedenergistics2:item.ItemFacade:0, Cable Facade - Heated Coke Oven Wall
appliedenergistics2:item.ItemFacade:0, Cable Facade - Coke Oven Port
appliedenergistics2:item.ItemFacade:0, Cable Facade - Fluix Wire Coil
appliedenergistics2:item.ItemFacade:0, Cable Facade - Dense Wire Coil
appliedenergistics2:item.ItemFacade:0, Cable Facade - Smooth Crystevia Rock
appliedenergistics2:item.ItemFacade:0, Cable Facade - Smooth Creep Stone
appliedenergistics2:item.ItemFacade:0, Cable Facade - Smooth Unstable Stone
appliedenergistics2:item.ItemFacade:0, Cable Facade - Smooth Primed Stone
appliedenergistics2:item.ItemFacade:0, Cable Facade - Smooth Haven Stone
appliedenergistics2:item.ItemFacade:0, Cable Facade - Smooth Abyssal Stone
appliedenergistics2:item.ItemFacade:0, Cable Facade - Smooth Precasian Stone
appliedenergistics2:item.ItemFacade:0, Cable Facade - Smooth Precasian Stone
appliedenergistics2:item.ItemFacade:0, Cable Facade - Smooth Mysterium Stone
appliedenergistics2:item.ItemFacade:0, Cable Facade - Smooth Barathos Hellstone
appliedenergistics2:item.ItemFacade:0, Cable Facade - Smooth Baron Stone
appliedenergistics2:item.ItemFacade:0, Cable Facade - Smooth Toxic Stone
appliedenergistics2:item.ItemFacade:0, Cable Facade - Smooth Lelyetia Stone
appliedenergistics2:item.ItemFacade:0, Cable Facade - Smooth Greckon Stone
appliedenergistics2:item.ItemFacade:0, Cable Facade - Smooth Borean Stone
appliedenergistics2:item.ItemFacade:0, Cable Facade - Smooth Dustopia Stone
appliedenergistics2:item.ItemFacade:0, Cable Facade - Smooth Crystevia Rock Bricks
appliedenergistics2:item.ItemFacade:0, Cable Facade - Smooth Creep Stone Bricks
appliedenergistics2:item.ItemFacade:0, Cable Facade - Smooth Unstable Stone Bricks
appliedenergistics2:item.ItemFacade:0, Cable Facade - Smooth Primed Stone Bricks
appliedenergistics2:item.ItemFacade:0, Cable Facade - Smooth Haven Stone Bricks
appliedenergistics2:item.ItemFacade:0, Cable Facade - Smooth Abyssal Stone Bricks
appliedenergistics2:item.ItemFacade:0, Cable Facade - Smooth Precasian Stone Bricks
appliedenergistics2:item.ItemFacade:0, Cable Facade - Smooth Precasian Stone Bricks
appliedenergistics2:item.ItemFacade:0, Cable Facade - Smooth Mysterium Stone Bricks
appliedenergistics2:item.ItemFacade:0, Cable Facade - Smooth Barathos Hellstone Bricks
appliedenergistics2:item.ItemFacade:0, Cable Facade - Smooth Baron Stone Bricks
appliedenergistics2:item.ItemFacade:0, Cable Facade - Smooth Toxic Stone Bricks
appliedenergistics2:item.ItemFacade:0, Cable Facade - Smooth Lelyetia Stone Bricks
appliedenergistics2:item.ItemFacade:0, Cable Facade - Smooth Greckon Stone Bricks
appliedenergistics2:item.ItemFacade:0, Cable Facade - Smooth Borean Stone Bricks
appliedenergistics2:item.ItemFacade:0, Cable Facade - Smooth Dustopia Stone Bricks
appliedenergistics2:item.ItemFacade:0, Cable Facade - Smooth Iromine Stone
appliedenergistics2:item.ItemFacade:0, Cable Facade - Smooth Deep Rock
appliedenergistics2:item.ItemFacade:0, Cable Facade - Smooth Gardencia Stone
appliedenergistics2:item.ItemFacade:0, Cable Facade - Smooth Iromine Stone Bricks
appliedenergistics2:item.ItemFacade:0, Cable Facade - Smooth Deep Rock Bricks
appliedenergistics2:item.ItemFacade:0, Cable Facade - Smooth Gardencia Stone Bricks
appliedenergistics2:item.ItemFacade:0, Cable Facade - tile.orespider.name
appliedenergistics2:item.ItemFacade:0, Cable Facade - tile.orebat.name
appliedenergistics2:item.ItemFacade:0, Cable Facade - tile.orecow.name
appliedenergistics2:item.ItemFacade:0, Cable Facade - tile.orepig.name
appliedenergistics2:item.ItemFacade:0, Cable Facade - tile.oresquid.name
appliedenergistics2:item.ItemFacade:0, Cable Facade - tile.orechicken.name
appliedenergistics2:item.ItemFacade:0, Cable Facade - tile.orecreeper.name
appliedenergistics2:item.ItemFacade:0, Cable Facade - tile.oreskeleton.name
appliedenergistics2:item.ItemFacade:0, Cable Facade - tile.orezombie.name
appliedenergistics2:item.ItemFacade:0, Cable Facade - tile.oreslime.name
appliedenergistics2:item.ItemFacade:0, Cable Facade - tile.oreghast.name
appliedenergistics2:item.ItemFacade:0, Cable Facade - tile.orezombiepigman.name
appliedenergistics2:item.ItemFacade:0, Cable Facade - tile.oreenderman.name
appliedenergistics2:item.ItemFacade:0, Cable Facade - tile.orecavespider.name
appliedenergistics2:item.ItemFacade:0, Cable Facade - tile.oresilverfish.name
appliedenergistics2:item.ItemFacade:0, Cable Facade - tile.oremagmacube.name
appliedenergistics2:item.ItemFacade:0, Cable Facade - tile.orewitch.name
appliedenergistics2:item.ItemFacade:0, Cable Facade - tile.oresheep.name
appliedenergistics2:item.ItemFacade:0, Cable Facade - tile.orewolf.name
appliedenergistics2:item.ItemFacade:0, Cable Facade - tile.oremooshroom.name
appliedenergistics2:item.ItemFacade:0, Cable Facade - tile.orewitherboss.name
appliedenergistics2:item.ItemFacade:0, Cable Facade - tile.oregirlfriend.name
appliedenergistics2:item.ItemFacade:0, Cable Facade - tile.oreboyfriend.name
appliedenergistics2:item.ItemFacade:0, Cable Facade - tile.oreredcow.name
appliedenergistics2:item.ItemFacade:0, Cable Facade - tile.orecrystalcow.name
appliedenergistics2:item.ItemFacade:0, Cable Facade - tile.orevillager.name
appliedenergistics2:item.ItemFacade:0, Cable Facade - tile.oregoldcow.name
appliedenergistics2:item.ItemFacade:0, Cable Facade - tile.oreenchantedcow.name
appliedenergistics2:item.ItemFacade:0, Cable Facade - tile.oreMOTHRA.name
appliedenergistics2:item.ItemFacade:0, Cable Facade - tile.orealosaurus.name
appliedenergistics2:item.ItemFacade:0, Cable Facade - tile.orecryolophosaurus.name
appliedenergistics2:item.ItemFacade:0, Cable Facade - tile.orecamarasaurus.name
appliedenergistics2:item.ItemFacade:0, Cable Facade - tile.orevelocityraptor.name
appliedenergistics2:item.ItemFacade:0, Cable Facade - tile.orehydrolisc.name
appliedenergistics2:item.ItemFacade:0, Cable Facade - tile.orebasilisc.name
appliedenergistics2:item.ItemFacade:0, Cable Facade - tile.oredragonfly.name
appliedenergistics2:item.ItemFacade:0, Cable Facade - tile.oreemperorscorpion.name
appliedenergistics2:item.ItemFacade:0, Cable Facade - tile.orescorpion.name
appliedenergistics2:item.ItemFacade:0, Cable Facade - tile.orecavefisher.name
appliedenergistics2:item.ItemFacade:0, Cable Facade - tile.orespyro.name
appliedenergistics2:item.ItemFacade:0, Cable Facade - tile.orebaryonyx.name
appliedenergistics2:item.ItemFacade:0, Cable Facade - tile.oregammametroid.name
appliedenergistics2:item.ItemFacade:0, Cable Facade - tile.orecockateil.name
appliedenergistics2:item.ItemFacade:0, Cable Facade - tile.orekyuubi.name
appliedenergistics2:item.ItemFacade:0, Cable Facade - tile.orealien.name
appliedenergistics2:item.ItemFacade:0, Cable Facade - tile.oreirongolem.name
appliedenergistics2:item.ItemFacade:0, Cable Facade - tile.oresnowgolem.name
appliedenergistics2:item.ItemFacade:0, Cable Facade - tile.oreenderdragon.name
appliedenergistics2:item.ItemFacade:0, Cable Facade - tile.oreocelot.name
appliedenergistics2:item.ItemFacade:0, Cable Facade - tile.orewitherskeleton.name
appliedenergistics2:item.ItemFacade:0, Cable Facade - tile.oreblaze.name
appliedenergistics2:item.ItemFacade:0, Cable Facade - tile.oreattacksquid.name
appliedenergistics2:item.ItemFacade:0, Cable Facade - tile.orewaterdragon.name
appliedenergistics2:item.ItemFacade:0, Cable Facade - tile.orecephadrome.name
appliedenergistics2:item.ItemFacade:0, Cable Facade - tile.orekraken.name
appliedenergistics2:item.ItemFacade:0, Cable Facade - tile.orelizard.name
appliedenergistics2:item.ItemFacade:0, Cable Facade - tile.oredragon.name
appliedenergistics2:item.ItemFacade:0, Cable Facade - tile.orebee.name
appliedenergistics2:item.ItemFacade:0, Cable Facade - tile.orehorse.name
appliedenergistics2:item.ItemFacade:0, Cable Facade - tile.oretrooper.name
appliedenergistics2:item.ItemFacade:0, Cable Facade - tile.orespit.name
appliedenergistics2:item.ItemFacade:0, Cable Facade - tile.orestink.name
appliedenergistics2:item.ItemFacade:0, Cable Facade - tile.oreostrich.name
appliedenergistics2:item.ItemFacade:0, Cable Facade - tile.oregazelle.name
appliedenergistics2:item.ItemFacade:0, Cable Facade - tile.orechipmunk.name
appliedenergistics2:item.ItemFacade:0, Cable Facade - tile.orecreepinghorror.name
appliedenergistics2:item.ItemFacade:0, Cable Facade - tile.oreterribleterror.name
appliedenergistics2:item.ItemFacade:0, Cable Facade - tile.orecliffracer.name
appliedenergistics2:item.ItemFacade:0, Cable Facade - tile.oretriffid.name
appliedenergistics2:item.ItemFacade:0, Cable Facade - tile.orenightmare.name
appliedenergistics2:item.ItemFacade:0, Cable Facade - tile.orelurkingterror.name
appliedenergistics2:item.ItemFacade:0, Cable Facade - tile.oregodzillapart.name
appliedenergistics2:item.ItemFacade:0, Cable Facade - tile.oregodzilla.name
appliedenergistics2:item.ItemFacade:0, Cable Facade - tile.orethekingpart.name
appliedenergistics2:item.ItemFacade:0, Cable Facade - tile.oretheking.name
appliedenergistics2:item.ItemFacade:0, Cable Facade - tile.orethequeenpart.name
appliedenergistics2:item.ItemFacade:0, Cable Facade - tile.orethequeen.name
appliedenergistics2:item.ItemFacade:0, Cable Facade - tile.oresmallworm.name
appliedenergistics2:item.ItemFacade:0, Cable Facade - tile.oremediumworm.name
appliedenergistics2:item.ItemFacade:0, Cable Facade - tile.orelargeworm.name
appliedenergistics2:item.ItemFacade:0, Cable Facade - tile.orecassowary.name
appliedenergistics2:item.ItemFacade:0, Cable Facade - tile.orecloudshark.name
appliedenergistics2:item.ItemFacade:0, Cable Facade - tile.oregoldfish.name
appliedenergistics2:item.ItemFacade:0, Cable Facade - tile.oreleafmonster.name
appliedenergistics2:item.ItemFacade:0, Cable Facade - tile.oretshirt.name
appliedenergistics2:item.ItemFacade:0, Cable Facade - tile.oreenderknight.name
appliedenergistics2:item.ItemFacade:0, Cable Facade - tile.oreenderreaper.name
appliedenergistics2:item.ItemFacade:0, Cable Facade - tile.orebeaver.name
appliedenergistics2:item.ItemFacade:0, Cable Facade - tile.oreurchin.name
appliedenergistics2:item.ItemFacade:0, Cable Facade - tile.oreflounder.name
appliedenergistics2:item.ItemFacade:0, Cable Facade - tile.oreskate.name
appliedenergistics2:item.ItemFacade:0, Cable Facade - tile.orerotator.name
appliedenergistics2:item.ItemFacade:0, Cable Facade - tile.orepeacock.name
appliedenergistics2:item.ItemFacade:0, Cable Facade - tile.orefairy.name
appliedenergistics2:item.ItemFacade:0, Cable Facade - tile.oredungeonbeast.name
appliedenergistics2:item.ItemFacade:0, Cable Facade - tile.orevortex.name
appliedenergistics2:item.ItemFacade:0, Cable Facade - tile.orerat.name
appliedenergistics2:item.ItemFacade:0, Cable Facade - tile.orewhale.name
appliedenergistics2:item.ItemFacade:0, Cable Facade - tile.oreirukandji.name
appliedenergistics2:item.ItemFacade:0, Cable Facade - tile.oretrex.name
appliedenergistics2:item.ItemFacade:0, Cable Facade - tile.orehercules.name
appliedenergistics2:item.ItemFacade:0, Cable Facade - tile.oremantis.name
appliedenergistics2:item.ItemFacade:0, Cable Facade - tile.orestinky.name
appliedenergistics2:item.ItemFacade:0, Cable Facade - tile.oreeasterbunny.name
appliedenergistics2:item.ItemFacade:0, Cable Facade - tile.orecaterkiller.name
appliedenergistics2:item.ItemFacade:0, Cable Facade - tile.oremolenoid.name
appliedenergistics2:item.ItemFacade:0, Cable Facade - tile.oreseamonster.name
appliedenergistics2:item.ItemFacade:0, Cable Facade - tile.oreseaviper.name
appliedenergistics2:item.ItemFacade:0, Cable Facade - tile.oreleon.name
appliedenergistics2:item.ItemFacade:0, Cable Facade - tile.orehammerhead.name
appliedenergistics2:item.ItemFacade:0, Cable Facade - tile.orerubberducky.name
appliedenergistics2:item.ItemFacade:0, Cable Facade - tile.orecriminal.name
appliedenergistics2:item.ItemFacade:0, Cable Facade - tile.orebrutalfly.name
appliedenergistics2:item.ItemFacade:0, Cable Facade - tile.orenastysaurus.name
appliedenergistics2:item.ItemFacade:0, Cable Facade - tile.orepointysaurus.name
appliedenergistics2:item.ItemFacade:0, Cable Facade - tile.orecricket.name
appliedenergistics2:item.ItemFacade:0, Cable Facade - tile.orefrog.name
appliedenergistics2:item.ItemFacade:0, Cable Facade - tile.orespiderdriver.name
appliedenergistics2:item.ItemFacade:0, Cable Facade - tile.orecrab.name
appliedenergistics2:item.ItemFacade:0, Cable Facade - tile.oresalt.name
appliedenergistics2:item.ItemFacade:0, Cable Facade - tile.blockteleport.name
appliedenergistics2:item.ItemFacade:0, Cable Facade - tile.blocktitanium.name
appliedenergistics2:item.ItemFacade:0, Cable Facade - tile.blockuranium.name
appliedenergistics2:item.ItemFacade:0, Cable Facade - tile.oreruby.name
appliedenergistics2:item.ItemFacade:0, Cable Facade - tile.oreamethyst.name
appliedenergistics2:item.ItemFacade:0, Cable Facade - tile.skytreelog.name
appliedenergistics2:item.ItemFacade:0, Cable Facade - tile.blockenderpearl.name
appliedenergistics2:item.ItemFacade:0, Cable Facade - tile.blockeyeofender.name
appliedenergistics2:item.ItemFacade:0, Cable Facade - Beehive
appliedenergistics2:item.ItemFacade:0, Cable Facade - tile.sink.name
appliedenergistics2:item.ItemFacade:0, Cable Facade - tile.sink.name
appliedenergistics2:item.ItemFacade:0, Cable Facade - tile.sink.name
appliedenergistics2:item.ItemFacade:0, Cable Facade - tile.sink.name
appliedenergistics2:item.ItemFacade:0, Cable Facade - Salt Ore
appliedenergistics2:item.ItemFacade:0, Cable Facade - Compressed Salt Block
appliedenergistics2:item.ItemFacade:0, Cable Facade - Oak Trim
appliedenergistics2:item.ItemFacade:0, Cable Facade - Spruce Trim
appliedenergistics2:item.ItemFacade:0, Cable Facade - Birch Trim
appliedenergistics2:item.ItemFacade:0, Cable Facade - Jungle Trim
appliedenergistics2:item.ItemFacade:0, Cable Facade - Acacia Trim
appliedenergistics2:item.ItemFacade:0, Cable Facade - Dark Oak Trim
appliedenergistics2:item.ItemFacade:0, Cable Facade - Baobab Trim
appliedenergistics2:item.ItemFacade:0, Cable Facade - Eucalyptus Trim
appliedenergistics2:item.ItemFacade:0, Cable Facade - Mahogany Trim
appliedenergistics2:item.ItemFacade:0, Cable Facade - Mossbark Trim
appliedenergistics2:item.ItemFacade:0, Cable Facade - Asper Trim
appliedenergistics2:item.ItemFacade:0, Cable Facade - Cypress Trim
appliedenergistics2:item.ItemFacade:0, Cable Facade - White Trim
appliedenergistics2:item.ItemFacade:0, Cable Facade - Bamboo Trim
appliedenergistics2:item.ItemFacade:0, Cable Facade - Rotten Trim
appliedenergistics2:item.ItemFacade:0, Cable Facade - Marshwood Trim
appliedenergistics2:item.ItemFacade:0, Cable Facade - Scorched Trim
appliedenergistics2:item.ItemFacade:0, Cable Facade - Varnished Trim
appliedenergistics2:item.ItemFacade:0, Cable Facade - Walkway
appliedenergistics2:item.ItemFacade:0, Cable Facade - Wall
appliedenergistics2:item.ItemFacade:0, Cable Facade - tile.TardisMod.DecoBlock.Walkway.name
appliedenergistics2:item.ItemFacade:0, Cable Facade - Solid Block
appliedenergistics2:item.ItemFacade:0, Cable Facade - Flat Block
appliedenergistics2:item.ItemFacade:0, Cable Facade - Solid Bricks
appliedenergistics2:item.ItemFacade:0, Cable Facade - Solid Planks
appliedenergistics2:item.ItemFacade:0, Cable Facade - Roundel
appliedenergistics2:item.ItemFacade:0, Cable Facade - Manual
appliedenergistics2:item.ItemFacade:0, Cable Facade - Solid Block (c)
appliedenergistics2:item.ItemFacade:0, Cable Facade - Flat Block (c)
appliedenergistics2:item.ItemFacade:0, Cable Facade - Solid Bricks (c)
appliedenergistics2:item.ItemFacade:0, Cable Facade - Solid Planks (c)
appliedenergistics2:item.ItemFacade:0, Cable Facade - Walkway (c)
appliedenergistics2:item.ItemFacade:0, Cable Facade - Wall (c)
appliedenergistics2:item.ItemFacade:0, Cable Facade - tile.TardisMod.DecoBlock.Simulacrum.Walkway.name
appliedenergistics2:item.ItemFacade:0, Cable Facade - Betweenstone
appliedenergistics2:item.ItemFacade:0, Cable Facade - Pitstone
appliedenergistics2:item.ItemFacade:0, Cable Facade - Limestone
appliedenergistics2:item.ItemFacade:0, Cable Facade - Betweenlands Bedrock
appliedenergistics2:item.ItemFacade:0, Cable Facade - Swamp Dirt
appliedenergistics2:item.ItemFacade:0, Cable Facade - Silt
appliedenergistics2:item.ItemFacade:0, Cable Facade - Mud
appliedenergistics2:item.ItemFacade:0, Cable Facade - Peat
appliedenergistics2:item.ItemFacade:0, Cable Facade - Slimy Dirt
appliedenergistics2:item.ItemFacade:0, Cable Facade - Weedwood Log
appliedenergistics2:item.ItemFacade:0, Cable Facade - Weedwood
appliedenergistics2:item.ItemFacade:0, Cable Facade - Weedwood Bark
appliedenergistics2:item.ItemFacade:0, Cable Facade - Rotten Weedwood Bark
appliedenergistics2:item.ItemFacade:0, Cable Facade - Sap Tree Log
appliedenergistics2:item.ItemFacade:0, Cable Facade - Portal Tree Bark
appliedenergistics2:item.ItemFacade:0, Cable Facade - Portal Frame
appliedenergistics2:item.ItemFacade:0, Cable Facade - Portal Frame
appliedenergistics2:item.ItemFacade:0, Cable Facade - Portal Frame
appliedenergistics2:item.ItemFacade:0, Cable Facade - Portal Frame
appliedenergistics2:item.ItemFacade:0, Cable Facade - Portal Frame
appliedenergistics2:item.ItemFacade:0, Cable Facade - Portal Frame
appliedenergistics2:item.ItemFacade:0, Cable Facade - Portal Frame
appliedenergistics2:item.ItemFacade:0, Cable Facade - Portal Frame
appliedenergistics2:item.ItemFacade:0, Cable Facade - Portal Frame
appliedenergistics2:item.ItemFacade:0, Cable Facade - Portal Frame
appliedenergistics2:item.ItemFacade:0, Cable Facade - Portal Frame
appliedenergistics2:item.ItemFacade:0, Cable Facade - Portal Frame
appliedenergistics2:item.ItemFacade:0, Cable Facade - Portal Frame
appliedenergistics2:item.ItemFacade:0, Cable Facade - Portal Frame
appliedenergistics2:item.ItemFacade:0, Cable Facade - Portal Frame
appliedenergistics2:item.ItemFacade:0, Cable Facade - Portal Frame
appliedenergistics2:item.ItemFacade:0, Cable Facade - Weedwood Planks
appliedenergistics2:item.ItemFacade:0, Cable Facade - Rubber Tree Planks
appliedenergistics2:item.ItemFacade:0, Cable Facade - Bulb-Capped Mushroom Stalk
appliedenergistics2:item.ItemFacade:0, Cable Facade - Shelf Fungus
appliedenergistics2:item.ItemFacade:0, Cable Facade - Mud Bricks
appliedenergistics2:item.ItemFacade:0, Cable Facade - Angry Betweenstone
appliedenergistics2:item.ItemFacade:0, Cable Facade - Glowing Betweenstone Tile
appliedenergistics2:item.ItemFacade:0, Cable Facade - Betweenstone Bricks
appliedenergistics2:item.ItemFacade:0, Cable Facade - Cracked Betweenstone Brick
appliedenergistics2:item.ItemFacade:0, Cable Facade - Betweenstone Tiles
appliedenergistics2:item.ItemFacade:0, Cable Facade - Mossy Betweenstone Bricks
appliedenergistics2:item.ItemFacade:0, Cable Facade - Mossy Betweenstone Tiles
appliedenergistics2:item.ItemFacade:0, Cable Facade - Cracked Betweenstone Tiles
appliedenergistics2:item.ItemFacade:0, Cable Facade - Weak Betweenstone Tiles
appliedenergistics2:item.ItemFacade:0, Cable Facade - Weak Mossy Betweenstone Tiles
appliedenergistics2:item.ItemFacade:0, Cable Facade - Mossy Smooth Betweenstone
appliedenergistics2:item.ItemFacade:0, Cable Facade - Chiseled Betweenstone
appliedenergistics2:item.ItemFacade:0, Cable Facade - Chiseled Cragrock
appliedenergistics2:item.ItemFacade:0, Cable Facade - Cragrock Bricks
appliedenergistics2:item.ItemFacade:0, Cable Facade - Polished Limestone
appliedenergistics2:item.ItemFacade:0, Cable Facade - Limestone Bricks
appliedenergistics2:item.ItemFacade:0, Cable Facade - Limestone Tiles
appliedenergistics2:item.ItemFacade:0, Cable Facade - Weak Polished Limestone
appliedenergistics2:item.ItemFacade:0, Cable Facade - Chiseled Limestone
appliedenergistics2:item.ItemFacade:0, Cable Facade - Cragrock Tiles
appliedenergistics2:item.ItemFacade:0, Cable Facade - Bronze Circle Brick
appliedenergistics2:item.ItemFacade:0, Cable Facade - Silver Circle Brick
appliedenergistics2:item.ItemFacade:0, Cable Facade - Gold Circle Brick
appliedenergistics2:item.ItemFacade:0, Cable Facade - Smooth Betweenstone
appliedenergistics2:item.ItemFacade:0, Cable Facade - Smooth Cragrock
appliedenergistics2:item.ItemFacade:0, Cable Facade - Solid Tar
appliedenergistics2:item.ItemFacade:0, Cable Facade - Sulfur Block
appliedenergistics2:item.ItemFacade:0, Cable Facade - Syrmorite Block
appliedenergistics2:item.ItemFacade:0, Cable Facade - Octine Block
appliedenergistics2:item.ItemFacade:0, Cable Facade - Valonite Block
appliedenergistics2:item.ItemFacade:0, Cable Facade - Temple Bricks
appliedenergistics2:item.ItemFacade:0, Cable Facade - Mossy Temple Brick
appliedenergistics2:item.ItemFacade:0, Cable Facade - Cracked Temple Brick
appliedenergistics2:item.ItemFacade:0, Cable Facade - Bloody Temple Brick
appliedenergistics2:item.ItemFacade:0, Cable Facade - Smooth Temple Brick
appliedenergistics2:item.ItemFacade:0, Cable Facade - Chiseled Temple Brick
appliedenergistics2:item.ItemFacade:0, Cable Facade - Dungeon Tile
appliedenergistics2:item.ItemFacade:0, Cable Facade - Dungeon Wall
appliedenergistics2:item.ItemFacade:0, Cable Facade - Temple Pillar
appliedenergistics2:item.ItemFacade:0, Cable Facade - Thatch
appliedenergistics2:item.ItemFacade:0, Cable Facade - Block of Compost
appliedenergistics2:item.ItemFacade:0, Cable Facade - Block of Mire Coral
appliedenergistics2:item.ItemFacade:0, Cable Facade - Block of Deep Water Coral
appliedenergistics2:item.ItemFacade:0, Cable Facade - Smooth Pitstone
appliedenergistics2:item.ItemFacade:0, Cable Facade - Pitstone Bricks
appliedenergistics2:item.ItemFacade:0, Cable Facade - Pitstone Tiles
appliedenergistics2:item.ItemFacade:0, Cable Facade - Chiseled Pitstone
appliedenergistics2:item.ItemFacade:0, Cable Facade - Chock-A-Block
appliedenergistics2:item.ItemFacade:0, Cable Facade - Totem Block
appliedenergistics2:item.ItemFacade:0, Cable Facade - Silt Glass
appliedenergistics2:item.ItemFacade:0, Cable Facade - Polished Green Dentrothyst
appliedenergistics2:item.ItemFacade:0, Cable Facade - Polished Orange Dentrothyst
appliedenergistics2:item.ItemFacade:0, Cable Facade - Slimy Bone Block
appliedenergistics2:item.ItemFacade:0, Cable Facade - Aqua Middle Gem Block
appliedenergistics2:item.ItemFacade:0, Cable Facade - Crimson Middle Gem Block
appliedenergistics2:item.ItemFacade:0, Cable Facade - Green Middle Gem Block
appliedenergistics2:item.ItemFacade:0, Cable Facade - Mossy Limestone Bricks
appliedenergistics2:item.ItemFacade:0, Cable Facade - Cracked Limestone Bricks
appliedenergistics2:item.ItemFacade:0, Cable Facade - Glowing Smooth Cragrock
appliedenergistics2:item.ItemFacade:0, Cable Facade - Weedwood Planks Slab
appliedenergistics2:item.ItemFacade:0, Cable Facade - Rubber Tree Planks Slab
appliedenergistics2:item.ItemFacade:0, Cable Facade - Betweenstone Brick Slab
appliedenergistics2:item.ItemFacade:0, Cable Facade - Mud Brick Slab
appliedenergistics2:item.ItemFacade:0, Cable Facade - Cragrock Brick Slab
appliedenergistics2:item.ItemFacade:0, Cable Facade - Limestone Brick Slab
appliedenergistics2:item.ItemFacade:0, Cable Facade - Limestone Slab
appliedenergistics2:item.ItemFacade:0, Cable Facade - Smooth Betweenstone Slab
appliedenergistics2:item.ItemFacade:0, Cable Facade - Smooth Cragrock Slab
appliedenergistics2:item.ItemFacade:0, Cable Facade - Smooth Pitstone Slab
appliedenergistics2:item.ItemFacade:0, Cable Facade - Solid Tar Slab
appliedenergistics2:item.ItemFacade:0, Cable Facade - Temple Brick Slab
appliedenergistics2:item.ItemFacade:0, Cable Facade - Pitstone Brick Slab
appliedenergistics2:item.ItemFacade:0, Cable Facade - Thatch Slab
appliedenergistics2:item.ItemFacade:0, Cable Facade - Mossy Betweenstone Brick Slab
appliedenergistics2:item.ItemFacade:0, Cable Facade - Mossy Smooth Betweenstone Slab
appliedenergistics2:item.ItemFacade:0, Cable Facade - Cracked Betweenstone Brick Slab
appliedenergistics2:item.ItemFacade:0, Cable Facade - Baobab Wood
appliedenergistics2:item.ItemFacade:0, Cable Facade - Eucalyptus Wood
appliedenergistics2:item.ItemFacade:0, Cable Facade - Mahogany Wood
appliedenergistics2:item.ItemFacade:0, Cable Facade - Mossbark Wood
appliedenergistics2:item.ItemFacade:0, Cable Facade - Asper Wood
appliedenergistics2:item.ItemFacade:0, Cable Facade - Cypress Wood
appliedenergistics2:item.ItemFacade:0, Cable Facade - Balsam Wood
appliedenergistics2:item.ItemFacade:0, Cable Facade - Rotten Wood
appliedenergistics2:item.ItemFacade:0, Cable Facade - Marshwood Wood
appliedenergistics2:item.ItemFacade:0, Cable Facade - Umberstone
appliedenergistics2:item.ItemFacade:0, Cable Facade - Umbercobble
appliedenergistics2:item.ItemFacade:0, Cable Facade - Mossy Umbercobble
appliedenergistics2:item.ItemFacade:0, Cable Facade - Webbed Umbercobble
appliedenergistics2:item.ItemFacade:0, Cable Facade - Umbricks
appliedenergistics2:item.ItemFacade:0, Cable Facade - Smooth Umbertile
appliedenergistics2:item.ItemFacade:0, Cable Facade - Smooth Umbertiles
appliedenergistics2:item.ItemFacade:0, Cable Facade - Redgem
appliedenergistics2:item.ItemFacade:0, Cable Facade - Redlamp
appliedenergistics2:item.ItemFacade:0, Cable Facade - Quicksand
appliedenergistics2:item.ItemFacade:0, Cable Facade - Volcanic Rock
appliedenergistics2:item.ItemFacade:0, Cable Facade - Umberpebbles
appliedenergistics2:item.ItemFacade:0, Cable Facade - Coal Ore
appliedenergistics2:item.ItemFacade:0, Cable Facade - Iron Ore
appliedenergistics2:item.ItemFacade:0, Cable Facade - Gold Ore
appliedenergistics2:item.ItemFacade:0, Cable Facade - Lapis Ore
appliedenergistics2:item.ItemFacade:0, Cable Facade - Diamond Ore
appliedenergistics2:item.ItemFacade:0, Cable Facade - Emerald Ore
appliedenergistics2:item.ItemFacade:0, Cable Facade - Jade Ore
appliedenergistics2:item.ItemFacade:0, Cable Facade - Volcanic Diamond Ore
appliedenergistics2:item.ItemFacade:0, Cable Facade - Petrified Wood Ore
appliedenergistics2:item.ItemFacade:0, Cable Facade - Fossil Ore
appliedenergistics2:item.ItemFacade:0, Cable Facade - Gneiss Ore
appliedenergistics2:item.ItemFacade:0, Cable Facade - Quartz Ore
appliedenergistics2:item.ItemFacade:0, Cable Facade - Aluminium Ore
appliedenergistics2:item.ItemFacade:0, Cable Facade - Copper Ore
appliedenergistics2:item.ItemFacade:0, Cable Facade - Lead Ore
appliedenergistics2:item.ItemFacade:0, Cable Facade - Silver Ore
appliedenergistics2:item.ItemFacade:0, Cable Facade - Tin Ore
appliedenergistics2:item.ItemFacade:0, Cable Facade - Baobab Planks
appliedenergistics2:item.ItemFacade:0, Cable Facade - Eucalyptus Planks
appliedenergistics2:item.ItemFacade:0, Cable Facade - Mahogany Planks
appliedenergistics2:item.ItemFacade:0, Cable Facade - Mossbark Planks
appliedenergistics2:item.ItemFacade:0, Cable Facade - Asper Planks
appliedenergistics2:item.ItemFacade:0, Cable Facade - Cypress Planks
appliedenergistics2:item.ItemFacade:0, Cable Facade - Balsam Planks
appliedenergistics2:item.ItemFacade:0, Cable Facade - White Planks
appliedenergistics2:item.ItemFacade:0, Cable Facade - Bamboo Planks
appliedenergistics2:item.ItemFacade:0, Cable Facade - Rotten Planks
appliedenergistics2:item.ItemFacade:0, Cable Facade - Marshwood Planks
appliedenergistics2:item.ItemFacade:0, Cable Facade - Black Petal Block
appliedenergistics2:item.ItemFacade:0, Cable Facade - Red Petal Block
appliedenergistics2:item.ItemFacade:0, Cable Facade - Brown Petal Block
appliedenergistics2:item.ItemFacade:0, Cable Facade - Blue Petal Block
appliedenergistics2:item.ItemFacade:0, Cable Facade - Purple Petal Block
appliedenergistics2:item.ItemFacade:0, Cable Facade - Cyan Petal Block
appliedenergistics2:item.ItemFacade:0, Cable Facade - Light Gray Petal Block
appliedenergistics2:item.ItemFacade:0, Cable Facade - Gray Petal Block
appliedenergistics2:item.ItemFacade:0, Cable Facade - Pink Petal Block
appliedenergistics2:item.ItemFacade:0, Cable Facade - Yellow Petal Block
appliedenergistics2:item.ItemFacade:0, Cable Facade - Light Blue Petal Block
appliedenergistics2:item.ItemFacade:0, Cable Facade - Magenta Petal Block
appliedenergistics2:item.ItemFacade:0, Cable Facade - Orange Petal Block
appliedenergistics2:item.ItemFacade:0, Cable Facade - White Petal Block
appliedenergistics2:item.ItemFacade:0, Cable Facade - Exploding Stigma
appliedenergistics2:item.ItemFacade:0, Cable Facade - Stem
appliedenergistics2:item.ItemFacade:0, Cable Facade - Black Stigma
appliedenergistics2:item.ItemFacade:0, Cable Facade - Red Stigma
appliedenergistics2:item.ItemFacade:0, Cable Facade - Brown Stigma
appliedenergistics2:item.ItemFacade:0, Cable Facade - Blue Stigma
appliedenergistics2:item.ItemFacade:0, Cable Facade - Purple Stigma
appliedenergistics2:item.ItemFacade:0, Cable Facade - Cyan Stigma
appliedenergistics2:item.ItemFacade:0, Cable Facade - Light Gray Stigma
appliedenergistics2:item.ItemFacade:0, Cable Facade - Gray Stigma
appliedenergistics2:item.ItemFacade:0, Cable Facade - Pink Stigma
appliedenergistics2:item.ItemFacade:0, Cable Facade - Yellow Stigma
appliedenergistics2:item.ItemFacade:0, Cable Facade - Light Blue Stigma
appliedenergistics2:item.ItemFacade:0, Cable Facade - Magenta Stigma
appliedenergistics2:item.ItemFacade:0, Cable Facade - Orange Stigma
appliedenergistics2:item.ItemFacade:0, Cable Facade - White Stigma
appliedenergistics2:item.ItemFacade:0, Cable Facade - Scorched Wood
appliedenergistics2:item.ItemFacade:0, Cable Facade - Scorched Planks
appliedenergistics2:item.ItemFacade:0, Cable Facade - Varnished Planks
appliedenergistics2:item.ItemFacade:0, Cable Facade - Balsam resinless log
appliedenergistics2:item.ItemFacade:0, Cable Facade - Dark Capped Mushroom
appliedenergistics2:item.ItemFacade:0, Cable Facade - Grandma's Shoes Mushroom
appliedenergistics2:item.ItemFacade:0, Cable Facade - Sarcastic Czech Mushroom
appliedenergistics2:item.ItemFacade:0, Cable Facade - Kaizer's Fingers Mushroom
appliedenergistics2:item.ItemFacade:0, Cable Facade - Dutch Cap Mushroom
appliedenergistics2:item.ItemFacade:0, Cable Facade - Giant Lily Pad
appliedenergistics2:item.ItemFacade:0, Cable Facade - Silk
appliedenergistics2:item.ItemFacade:0, Cable Facade - Mirbrick
appliedenergistics2:item.ItemFacade:0, Cable Facade - Petrified Wood Planks
appliedenergistics2:item.ItemFacade:0, Cable Facade - Petrified Crafting Table
appliedenergistics2:item.ItemFacade:0, Cable Facade - Umberpaver
appliedenergistics2:item.ItemFacade:0, Cable Facade - Mossy Umberpaver
appliedenergistics2:item.ItemFacade:0, Cable Facade - Webbed Umberpaver
appliedenergistics2:item.ItemFacade:0, Cable Facade - Reinforced Exoskeleton Block
appliedenergistics2:item.ItemFacade:0, Cable Facade - Umberstone Pillar
appliedenergistics2:item.ItemFacade:0, Cable Facade - Mud
appliedenergistics2:item.ItemFacade:0, Cable Facade - Mud Bricks
appliedenergistics2:item.ItemFacade:0, Cable Facade - Jade Block
appliedenergistics2:item.ItemFacade:0, Cable Facade - Mucus Bomb
appliedenergistics2:item.ItemFacade:0, Cable Facade - Velocity Block
appliedenergistics2:item.ItemFacade:0, Cable Facade - Lightning Speed Block
appliedenergistics2:item.ItemFacade:0, Cable Facade - Pyramid Capstone
appliedenergistics2:item.ItemFacade:0, Cable Facade - Gneiss
appliedenergistics2:item.ItemFacade:0, Cable Facade - Carved Gneiss
appliedenergistics2:item.ItemFacade:0, Cable Facade - Layered Gneiss
appliedenergistics2:item.ItemFacade:0, Cable Facade - Gneiss Brick
appliedenergistics2:item.ItemFacade:0, Cable Facade - Smooth Gneiss
appliedenergistics2:item.ItemFacade:0, Cable Facade - Gneiss Tiles
appliedenergistics2:item.ItemFacade:0, Cable Facade - Temple Brick
appliedenergistics2:item.ItemFacade:0, Cable Facade - Temple Pillar
appliedenergistics2:item.ItemFacade:0, Cable Facade - Temple Tile
appliedenergistics2:item.ItemFacade:0, Cable Facade - Temple Brick Unbreaking
appliedenergistics2:item.ItemFacade:0, Cable Facade - Anthill Block
appliedenergistics2:item.ItemFacade:0, Cable Facade - Chunk O' Head
appliedenergistics2:item.ItemFacade:0, Cable Facade - Eudialyte Ore
appliedenergistics2:item.ItemFacade:0, Cable Facade - Zircon Ore
appliedenergistics2:item.ItemFacade:0, Cable Facade - Azurite Ore
appliedenergistics2:item.ItemFacade:0, Cable Facade - Eudialyte Block
appliedenergistics2:item.ItemFacade:0, Cable Facade - Zircon Block
appliedenergistics2:item.ItemFacade:0, Cable Facade - Azurite Block
appliedenergistics2:item.ItemFacade:0, Cable Facade - Block of Cubic Zirconium
appliedenergistics2:item.ItemFacade:0, Cable Facade - Thatch Bundle
appliedenergistics2:item.ItemFacade:0, Cable Facade - Bamboo Bundle
appliedenergistics2:item.ItemFacade:0, Cable Facade - Palm Log
appliedenergistics2:item.ItemFacade:0, Cable Facade - Mahogany Log
appliedenergistics2:item.ItemFacade:0, Cable Facade - Palm Planks
appliedenergistics2:item.ItemFacade:0, Cable Facade - Mahogany Planks
appliedenergistics2:item.ItemFacade:0, Cable Facade - Tropics Portal Wall
appliedenergistics2:item.ItemFacade:0, Cable Facade - Tropics Portal Wall
appliedenergistics2:item.ItemFacade:0, Cable Facade - Tropics Portal Wall
appliedenergistics2:item.ItemFacade:0, Cable Facade - Purified Sand
appliedenergistics2:item.ItemFacade:0, Cable Facade - Coral Sands
appliedenergistics2:item.ItemFacade:0, Cable Facade - Foamy Sands
appliedenergistics2:item.ItemFacade:0, Cable Facade - Black Sands
appliedenergistics2:item.ItemFacade:0, Cable Facade - Mineral Sands
appliedenergistics2:item.ItemFacade:0, Cable Facade - Unidentified Wood
appliedenergistics2:item.ItemFacade:0, Cable Facade - Silicon Ore
appliedenergistics2:item.ItemFacade:0, Cable Facade - Copper Ore
appliedenergistics2:item.ItemFacade:0, Cable Facade - Lithium Ore
appliedenergistics2:item.ItemFacade:0, Cable Facade - Bauxite Ore
appliedenergistics2:item.ItemFacade:0, Cable Facade - Satellite Dish
appliedenergistics2:item.ItemFacade:0, Cable Facade - Sacrificial Spawner
appliedenergistics2:item.ItemFacade:0, Cable Facade - Sacrificial Spawner (Creative)
appliedenergistics2:item.ItemFacade:0, Cable Facade - Supply Crate (Weyland-Yutani)
appliedenergistics2:item.ItemFacade:0, Cable Facade - Mainframe Panel Shimmer
appliedenergistics2:item.ItemFacade:0, Cable Facade - Mainframe Panel Flicker
appliedenergistics2:item.ItemFacade:0, Cable Facade - Unidentified dirt
appliedenergistics2:item.ItemFacade:0, Cable Facade - Unidentified dirt
appliedenergistics2:item.ItemFacade:0, Cable Facade - Unidentified stone
appliedenergistics2:item.ItemFacade:0, Cable Facade - Unidentified sand
appliedenergistics2:item.ItemFacade:0, Cable Facade - Unidentified gravel
appliedenergistics2:item.ItemFacade:0, Cable Facade - Ceiling Panel
appliedenergistics2:item.ItemFacade:0, Cable Facade - Industrial Wall
appliedenergistics2:item.ItemFacade:0, Cable Facade - Industrial Wall
appliedenergistics2:item.ItemFacade:0, Cable Facade - Industrial Bricks
appliedenergistics2:item.ItemFacade:0, Cable Facade - Metal Panel
appliedenergistics2:item.ItemFacade:0, Cable Facade - Metal Panel
appliedenergistics2:item.ItemFacade:0, Cable Facade - Metal Panel
appliedenergistics2:item.ItemFacade:0, Cable Facade - Hive Resin
appliedenergistics2:item.ItemFacade:0, Cable Facade - Ship Panel
appliedenergistics2:item.ItemFacade:0, Cable Facade - Ship Panel Yautja
appliedenergistics2:item.ItemFacade:0, Cable Facade - Ovamorph Design
appliedenergistics2:item.ItemFacade:0, Cable Facade - Facehugger Design
appliedenergistics2:item.ItemFacade:0, Cable Facade - Alien Design
appliedenergistics2:item.ItemFacade:0, Cable Facade - Ship Wall Base
appliedenergistics2:item.ItemFacade:0, Cable Facade - Ship Support Pillar
appliedenergistics2:item.ItemFacade:0, Cable Facade - Ship Decor
appliedenergistics2:item.ItemFacade:0, Cable Facade - Ship Decor
appliedenergistics2:item.ItemFacade:0, Cable Facade - Ship Decor
appliedenergistics2:item.ItemFacade:0, Cable Facade - Ship Brick
appliedenergistics2:item.ItemFacade:0, Cable Facade - Temple Brick Single
appliedenergistics2:item.ItemFacade:0, Cable Facade - Temple Brick
appliedenergistics2:item.ItemFacade:0, Cable Facade - Temple Tile
appliedenergistics2:item.ItemFacade:0, Cable Facade - Temple Wall Base
appliedenergistics2:item.ItemFacade:0, Cable Facade - Temple Floor
appliedenergistics2:item.ItemFacade:0, Cable Facade - Skulls
appliedenergistics2:item.ItemFacade:0, Cable Facade - Plastic Block
appliedenergistics2:item.ItemFacade:0, Cable Facade - Geometric Padding Panel
appliedenergistics2:item.ItemFacade:0, Cable Facade - Plastic Tile
appliedenergistics2:item.ItemFacade:0, Cable Facade - Plastic Tile Triangles
appliedenergistics2:item.ItemFacade:0, Cable Facade - Plastic Tile Circle
appliedenergistics2:item.ItemFacade:0, Cable Facade - Engineer Ship Floor
appliedenergistics2:item.ItemFacade:0, Cable Facade - Engineer Ship Brick
appliedenergistics2:item.ItemFacade:0, Cable Facade - Engineer Ship Brick
appliedenergistics2:item.ItemFacade:0, Cable Facade - Engineer Ship Hieroglyphics
appliedenergistics2:item.ItemFacade:0, Cable Facade - Engineer Ship Brick
appliedenergistics2:item.ItemFacade:0, Cable Facade - Engineer Ship Gravel
appliedenergistics2:item.ItemFacade:0, Cable Facade - Engineer Ship Wall
appliedenergistics2:item.ItemFacade:0, Cable Facade - Engineer Ship Wall
appliedenergistics2:item.ItemFacade:0, Cable Facade - Engineer Ship Wall
appliedenergistics2:item.ItemFacade:0, Cable Facade - Engineer Ship Hieroglyphics Wall
appliedenergistics2:item.ItemFacade:0, Cable Facade - Engineer Ship Hieroglyphics Wall
appliedenergistics2:item.ItemFacade:0, Cable Facade - Engineer Ship Rock
appliedenergistics2:item.ItemFacade:0, Cable Facade - Engineer Ship Rock
appliedenergistics2:item.ItemFacade:0, Cable Facade - Engineer Ship Rock
appliedenergistics2:item.ItemFacade:0, Cable Facade - Engineer Ship Rock
appliedenergistics2:item.ItemFacade:0, Cable Facade - Engineer Ship Column
appliedenergistics2:item.ItemFacade:0, Cable Facade - Engineer Ship Column
appliedenergistics2:item.ItemFacade:0, Cable Facade - Engineer Ship Material
appliedenergistics2:item.ItemFacade:0, Cable Facade - Engineer Ship Material
appliedenergistics2:item.ItemFacade:0, Cable Facade - Engineer Ship Material
appliedenergistics2:item.ItemCrystalSeed:0, Certus Quartz Seed
appliedenergistics2:item.ItemCrystalSeed:600, Nether Quartz Seed
appliedenergistics2:item.ItemCrystalSeed:1200, Fluix Seed
appliedenergistics2:item.ItemCrystalSeed:0, Certus Quartz Seed
appliedenergistics2:item.ItemCrystalSeed:600, Nether Quartz Seed
appliedenergistics2:item.ItemCrystalSeed:1200, Fluix Seed
appliedenergistics2:item.ItemCrystalSeed:0, Certus Quartz Seed
appliedenergistics2:item.ItemCrystalSeed:600, Nether Quartz Seed
appliedenergistics2:item.ItemCrystalSeed:1200, Fluix Seed
appliedenergistics2:item.ItemEncodedPattern, Encoded Pattern
appliedenergistics2:item.ToolColorApplicator, Color Applicator
appliedenergistics2:item.ItemPaintBall:0, Paint Ball - White
appliedenergistics2:item.ItemPaintBall:1, Paint Ball - Orange
appliedenergistics2:item.ItemPaintBall:2, Paint Ball - Magenta
appliedenergistics2:item.ItemPaintBall:3, Paint Ball - Light Blue
appliedenergistics2:item.ItemPaintBall:4, Paint Ball - Yellow
appliedenergistics2:item.ItemPaintBall:5, Paint Ball - Lime
appliedenergistics2:item.ItemPaintBall:6, Paint Ball - Pink
appliedenergistics2:item.ItemPaintBall:7, Paint Ball - Gray
appliedenergistics2:item.ItemPaintBall:8, Paint Ball - Light Gray
appliedenergistics2:item.ItemPaintBall:9, Paint Ball - Cyan
appliedenergistics2:item.ItemPaintBall:10, Paint Ball - Purple
appliedenergistics2:item.ItemPaintBall:11, Paint Ball - Blue
appliedenergistics2:item.ItemPaintBall:12, Paint Ball - Brown
appliedenergistics2:item.ItemPaintBall:13, Paint Ball - Green
appliedenergistics2:item.ItemPaintBall:14, Paint Ball - Red
appliedenergistics2:item.ItemPaintBall:15, Paint Ball - Black
appliedenergistics2:item.ItemPaintBall:20, Paint Ball - Lumen White
appliedenergistics2:item.ItemPaintBall:21, Paint Ball - Lumen Orange
appliedenergistics2:item.ItemPaintBall:22, Paint Ball - Lumen Magenta
appliedenergistics2:item.ItemPaintBall:23, Paint Ball - Lumen Light Blue
appliedenergistics2:item.ItemPaintBall:24, Paint Ball - Lumen Yellow
appliedenergistics2:item.ItemPaintBall:25, Paint Ball - Lumen Lime
appliedenergistics2:item.ItemPaintBall:26, Paint Ball - Lumen Pink
appliedenergistics2:item.ItemPaintBall:27, Paint Ball - Lumen Gray
appliedenergistics2:item.ItemPaintBall:28, Paint Ball - Lumen Light Gray
appliedenergistics2:item.ItemPaintBall:29, Paint Ball - Lumen Cyan
appliedenergistics2:item.ItemPaintBall:30, Paint Ball - Lumen Purple
appliedenergistics2:item.ItemPaintBall:31, Paint Ball - Lumen Blue
appliedenergistics2:item.ItemPaintBall:32, Paint Ball - Lumen Brown
appliedenergistics2:item.ItemPaintBall:33, Paint Ball - Lumen Green
appliedenergistics2:item.ItemPaintBall:34, Paint Ball - Lumen Red
appliedenergistics2:item.ItemPaintBall:35, Paint Ball - Lumen Black
appliedenergistics2:item.ItemMultiMaterial:28, Advanced Card
appliedenergistics2:item.ItemMultiMaterial:44, Annihilation Core
appliedenergistics2:item.ItemMultiMaterial:25, Basic Card
appliedenergistics2:item.ItemMultiMaterial:52, Blank Pattern
appliedenergistics2:item.ItemMultiMaterial:23, Calculation Processor
appliedenergistics2:item.ItemMultiMaterial:13, Inscriber Calculation Press
appliedenergistics2:item.ItemMultiMaterial:16, Printed Calculation Circuit
appliedenergistics2:item.ItemMultiMaterial:27, Capacity Card
appliedenergistics2:item.ItemMultiMaterial:53, Crafting Card
appliedenergistics2:item.ItemMultiMaterial:29, Fuzzy Card
appliedenergistics2:item.ItemMultiMaterial:31, Inverter Card
appliedenergistics2:item.ItemMultiMaterial:26, Redstone Card
appliedenergistics2:item.ItemMultiMaterial:30, Acceleration Card
appliedenergistics2:item.ItemMultiMaterial:34, 128³ Spatial Component
appliedenergistics2:item.ItemMultiMaterial:33, 16³ Spatial Component
appliedenergistics2:item.ItemMultiMaterial:37, 16k ME Storage Component
appliedenergistics2:item.ItemMultiMaterial:35, 1k ME Storage Component
appliedenergistics2:item.ItemMultiMaterial:32, 2³ Spatial Component
appliedenergistics2:item.ItemMultiMaterial:36, 4k ME Storage Component
appliedenergistics2:item.ItemMultiMaterial:38, 64k ME Storage Component
appliedenergistics2:item.ItemMultiMaterial:0, Certus Quartz Crystal
appliedenergistics2:item.ItemMultiMaterial:1, Charged Certus Quartz Crystal
appliedenergistics2:item.ItemMultiMaterial:2, Certus Quartz Dust
appliedenergistics2:item.ItemMultiMaterial:39, ME Storage Housing
appliedenergistics2:item.ItemMultiMaterial:46, Ender Dust
appliedenergistics2:item.ItemMultiMaterial:24, Engineering Processor
appliedenergistics2:item.ItemMultiMaterial:14, Inscriber Engineering Press
appliedenergistics2:item.ItemMultiMaterial:17, Printed Engineering Circuit
appliedenergistics2:item.ItemMultiMaterial:4, Flour
appliedenergistics2:item.ItemMultiMaterial:7, Fluix Crystal
appliedenergistics2:item.ItemMultiMaterial:8, Fluix Dust
appliedenergistics2:item.ItemMultiMaterial:9, Fluix Pearl
appliedenergistics2:item.ItemMultiMaterial:43, Formation Core
appliedenergistics2:item.ItemMultiMaterial:22, Logic Processor
appliedenergistics2:item.ItemMultiMaterial:15, Inscriber Logic Press
appliedenergistics2:item.ItemMultiMaterial:18, Printed Logic Circuit
appliedenergistics2:item.ItemMultiMaterial:6, Matter Ball
appliedenergistics2:item.ItemMultiMaterial:21, Inscriber Name Press
appliedenergistics2:item.ItemMultiMaterial:3, Nether Quartz Dust
appliedenergistics2:item.ItemMultiMaterial:10, Pure Certus Quartz Crystal
appliedenergistics2:item.ItemMultiMaterial:12, Pure Fluix Crystal
appliedenergistics2:item.ItemMultiMaterial:11, Pure Nether Quartz Crystal
appliedenergistics2:item.ItemMultiMaterial:48, Quantum Entangled Singularity
appliedenergistics2:item.ItemMultiMaterial:19, Inscriber Silicon Press
appliedenergistics2:item.ItemMultiMaterial:20, Printed Silicon
appliedenergistics2:item.ItemMultiMaterial:47, Singularity
appliedenergistics2:item.ItemMultiMaterial:45, Sky Stone Dust
appliedenergistics2:item.ItemMultiMaterial:41, Wireless Receiver
appliedenergistics2:item.ItemMultiMaterial:42, Wireless Booster
appliedenergistics2:item.ItemMultiPart:300, ME Annihilation Plane
appliedenergistics2:item.ItemMultiPart:120, Cable Anchor
appliedenergistics2:item.ItemMultiPart:20, ME Covered Cable - White
appliedenergistics2:item.ItemMultiPart:21, ME Covered Cable - Orange
appliedenergistics2:item.ItemMultiPart:22, ME Covered Cable - Magenta
appliedenergistics2:item.ItemMultiPart:23, ME Covered Cable - Light Blue
appliedenergistics2:item.ItemMultiPart:24, ME Covered Cable - Yellow
appliedenergistics2:item.ItemMultiPart:25, ME Covered Cable - Lime
appliedenergistics2:item.ItemMultiPart:26, ME Covered Cable - Pink
appliedenergistics2:item.ItemMultiPart:27, ME Covered Cable - Gray
appliedenergistics2:item.ItemMultiPart:28, ME Covered Cable - Light Gray
appliedenergistics2:item.ItemMultiPart:29, ME Covered Cable - Cyan
appliedenergistics2:item.ItemMultiPart:30, ME Covered Cable - Purple
appliedenergistics2:item.ItemMultiPart:31, ME Covered Cable - Blue
appliedenergistics2:item.ItemMultiPart:32, ME Covered Cable - Brown
appliedenergistics2:item.ItemMultiPart:33, ME Covered Cable - Green
appliedenergistics2:item.ItemMultiPart:34, ME Covered Cable - Red
appliedenergistics2:item.ItemMultiPart:35, ME Covered Cable - Black
appliedenergistics2:item.ItemMultiPart:36, ME Covered Cable - Fluix
appliedenergistics2:item.ItemMultiPart:60, ME Dense Cable - White
appliedenergistics2:item.ItemMultiPart:61, ME Dense Cable - Orange
appliedenergistics2:item.ItemMultiPart:62, ME Dense Cable - Magenta
appliedenergistics2:item.ItemMultiPart:63, ME Dense Cable - Light Blue
appliedenergistics2:item.ItemMultiPart:64, ME Dense Cable - Yellow
appliedenergistics2:item.ItemMultiPart:65, ME Dense Cable - Lime
appliedenergistics2:item.ItemMultiPart:66, ME Dense Cable - Pink
appliedenergistics2:item.ItemMultiPart:67, ME Dense Cable - Gray
appliedenergistics2:item.ItemMultiPart:68, ME Dense Cable - Light Gray
appliedenergistics2:item.ItemMultiPart:69, ME Dense Cable - Cyan
appliedenergistics2:item.ItemMultiPart:70, ME Dense Cable - Purple
appliedenergistics2:item.ItemMultiPart:71, ME Dense Cable - Blue
appliedenergistics2:item.ItemMultiPart:72, ME Dense Cable - Brown
appliedenergistics2:item.ItemMultiPart:73, ME Dense Cable - Green
appliedenergistics2:item.ItemMultiPart:74, ME Dense Cable - Red
appliedenergistics2:item.ItemMultiPart:75, ME Dense Cable - Black
appliedenergistics2:item.ItemMultiPart:76, ME Dense Cable - Fluix
appliedenergistics2:item.ItemMultiPart:0, ME Glass Cable - White
appliedenergistics2:item.ItemMultiPart:1, ME Glass Cable - Orange
appliedenergistics2:item.ItemMultiPart:2, ME Glass Cable - Magenta
appliedenergistics2:item.ItemMultiPart:3, ME Glass Cable - Light Blue
appliedenergistics2:item.ItemMultiPart:4, ME Glass Cable - Yellow
appliedenergistics2:item.ItemMultiPart:5, ME Glass Cable - Lime
appliedenergistics2:item.ItemMultiPart:6, ME Glass Cable - Pink
appliedenergistics2:item.ItemMultiPart:7, ME Glass Cable - Gray
appliedenergistics2:item.ItemMultiPart:8, ME Glass Cable - Light Gray
appliedenergistics2:item.ItemMultiPart:9, ME Glass Cable - Cyan
appliedenergistics2:item.ItemMultiPart:10, ME Glass Cable - Purple
appliedenergistics2:item.ItemMultiPart:11, ME Glass Cable - Blue
appliedenergistics2:item.ItemMultiPart:12, ME Glass Cable - Brown
appliedenergistics2:item.ItemMultiPart:13, ME Glass Cable - Green
appliedenergistics2:item.ItemMultiPart:14, ME Glass Cable - Red
appliedenergistics2:item.ItemMultiPart:15, ME Glass Cable - Black
appliedenergistics2:item.ItemMultiPart:16, ME Glass Cable - Fluix
appliedenergistics2:item.ItemMultiPart:40, ME Smart Cable - White
appliedenergistics2:item.ItemMultiPart:41, ME Smart Cable - Orange
appliedenergistics2:item.ItemMultiPart:42, ME Smart Cable - Magenta
appliedenergistics2:item.ItemMultiPart:43, ME Smart Cable - Light Blue
appliedenergistics2:item.ItemMultiPart:44, ME Smart Cable - Yellow
appliedenergistics2:item.ItemMultiPart:45, ME Smart Cable - Lime
appliedenergistics2:item.ItemMultiPart:46, ME Smart Cable - Pink
appliedenergistics2:item.ItemMultiPart:47, ME Smart Cable - Gray
appliedenergistics2:item.ItemMultiPart:48, ME Smart Cable - Light Gray
appliedenergistics2:item.ItemMultiPart:49, ME Smart Cable - Cyan
appliedenergistics2:item.ItemMultiPart:50, ME Smart Cable - Purple
appliedenergistics2:item.ItemMultiPart:51, ME Smart Cable - Blue
appliedenergistics2:item.ItemMultiPart:52, ME Smart Cable - Brown
appliedenergistics2:item.ItemMultiPart:53, ME Smart Cable - Green
appliedenergistics2:item.ItemMultiPart:54, ME Smart Cable - Red
appliedenergistics2:item.ItemMultiPart:55, ME Smart Cable - Black
appliedenergistics2:item.ItemMultiPart:56, ME Smart Cable - Fluix
appliedenergistics2:item.ItemMultiPart:420, ME Conversion Monitor
appliedenergistics2:item.ItemMultiPart:360, ME Crafting Terminal
appliedenergistics2:item.ItemMultiPart:200, Dark Illuminated Panel
appliedenergistics2:item.ItemMultiPart:260, ME Export Bus
appliedenergistics2:item.ItemMultiPart:320, ME Formation Plane
appliedenergistics2:item.ItemMultiPart:301, ME Identity Annihilation Plane
appliedenergistics2:item.ItemMultiPart:240, ME Import Bus
appliedenergistics2:item.ItemMultiPart:440, ME Interface
appliedenergistics2:item.ItemMultiPart:480, ME Interface Terminal
appliedenergistics2:item.ItemMultiPart:100, ME Inverted Toggle Bus
appliedenergistics2:item.ItemMultiPart:280, ME Level Emitter
appliedenergistics2:item.ItemMultiPart:160, Bright Illuminated Panel
appliedenergistics2:item.ItemMultiPart:462, P2P Tunnel - Item
appliedenergistics2:item.ItemMultiPart:467, P2P Tunnel - Light
appliedenergistics2:item.ItemMultiPart:463, P2P Tunnel - Fluid
appliedenergistics2:item.ItemMultiPart:460, P2P Tunnel - ME
appliedenergistics2:item.ItemMultiPart:466, P2P Tunnel - RF
appliedenergistics2:item.ItemMultiPart:461, P2P Tunnel - Redstone
appliedenergistics2:item.ItemMultiPart:340, ME Pattern Terminal
appliedenergistics2:item.ItemMultiPart:140, Quartz Fiber
appliedenergistics2:item.ItemMultiPart:180, Illuminated Panel
appliedenergistics2:item.ItemMultiPart:220, ME Storage Bus
appliedenergistics2:item.ItemMultiPart:400, ME Storage Monitor
appliedenergistics2:item.ItemMultiPart:380, ME Terminal
appliedenergistics2:item.ItemMultiPart:80, ME Toggle Bus
ae2stuff:WirelessKit, Wireless Setup Kit
ae2stuff:Visualiser, Network Visualisation Tool
aether:moaEgg:0, Blue Moa Egg
aether:moaEgg:0, White Moa Egg
aether:moaEgg:0, Black Moa Egg
aether:goldenAmber, Golden Amber
aether:aechorPetal, Aechor Petal
aether:skyrootStick, Skyroot Stick
aether:dart:0, Golden Dart
aether:dart:1, Poison Dart
aether:dart:2, Enchanted Dart
aether:dartShooter:0, Golden Dart Shooter
aether:dartShooter:1, Poison Dart Shooter
aether:dartShooter:2, Enchanted Dart Shooter
aether:dartShooter:3, Phoenix Dart Shooter
aether:ambrosiumShard, Ambrosium Shard
aether:zaniteGemstone, Zanite Gemstone
aether:skyrootBucket:0, Skyroot Bucket
aether:skyrootPickaxe, Skyroot Pickaxe
aether:holystonePickaxe, Holystone Pickaxe
aether:zanitePickaxe, Zanite Pickaxe
aether:gravititePickaxe, Gravitite Pickaxe
aether:skyrootShovel, Skyroot Shovel
aether:holystoneShovel, Holystone Shovel
aether:zaniteShovel, Zanite Shovel
aether:gravititeShovel, Gravitite Shovel
aether:skyrootAxe, Skyroot Axe
aether:holystoneAxe, Holystone Axe
aether:zaniteAxe, Zanite Axe
aether:gravititeAxe, Gravitite Axe
aether:skyrootSword, Skyroot Sword
aether:holystoneSword, Holystone Sword
aether:zaniteSword, Zanite Sword
aether:gravititeSword, Gravitite Sword
aether:ironBubble, Iron Bubble
aether:pigSlayer, Pig Slayer
aether:vampireBlade, Vampire Blade
aether:flamingSword, Flaming Sword
aether:holySword, Holy Sword
aether:lightningSword, Lightning Sword
aether:lightningKnife, Lightning Knife
aether:gummySwet:0, Blue Gummy Swet
aether:gummySwet:1, Golden Gummy Swet
aether:gummySwet:2, Dark Gummy Swet
aether:hammerOfNotch, Hammer of Notch
aether:cloudParachute, item.cloudParachute.name
aether:shardOfLife, Shard of Life
aether:orbOfArkenzus:0, Orb of Arkenzus
aether:valkyrieLance, Valkyrie Lance
aether:ironRing, Iron Ring
aether:goldenRing, Golden Ring
aether:zaniteRing, Zanite Ring
aether:ironPendant, Iron Pendant
aether:goldenPendant, Golden Pendant
aether:zanitePendant, Zanite Pendant
aether:pinkBabySwet:0, Baby Pink Swet
aether:leatherGloves, Leather Gloves
aether:ironGloves, Iron Gloves
aether:goldenGolves, Golden Gloves
aether:diamondGloves, Diamond Gloves
aether:zaniteGloves, Zanite Gloves
aether:zaniteHelmet, Zanite Helmet
aether:zaniteChestplate, Zanite Chestplate
aether:zaniteLeggings, Zanite Leggings
aether:zaniteBoots, Zanite Boots
aether:gravititeGloves, Gravitite Gloves
aether:gravititeHelmet, Gravitite Helmet
aether:gravititeChestplate, Gravitite Chestplate
aether:gravititeLeggings, Gravitite Leggings
aether:gravititeBoots, Gravitite Boots
aether:phoenixGloves, Phoenix Gloves
aether:phoenixHelmet, Phoenix Helmet
aether:phoenixChestplate, Phoenix Chestplate
aether:phoenixLeggings, Phoenix Leggings
aether:phoenixBoots, Phoenix Boots
aether:obsidianGloves, Obsidian Gloves
aether:obsidianChestplate, Obsidian Chestplate
aether:obsidianHelmet, Obsidian Helmet
aether:obsidianLeggings, Obsidian Leggings
aether:obsidianBoots, Obsidian Boots
aether:neptuneGloves, Neptune Gloves
aether:neptuneHelmet, Neptune Helmet
aether:neptuneChestplate, Neptune Chestplate
aether:neptuneLeggings, Neptune Leggings
aether:neptuneBoots, Neptune Boots
aether:regenerationStone, Regeneration Stone
aether:etherealStone:0, Ethereal Stone
aether:fleetingStone:0, Fleeting Stone
aether:fangrinCapsule:0, Fangrin Capsule
aether:deathSeal:0, Death Seal
aether:kraisithCapsule:0, Kraisith Capsule
aether:valkyriePickaxe, Valkyrie Pickaxe
aether:valkyrieAxe, Valkyrie Axe
aether:valkyrieShovel, Valkyrie Shovel
aether:healingStone:0, Healing Stone
aether:iceRing, Ice Ring
aether:icePendant, Ice Pendant
aether:blueBerry, Blue Berry
aether:gingerBreadMan, Gingerbread Man
aether:candyCane, Candy Cane
aether:candyCaneSword, Candy Cane Sword
aether:whiteApple, White Apple
aether:swetJelly:0, Blue Swet Jelly
aether:swetJelly:1, Golden Swet Jelly
aether:swetJelly:2, Dark Swet Jelly
aether:sentryBoots, Sentry Boots
aether:valkyrieMusicDisc, Valkyrie Music Disc
aether:valkyrieHelmet, Valkyrie Helmet
aether:valkyrieChestplate, Valkyrie Chestplate
aether:valkyrieLeggings, Valkyrie Leggings
aether:valkyrieBoots, Valkyrie Boots
aether:valkyrieGloves, Valkyrie Gloves
aether:soaringStone:0, Soaring Stone
aether:mouseEarCap, Mouse Ear Cap
aether:enchantedBerry, Enchanted Berry
aether:rainbowStrawberry, Rainbow Strawberry
aether:continuumOrb, Continuum Orb
aether:orange, Orange
aether:labyrinthMusicDisc, Labyrinth Music Disc
aether:moaMusicDisc, Moa Music Disc
aether:aerwhaleMusicDisc, Aerwhale Music Disc
aether:rystalBottle, Crystal EXP Bottle
aether:piggieBank, Piggie Bank
aether:wyndberry, Wyndberry
aether:skyrootWaterBucket:0, Skyroot Water Bucket
aether:skyrootPoisonBucket:0, Skyroot Poison Bucket
aether:skyrootMilkBucket:0, Skyroot Milk Bucket
aether:skyrootDoorItem, Skyroot Door
aether:skyrootSignItem, Skyroot Sign
aether:skyrootBedItem, Skyroot Bed
aether:candyCorn, Candy Corn
aether:stomperPop, Stomper Pop
aether:blueberryLollipop, Blueberry Lollipop
aether:orangeLollipop, Orange Lollipop
aether:jellyPumpkin, Jelly Pumpkin
aether:icestonePoprocks, Icestone Poprocks
aether:cocoatrice, Cocoatrice
aether:wrappedChocolates, Wrapped Chocolates
aether:recording892, Recording #892
aether:shoyrootBowl, Skyroot Bowl
aether:cornstarchBowl, Cornstarch Bowl
aether:chainGloves, Chain Gloves
aether:goldenFeather, item.goldenFeather.name
aether:bronzeKey, item.bronzeKey.name
aether:guardianKey, item.guardianKey.name
aether:frostpineTotem:0, Frostpine Totem
aether:continuumBomb, Continuum Bomb
aether:daggerfrostLocket, Daggerfrost Locket
aether:wrappingPaper, Wrapping Paper
aether:luckyBell, Lucky Bell
aether:silentFlightDisc, Frosty Music Disc
aether:frostboundStone:0, Frostbound Stone
aether:candyRing, Candy Ring
aether:boneRing, Bone Ring
aether:skyrootRing, Skyroot Ring
AncientWarfare:research_book, Research Book
AncientWarfare:research_note, Research Note
AncientWarfare:backpack:0, Small Pack
AncientWarfare:backpack:1, Travel Pack
AncientWarfare:backpack:2, Medium Pack
AncientWarfare:backpack:3, Large Pack
AncientWarfare:wooden_hammer, Wooden Hammer
AncientWarfare:stone_hammer, Stone Hammer
AncientWarfare:iron_hammer, Iron Hammer
AncientWarfare:gold_hammer, Gold Hammer
AncientWarfare:diamond_hammer, Diamond Hammer
AncientWarfare:wooden_quill, Wooden Quill
AncientWarfare:stone_quill, Stone Quill
AncientWarfare:iron_quill, Iron Quill
AncientWarfare:gold_quill, Gold Quil
AncientWarfare:diamond_quill, Diamond Quill
AncientWarfare:component:0, Wooden Gear Set
AncientWarfare:component:1, Iron Gear Set
AncientWarfare:component:2, Steel Gear Set
AncientWarfare:component:3, Wooden Bushing Set
AncientWarfare:component:4, Iron Bushing Set Set
AncientWarfare:component:100, Food Bundle
AncientWarfare:component:5, Steel Bushing Set
AncientWarfare:component:6, Wooden Torque Shaft
AncientWarfare:component:7, Iron Torque Shaft
AncientWarfare:component:8, Steel Torque Shaft
AncientWarfare:steel_ingot, Steel Ingot
AncientWarfareAutomation:worksite_upgrade:0, Medium Bounds Upgrade
AncientWarfareAutomation:worksite_upgrade:1, Large Bounds Upgrade
AncientWarfareAutomation:worksite_upgrade:2, Medium Quarry Upgrade
AncientWarfareAutomation:worksite_upgrade:3, Large Quarry Upgrade
AncientWarfareAutomation:worksite_upgrade:4, Lightly Enchanted Tools Upgrade
AncientWarfareAutomation:worksite_upgrade:5, Highly Enchanted Tools Upgrade
AncientWarfareAutomation:worksite_upgrade:6, Basic Tool Quality Upgrade
AncientWarfareAutomation:worksite_upgrade:7, Intermediate Tool Quality Upgrade
AncientWarfareAutomation:worksite_upgrade:8, Advanced Tool Quality Upgrade
AncientWarfareAutomation:worksite_upgrade:9, Basic Chunkloader Upgrade
AncientWarfareAutomation:worksite_upgrade:10, Quarry Chunkloader Upgrade
AncientWarfareNpc:npc_spawner, item.npc_spawner.name
AncientWarfareNpc:work_order, Work Order
AncientWarfareNpc:upkeep_order, Upkeep Order
AncientWarfareNpc:combat_order, Combat Order
AncientWarfareNpc:routing_order, Routing Order
AncientWarfareNpc:trade_order, Trade Order
AncientWarfareNpc:wooden_command_baton, Wooden Command Baton
AncientWarfareNpc:stone_command_baton, Stone Command Baton
AncientWarfareNpc:iron_command_baton, Iron Command Baton
AncientWarfareNpc:gold_command_baton, Gold Command Baton
AncientWarfareNpc:diamond_command_baton, Diamond Command Baton 
AncientWarfareNpc:bard_instrument:0, Lute
AncientWarfareNpc:bard_instrument:1, Flute
AncientWarfareNpc:bard_instrument:2, Harp
AncientWarfareNpc:bard_instrument:3, Drum
AncientWarfareNpc:wooden_shield, Wooden Shield
AncientWarfareNpc:stone_shield, Stone Shield
AncientWarfareNpc:iron_shield, Iron Shield
AncientWarfareNpc:gold_shield, Gold Shield
AncientWarfareNpc:diamond_shield, Diamond Shield
AncientWarfareStructure:structure_scanner, Structure Scanner
AncientWarfareStructure:structure_builder, Structure Builder
AncientWarfareStructure:structure_builder_world_gen, WorldGen Structure Builder 
AncientWarfareStructure:town_builder, Instant Town Building Tool
AncientWarfareStructure:spawner_placer, Mob Spawner Placement Tool
AncientWarfareStructure:gate_spawner, item.gate_spawner.name
AncientWarfareStructure:construction_tool, Construction Tool
AncientWarfareStructure:construction_tool_lakes, Lake Construction Tool
AncientWarfareStructure:block_info_clicker, Block Info Tool
nevermine:AmethystPickaxe, Amethyst Pickaxe
nevermine:AmethystAxe, Amethyst Axe
nevermine:AmethystShovel, Amethyst Shovel
nevermine:LimonitePickaxe, Limonite Pickaxe
nevermine:LimoniteAxe, Limonite Axe
nevermine:LimoniteShovel, Limonite Shovel
nevermine:RositePickaxe, Rosite Pickaxe
nevermine:RositeAxe, Rosite Axe
nevermine:RositeShovel, Rosite Shovel
nevermine:SapphirePickaxe, Sapphire Pickaxe
nevermine:JadeAxe, Jade Axe
nevermine:JadeShovel, Jade Shovel
nevermine:JadePickaxe, Jade Pickaxe
nevermine:SapphireAxe, Sapphire Axe
nevermine:SapphireShovel, Sapphire Shovel
nevermine:EmberstonePickaxe, Emberstone Pickaxe
nevermine:EmberstoneAxe, Emberstone Axe
nevermine:EmberstoneShovel, Emberstone Shovel
nevermine:SkeletalPickaxe, Skeletal Pickaxe
nevermine:SkeletalAxe, Skeletal Axe
nevermine:SkeletalShovel, Skeletal Shovel
nevermine:AmethystSword, Amethyst Sword
nevermine:Bloodfury, Bloodfury
nevermine:BloodstoneSword, Bloodstone Sword
nevermine:CoralStoneSword, Coral Stone Sword
nevermine:CrystalliteSword, Crystallite Sword
nevermine:EmberstoneSword, Emberstone Sword
nevermine:GuardiansSword, Guardian's Sword
nevermine:HorizonMaul, Horizon Maul
nevermine:FireborneSword, Fireborne Sword
nevermine:IllusionSword, Illusion Sword
nevermine:JadeSword, Jade Sword
nevermine:LegboneSword, Leg-Bone Sword
nevermine:LimoniteSword, Limonite Sword
nevermine:NethengeicSword, Nethengeic Sword
nevermine:RockBasherSword, Rock Basher Sword
nevermine:RockPickSword, Rock-Pick Sword
nevermine:SapphireSword, Sapphire Sword
nevermine:RositeSword, Rosite Sword
nevermine:ShadowSword, Shadow Sword
nevermine:SkeletalSword, Skeletal Sword
nevermine:TrollBasherAxe, Troll Basher-Axe
nevermine:AmethystIngot, Amethyst Ingot
nevermine:DischargeCapsule, Discharge Capsule
nevermine:MetalPellet, Metal Pellet
nevermine:MetalSlug, Metal Slug
nevermine:CannonBall, Cannon Ball
nevermine:Grenade, Grenade
nevermine:ElementalArrow, Holly Arrow
nevermine:TotemAbominator, Abominator Totem
nevermine:TotemAncientBow, Ancient Bow Totem
nevermine:TotemBloodfury, Bloodfury Totem
nevermine:TotemGigaCannon, Giga Cannon Totem
nevermine:TotemPenguinBlaster, Animal Blaster Totem
nevermine:TotemSoulfireBow, Soulfire Bow Totem
nevermine:TotemPurplePunisher, Purple Punisher Totem
nevermine:TotemWartGun, Wart Gun Totem
nevermine:TotemSoundCannon, Sound Cannon Totem
nevermine:CoinsNether, Nether Gems
nevermine:CoinsHaven, Haven Gems
nevermine:CoinsAbyss, Abyssal Gems
nevermine:CoinsPrecasian, Precasian Gems
nevermine:AmphibiyteLung, Amphibiyte Lung
nevermine:AncientOrb, Ancient Orb
nevermine:Bloodstone, Bloodstone
nevermine:ChestboneFragment, Chestbone Fragment
nevermine:ChimeraChopRaw, Raw Chimera Chop
nevermine:ChimeraChopCooked, Cooked Chimera Chop
nevermine:CoralStone, Coral Stone
nevermine:DesertShell, Desert Shell
nevermine:ExplosiveIdol, Explosive Idol
nevermine:EyeBulb, Eye Bulb
nevermine:EyeBulbSeeds, Eye Bulb Seeds
nevermine:EyeCandy, Eye Candy
nevermine:Ivory, Ivory
nevermine:FootboneFragment, Footbone Fragment
nevermine:HavenShrooms, Mystic Shrooms
nevermine:HavenShroomSeeds, Mystic Shroom Seeds
nevermine:HeavyBoulder, Heavy Boulder
nevermine:HollyTopPedals, Holly Top Petals
nevermine:HollyTopSeeds, Holly Top Seeds
nevermine:IceCrystal, Ice Crystal
nevermine:IngotEmberstone, Emberstone Ingot
nevermine:IngotJade, Jade Ingot
nevermine:IngotRosite, Rosite Ingot
nevermine:IngotLimonite, Limonite Ingot
nevermine:IngotSapphire, Sapphire Ingot
nevermine:IngotMystite, Mystite Ingot
nevermine:IngotSkeletal, Skeletal Ingot
nevermine:JungleThorns, Jungle Thorns
nevermine:LegboneFragment, Legbone Fragment
nevermine:MagicRepairDust, Magic Repair Dust
nevermine:Moonstone, Moondust
nevermine:Mudball, Mudball
nevermine:NethengeicCallstone, Nethengeic Callstone
nevermine:RammerheadHide, Rammerhead Hide
nevermine:SkullboneFragment, Skullbone Fragment
nevermine:TrollIdol, Troll Idol
nevermine:UpgradeKitAncient, Upgrade Kit: Ancient
nevermine:UpgradeKitNether, Upgrade Kit: Nether
nevermine:UpgradeKitPrecasian, Upgrade Kit: Precasian
nevermine:UrkaHide, Urka Hide
nevermine:BucketHalyconMilk, Halycon Milk
nevermine:UrsaCooked, Cooked Ursa 
nevermine:UrsaRaw, Raw Ursa 
nevermine:VoliantHeart, Voliant Heart
nevermine:CrystalliteStone, Crystallite Stone
nevermine:RuneStoneActive, Active Rune Stone
nevermine:CorbyEgg, Corby Egg
nevermine:BookOfShadows, Book of Shadows
nevermine:ScreamShield, Scream Shield
nevermine:StaringEye, Staring Eye
nevermine:NightmareFlakes, Nightmare Flakes
nevermine:GhostlyPowder, Ghostly Powder
nevermine:Phantasm, Phantasm
nevermine:TrollSkull, Troll Skull
nevermine:RuneStone, Rune Stone
nevermine:UpgradeKitRunic, Runic Upgrade Kit
nevermine:RunicBomb, Runic Bomb
nevermine:WhitewashingSolution, White Washing Solution
nevermine:SpeedBow, Speed Bow
nevermine:AlacrityBow, Alacrity Bow
nevermine:ExplosiveBow, Explosive Bow
nevermine:AncientBow, Ancient Bow
nevermine:IceBow, Ice Bow
nevermine:InfernalBow, Infernal Bow
nevermine:SkeletalBow, Skeletal Bow
nevermine:PoisonBow, Poison Bow
nevermine:SoulfireBow, Soulfire Bow
nevermine:VoidBow, Void Bow
nevermine:WeakenBow, Weaken Bow
nevermine:WitherBow, Wither Bow
nevermine:ScreamerBow, Screamer Bow
nevermine:NightmareBow, Nightmare Bow
nevermine:RunicBow, Runic Bow
nevermine:DischargeCannon, Discharge Cannon
nevermine:BrownBlaster, Brown Blaster
nevermine:BayonetteRifle, Bayonette Rifle
nevermine:Abominator, Abominator
nevermine:BlueBarrel, Blue Barrel
nevermine:BoneBlaster, Bone Blaster
nevermine:ChainWrecker, Chain Wrecker
nevermine:DartGun, Dart Gun
nevermine:HotShot, Hot Shot
nevermine:LongShot, Long Shot
nevermine:HuntersRifle, Hunter's Rifle
nevermine:NethengeicSlugger, Nethengeic Slugger
nevermine:PurplePunisher, Purple Punisher
nevermine:RedRocket, Red Rocket
nevermine:SquadGun, Squad Gun
nevermine:WartGun, Wart Gun
nevermine:TrollsArchergun, Troll's Archergun
nevermine:AncientBomber, Ancient Bomber
nevermine:AncientDischarger, Ancient Discharger
nevermine:SpineGun, Spine Gun
nevermine:PrecasianSlugger, Precasian Slugger
nevermine:Iominator, Iominator
nevermine:FlameWrecker, Flame Wrecker
nevermine:NethenetteRifle, Nethenette Rifle
nevermine:MK, M-K
nevermine:Tommy, Tommy
nevermine:TigerTommy, Tiger Tommy
nevermine:MKFung, MK-Fung
nevermine:IllusionSMG, Illusion SMG
nevermine:IllusionRevolver, Illusion Revolver
nevermine:GravityBlaster, Gravity Blaster
nevermine:PenguinBlaster, Penguin Blaster
nevermine:ColorCannon, Color Cannon
nevermine:SoulStorm, Soul Storm
nevermine:Eradicator, Eradicator
nevermine:RejuvenationStaff, Rejuvenation Staff
nevermine:LightningStaff, Lightning Staff
nevermine:ShadowlordStaff, Shadowlord Staff
nevermine:DoomBringer, Doom Bringer
nevermine:ToxicTerrorizer, Toxic Terrorizer
nevermine:PowerRay, Power Ray
nevermine:BlastChiller, Blast Chiller
nevermine:BloodDrainer, Blood Drainer
nevermine:MoonShiner, Moon Shiner
nevermine:CoralStaff, Coral Staff
nevermine:DeerDetonator, Deer Detonator
nevermine:HoundHoncho, Hound Honcho
nevermine:CamelCannon, Camel Cannon
nevermine:BeeBlaster, Bee Blaster
nevermine:BearBlaster, Bear Blaster
nevermine:DragonDestroyer, Dragon Destroyer
nevermine:FishFryer, Fish Fryer
nevermine:WithersWrath, Wither's Wrath
nevermine:SoundCannonElectro, Electro Sound Cannon
nevermine:SoundCannonVibe, Vibe Sound Cannon
nevermine:SoundCannonSynth, Synth Sound Cannon
nevermine:SoundCannonBeat, Beat Sound Cannon
nevermine:SoundCannonStep, Step Sound Cannon
nevermine:EmberStaff, Ember Staff
nevermine:KaiyuStaff, Kaiyu Staff
nevermine:NightmareStaff, Nightmare Staff
nevermine:PhantomStaff, Phantom Staff
nevermine:RunicStaff, Runic Staff
nevermine:SurgeStaff, Surge Staff
nevermine:TangleStaff, Tangle Staff
nevermine:BigBlast, Big Blast
nevermine:BoomCannon, Boom Cannon
nevermine:JackRocker, Jack Rocker
nevermine:MiniCannon, Mini Cannon
nevermine:SuperCannon, Super Cannon
nevermine:UltraCannon, Ultra Cannon
nevermine:GigaCannon, Giga Cannon
nevermine:MindBlaster, Mind Blaster
nevermine:ShadowBlaster, Shadow Blaster
nevermine:WitherCannon, Wither Cannon
nevermine:RPG, RPG
nevermine:WebStaff, Web Staff
nevermine:ConfettiCannon, Confetti Cannon
nevermine:SoulSpark, Soul Spark
nevermine:SpiritShower, Spirit Shower
nevermine:Dragilator, Dragilator
nevermine:Electinator, Electinator
nevermine:Frosticator, Froticator
nevermine:Germinator, Germinator
nevermine:Krilinator, Krilinator
nevermine:Minigun, Minigun
nevermine:BloodIron, Blood Iron
nevermine:TabletGills, Tablet of Gills
nevermine:TabletCombat, Tablet of Combat
nevermine:TabletAgility, Tablet of Agility
nevermine:TabletFireResistance, Tablet of Fire Resistance
nevermine:TabletFuryMining, Tablet of Fury Mining
nevermine:TabletGravity, Tablet of Gravity
nevermine:TabletInvisibility, Tablet of Invisibility
nevermine:TabletNightVision, Tablet of Night Vision
nevermine:TabletRegeneration, Tablet of Regeneration
nevermine:TabletResistance, Tablet of Resistance
nevermine:TabletSpeed, Tablet of Speed
nevermine:TabletStrength, Tablet of Strength
nevermine:VoidHelmet, Void Helmet
nevermine:VoidChestplate, Void Chestplate
nevermine:VoidLeggings, Void Leggings
nevermine:VoidBoots, Void Boots
nevermine:IceHelmet, Ice Helmet
nevermine:IceChestplate, Ice Chestplate
nevermine:IceLeggings, Ice Leggings
nevermine:IceBoots, Ice Boots
nevermine:PoisonHelmet, Poison Helmet
nevermine:PoisonChestplate, Poison Chestplate
nevermine:PoisonLeggings, Poison Leggings
nevermine:PoisonBoots, Poison Boots
nevermine:WitherHelmet, Wither Helmet
nevermine:WitherChestplate, Wither Chestplate
nevermine:WitherLeggings, Wither Leggings
nevermine:WitherBoots, Wither Boots
nevermine:ExplosiveHelmet, Explosive Helmet
nevermine:ExplosiveChestplate, Explosive Chestplate
nevermine:ExplosiveLeggings, Explosive Leggings
nevermine:ExplosiveBoots, Explosive Boots
nevermine:SpeedHelmet, Speed Helmet
nevermine:SpeedChestplate, Speed Chestplate
nevermine:SpeedLeggings, Speed Leggings
nevermine:SpeedBoots, Speed Boots
nevermine:AlacrityHelmet, Alacrity Helmet
nevermine:AlacrityChestplate, Alacrity Chestplate
nevermine:AlacrityLeggings, Alacrity Leggings
nevermine:AlacrityBoots, Alacrity Boots
nevermine:WeakenHelmet, Weaken Helmet
nevermine:WeakenChestplate, Weaken Chestplate
nevermine:WeakenLeggings, Weaken Leggings
nevermine:WeakenBoots, Weaken Boots
nevermine:InfernalHelmet, Infernal Helmet
nevermine:InfernalChestplate, Infernal Chestplate
nevermine:InfernalLeggings, Infernal Leggings
nevermine:InfernalBoots, Infernal Boots
nevermine:CommanderHelmet, Commander Helmet
nevermine:CommanderChestplate, Commander Chestplate
nevermine:CommanderLeggings, Commander Leggings
nevermine:CommanderBoots, Commander Boots
nevermine:SkeletalHelmet, Skeletal Helmet
nevermine:SkeletalChestplate, Skeletal Chestplate
nevermine:SkeletalLeggings, Skeletal Leggings
nevermine:SkeletalBoots, Skeletal Boots
nevermine:UtopianHelmet, Utopian Helmet
nevermine:UtopianChestplate, Utopian Chestplate
nevermine:UtopianLeggings, Utopian Leggings
nevermine:UtopianBoots, Utopian Boots
nevermine:NecroHelmet, Necro Helmet
nevermine:NecroChestplate, Necro Chestplate
nevermine:NecroLeggings, Necro Leggings
nevermine:NecroBoots, Necro Boots
nevermine:NethengeicHelmet, Nethengeic Helmet
nevermine:NethengeicChestplate, Nethengeic Chestplate
nevermine:NethengeicLeggings, Nethengeic Leggings
nevermine:NethengeicBoots, Nethengeic Boots
nevermine:BiogenicHelmet, Biogenic Helmet
nevermine:BiogenicChestplate, Biogenic Chestplate
nevermine:BiogenicLeggings, Biogenic Leggings
nevermine:BiogenicBoots, Biogenic Boots
nevermine:RunicHelmet, Runic Helmet
nevermine:RunicChestplate, Runic Chestplate
nevermine:RunicLeggings, Runic Leggings
nevermine:RunicBoots, Runic Boots
nevermine:PhantasmHelmet, Phantasm Helmet
nevermine:PhantasmChestplate, Phantasm Chestplate
nevermine:PhantasmLeggings, Phantasm Leggings
nevermine:PhantasmBoots, Phantasm Boots
nevermine:NightmareHelmet, Nightmare Helmet
nevermine:NightmareChestplate, Nightmare Chestplate
nevermine:NightmareLeggings, Nightmare Leggings
nevermine:NightmareBoots, Nightmare Boots
nevermine:SealordHelmet, Sealord Diving Helmet Helmet
nevermine:AchelosHelmet, Achelos Diving Helmet Helmet
nevermine:OceanusHelmet, Oceanus Diving Helmet
nevermine:PrimordialHelmet, Primordial Helmet
nevermine:PrimordialChestplate, Primordial Chestplate
nevermine:PrimordialLeggings, Primordial Leggings
nevermine:PrimordialBoots, Primordial Boots
nevermine:RosidianHelmet, Rosidian Helmet
nevermine:RosidianChestplate, Rosidian Chestplate
nevermine:RosidianLeggings, Rosidian Leggings
nevermine:RosidianBoots, Rosidian Boots
nevermine:LyonicHelmet, Lyonic Helmet
nevermine:LyonicChestplate, Lyonic Chestplate
nevermine:LyonicLeggings, Lyonic Leggings
nevermine:LyonicBoots, Lyonic Boots
nevermine:GhoulishHelmet, Ghoulish Helmet
nevermine:GhoulishChestplate, Ghoulish Chestplate
nevermine:GhoulishLeggings, Ghoulish Leggings
nevermine:GhoulishBoots, Ghoulish Boots
nevermine:SubterraneanHelmet, Subterranean Helmet
nevermine:SubterraneanChestplate, Subterranean Chestplate
nevermine:SubterraneanLeggings, Subterranean Leggings
nevermine:SubterraneanBoots, Subterranean Boots
nevermine:LunarHelmet, Lunar Helmet
nevermine:LunarChestplate, Lunar Chestplate
nevermine:LunarLeggings, Lunar Leggings
nevermine:LunarBoots, Lunar Boots
nevermine:BoreicHelmet, Boreic Helmet
nevermine:BoreicChestplate, Boreic Chestplate
nevermine:BoreicLeggings, Boreic Leggings
nevermine:BoreicBoots, Boreic Boots
nevermine:PurityHelmet, Purity Helmet
nevermine:PurityChestplate, Purity Chestplate
nevermine:PurityLeggings, Purity Leggings
nevermine:PurityBoots, Purity Boots
nevermine:BaronHelmet, Baron Helmet
nevermine:BaronChestplate, Baron Chestplate
nevermine:BaronLeggings, Baron Leggings
nevermine:BaronBoots, Baron Boots
nevermine:GhastlyHelmet, Ghastly Helmet
nevermine:GhastlyChestplate, Ghastly Chestplate
nevermine:GhastlyLeggings, Ghastly Leggings
nevermine:GhastlyBoots, Ghastly Boots
nevermine:PredatiousHelmet, Predatious Helmet
nevermine:PredatiousChestplate, Predatious Chestplate
nevermine:PredatiousLeggings, Predatious Leggings
nevermine:PredatiousBoots, Predatious Boots
nevermine:HydrangicHelmet, Hydrangic Helmet
nevermine:HydrangicChestplate, Hydrangic Chestplate
nevermine:HydrangicLeggings, Hydrangic Leggings
nevermine:HydrangicBoots, Hydrangic Boots
nevermine:PopShot, Pop Shot
nevermine:SlingShot, Sling Shot
nevermine:Lunarade, Lunarade
nevermine:SilverCoin, Silver Coin
nevermine:GoldCoin, Gold Coin
nevermine:CopperCoin, Copper Coin
nevermine:LunaverCoin, Lunaver Coin
nevermine:HazmatHelmet, Hazmat Helmet
nevermine:HazmatChestplate, Hazmat Chestplate
nevermine:HazmatLeggings, Hazmat Leggings
nevermine:HazmatBoots, Hazmat Boots
nevermine:WitherRune, Wither Rune
nevermine:WindRune, Wind Rune
nevermine:PoisonRune, Poison Rune
nevermine:StrikeRune, Strike Rune
nevermine:DistortionRune, Distortion Rune
nevermine:StormRune, Storm Rune
nevermine:KineticRune, Kinetic Rune
nevermine:LunarRune, Lunar Rune
nevermine:PowerRune, Power Rune
nevermine:EnergyRune, Energy Rune
nevermine:LifeRune, Life Rune
nevermine:WaterRune, Water Rune
nevermine:FireRune, Fire Rune
nevermine:Rune, Unpowered Rune
nevermine:Draco, Draco
nevermine:CoralClogger, Coral Clogger
nevermine:Baronator, Baronator
nevermine:DestructionRifle, Destruction Rifle
nevermine:DestructionShotgun, Destruction Shotgun
nevermine:PurityRifle, Purity Rifle
nevermine:PurityShotgun, Purity Shotgun
nevermine:HaunterRifle, Haunters Rifle
nevermine:IonRevolver, Ion Revolver
nevermine:FlowersFury, Flowers Fury
nevermine:Pulsator, Pulsator
nevermine:DischargeRifle, Discharge Rifle
nevermine:FlamingFury, Flaming Fury
nevermine:RockerRifle, Rocker Rifle
nevermine:IroRifle, Iro Rifle
nevermine:MechanicalAssaultRifle, Mechanical Assault Rifle
nevermine:LunarAssaultRifle, Lunar Assault Rifle
nevermine:Mechyro, Mechyro
nevermine:Dustometer, Dustometer
nevermine:VileVanquisher, Vile Vanquisher
nevermine:EchoGull, Echo Gull
nevermine:EmptySlab, Empty Slab
nevermine:EnderCarrierSlab, Ender Carrier Slab
nevermine:TrilliadSeeds, Trilliad Seeds
nevermine:RosidonSeeds, Rosidon Seeds
nevermine:LunalonSeeds, Lunalon Seeds
nevermine:FloracleSeeds, Floracle Seeds
nevermine:GoldicapSeeds, Goldicap Seeds
nevermine:LunacrikeSeeds, Lunacrike Seeds
nevermine:LunaglobeSeeds, Lunaglobe Seeds
nevermine:TrilliadLeaves, Trilliad Leaves
nevermine:Rosidons, Rosidons
nevermine:Lunalons, Lunalons
nevermine:FloracleSticks, Floracle Sticks
nevermine:Lunacrike, Lunacrike
nevermine:GoldicapPedals, Goldicap Petals
nevermine:LunaGlobe, Luna Globe
nevermine:GhoulCannon, Ghoul Cannon
nevermine:AquaCannon, Aqua Cannon
nevermine:FlowerCannon, Flower Cannon
nevermine:BoulderBomber, Boulder Bomber
nevermine:IroCannon, Iro Cannon
nevermine:HiveHowitzer, Hive Howitzer
nevermine:VoxCannon, Vox Cannon
nevermine:MechaCannon, Mecha Cannon
nevermine:EnergyCannon, Energy Cannon
nevermine:CoralCannon, Coral Cannon
nevermine:FungalCannon, Fungal Cannon
nevermine:JackFunger, Jack Funger
nevermine:RPGFloro, RPG Floro
nevermine:BulbCannon, Bulb Cannon
nevermine:GhastBlaster, Ghast Blaster
nevermine:BaronSSR, Baron SSR
nevermine:BayonetteSR, BayonetteSR
nevermine:BoltRifle, Bolt Rifle
nevermine:Duster, Duster
nevermine:Floro500, Floro500
nevermine:Ka500, Ka500
nevermine:RosidRifle, Rosid Rifle
nevermine:SludgeSniper, Sludge Sniper
nevermine:Terminator, Terminator
nevermine:Viper1, Viper-1
nevermine:HellHorn, Hell Horn
nevermine:GasBlaster, Gas Blaster
nevermine:MechaBlaster, Mecha Blaster
nevermine:LunaBlaster, Luna Blaster
nevermine:ApocoShower, Apoco Shower
nevermine:DeathRay, Death Ray
nevermine:DarkDestroyer, Dark Destroyer
nevermine:Flowercorne, Flowercorne
nevermine:GhoulGasser, Ghoul Gasser
nevermine:IroMiner, Iro Miner
nevermine:Reefer, Reefer
nevermine:BubbleHorn, Bubble Horn
nevermine:Atomizer, Atomizer
nevermine:PoisonPlunger, Poison Plunger
nevermine:IonBlaster, Ion Blaster
nevermine:AquaticStaff, Aquatic Staff
nevermine:BaronStaff, Baron Staff
nevermine:CelestialStaff, Celestial Staff
nevermine:DestructionStaff, Destruction Staff
nevermine:FireStaff, Fire Staff
nevermine:FormationStaff, Formation Staff
nevermine:FungalStaff, Fungal Staff
nevermine:GhoulStaff, Ghoul Staff
nevermine:HauntersStaff, Haunters Staff
nevermine:LunarStaff, Lunar Staff
nevermine:LyonicStaff, Lyonic Staff
nevermine:MechaStaff, Mecha Staff
nevermine:MeteorStaff, Meteor Staff
nevermine:MoonlightStaff, Moonlight Staff
nevermine:NatureStaff, Nature Staff
nevermine:NoxiousStaff, Noxious Staff
nevermine:PoisonStaff, Poison Staff
nevermine:PrimordialStaff, Primordial Staff
nevermine:ReefStaff, Reef Staff
nevermine:RosidianStaff, Rosidian Staff
nevermine:StrikerStaff, Striker Staff
nevermine:SunStaff, Sun Staff
nevermine:UnderworldStaff, Underworld Staff
nevermine:WaterStaff, Water Staff
nevermine:WindStaff, Wind Staff
nevermine:WizardsStaff, Wizards Staff
nevermine:WitherStaff, Wither Staff
nevermine:CoralArchergun, Coral Archergun
nevermine:SpectralArchergun, Spectral Archergun
nevermine:RosidianArchergun, Rosidian Archergun
nevermine:MechaArchergun, Mecha Archergun
nevermine:ViralArchergun, Viral Archergun
nevermine:SkeletalArchergun, Skeletal Archergun
nevermine:LunarArchergun, Lunar Archergun
nevermine:ShroomusSword, Shroomus Sword
nevermine:HarvesterSword, Harvester Sword
nevermine:RunicSword, Runic Sword
nevermine:BaronSword, Baron Sword
nevermine:ExplochronSword, Explochron Sword
nevermine:CoralstormSword, Coralstorm Sword
nevermine:RosidianSword, Rosidian Sword
nevermine:BaronBow, Baron Bow
nevermine:BoreicBow, Boreic Bow
nevermine:DaybreakerBow, Daybreaker Bow
nevermine:DeepBow, Deep Bow
nevermine:LunarBow, Lunar Bow
nevermine:HauntedBow, Haunted Bow
nevermine:MechaBow, Mecha Bow
nevermine:PrimordialBow, Primordial Bow
nevermine:RosidianBow, Rosidian Bow
nevermine:PredatiousBow, Predatious Bow
nevermine:SpectralBow, Spectral Bow
nevermine:ToxinBow, Toxin Bow
nevermine:Abyssro, Abyssro
nevermine:ApocoRifle, Apoco Rifle
nevermine:ApocoAssaultRifle, Apoco Assault Rifle
nevermine:FloroRifle, Floro Rifle
nevermine:CoralGreatblade, Coral Greatblade
nevermine:BaronGreatblade, Baron Greatblade
nevermine:LunarGreatblade, Lunar Greatblade
nevermine:HauntedGreatblade, Haunted Greatblade
nevermine:LyonicGreatblade, Lyonic Greatblade
nevermine:NoxiousGreatblade, Noxious Greatblade
nevermine:PrimordialGreatblade, Primordial Greatblade
nevermine:RosidianGreatblade, Rosidian Greatblade
nevermine:RunicGreatblade, Runic Greatblade
nevermine:SubterraneanGreatblade, Subterranean Greatblade
nevermine:TidalGreatblade, Tidal Greatblade
nevermine:UnderworldGreatblade, Underworld Greatblade
nevermine:TotemWizardStaff, Wizard Staff Totem
nevermine:TotemViralArchergun, Viral Archergun Totem
nevermine:TotemViper1, Viper-1 Totem
nevermine:TotemTerminator, Terminator Totem
nevermine:TotemTidalGreatblade, Tidal Greatblade Totem
nevermine:TotemRosidianArchergun, Rosidian Archergun Totem
nevermine:TotemPulsator, Pulsator Totem
nevermine:TotemPredatiousBow, Predatious Bow Totem
nevermine:TotemNoxiousGreatblade, Noxious Greatblade Totem
nevermine:TotemMechaBlaster, Mecha Blaster Totem
nevermine:TotemLunaBlaster, Luna Blaster Totem
nevermine:TotemHauntersRifle, Haunters Rifle Totem
nevermine:TotemFormationStaff, Formation Staff Totem
nevermine:TotemFlowercorne, Flowercorne Totem
nevermine:TotemFlamingFury, Flaming Fury Totem
nevermine:TotemExplochronSword, Explochron Sword Totem
nevermine:TotemDaybreaker, Daybreaker Totem
nevermine:TotemBayonetteSR, BayonetteSR Totem
nevermine:TotemBaronSSR, Baron SSR Totem
nevermine:TotemBaronStaff, Baron Staff Totem
nevermine:TotemAquaticStaff, Aquatic Staff Totem
nevermine:DustopiaGems, Dustopia Gems
nevermine:LboreanGems, L'borean Gems
nevermine:DeeplandsGems, Deeplands Gems
nevermine:MysteriumGems, Mysterium Gems
nevermine:GreckonGems, Greckon Gems
nevermine:BarathosGems, Barathos Gems
nevermine:RunandorGems, Runandor Gems
nevermine:VoxPondsGems, Vox Ponds Gems
nevermine:GardenciaGems, Gardencia Gems
nevermine:IromineGems, Iromine Gems
nevermine:LunalusGems, Lunalus Gems
nevermine:CoralCloggerWaterlogged, Coral Clogger (Waterlogged)
nevermine:ReeferWaterlogged, Reefer (Waterlogged)
nevermine:CoralArchergunWaterlogged, Coral Archergun (Waterlogged)
nevermine:AquaCannonWaterlogged, Aqua Cannon (Waterlogged)
nevermine:CoralCannonWaterlogged, Coral Cannon (Waterlogged)
nevermine:GemBag, Gem Bag
nevermine:PrimordialDust, Primordial Dust
nevermine:PrimordialSkull, Primordial Skull
nevermine:DimensionTicket, Realm Travel Ticket
nevermine:MechaGear, Mecha Gear
nevermine:IngotLyon, Lyon Ingot
nevermine:IngotVarsium, Varsium Ingot
nevermine:IngotElecanium, Elecanium Ingot
nevermine:IngotBaronyte, Baronyte Ingot
nevermine:IngotBlazium, Blazium Ingot
nevermine:IngotGhastly, Ghastly Ingot
nevermine:IngotGhoulish, Ghoulish Ingot
nevermine:MechanicalAssaultRifleIncomplete, Incomplete Mechanical Assault Rifle
nevermine:MechaBowIncomplete, Incomplete Mecha Bow
nevermine:MechaArchergunIncomplete, Incomplete Mecha Archergun
nevermine:MechyroIncomplete, Incomplete Mechyro
nevermine:MechaCannonIncomplete, Incomplete Mecha Cannon
nevermine:MechaStaffIncomplete, Incomplete Mecha Staff
nevermine:RockBones, Rock Bones
nevermine:CallOfTheDrake, Call Of The Drake
nevermine:ObservingEye, Observing Eye
nevermine:HiveChunk, Hive Chunk
nevermine:CoinSilvro, Silvro Coin
nevermine:ShroomStone, Shroom Stone
nevermine:BoulderDash, Boulder Dash
nevermine:PedalPile, Petal Pile
nevermine:SmallPedalPurple, Small Purple Petal
nevermine:SmallPedalBlue, Small Blue Petal
nevermine:SmallPedalGreen, Small Green Petal
nevermine:SmallPedalRed, Small Red Petal
nevermine:SmallPedalOrange, Small Orange Petal
nevermine:HauntedIdol, Haunted Idol
nevermine:Ghoulasm, Ghoulasm
nevermine:VileStone, Vile Stone
nevermine:UnchargedStone, Uncharged Stone
nevermine:PureCoralStone, Pure Coral Stone
nevermine:PureRainStone, Pure Rain Stone
nevermine:PureWaterStone, Pure Water Stone
nevermine:DoomStone, Doom Stone
nevermine:ToxicLump, Toxic Lump
nevermine:SludgeParasite, Sludge Parasite
nevermine:UpgradeKitApoco, Apoco Upgrade Kit
nevermine:UpgradeKitAbyssal, Abyssal Upgrade Kit
nevermine:UpgradeKitFloro, Floro Upgade Kit
nevermine:HiveStaff, Hive Staff
nevermine:AlluricornSlab, Alluricorn Slab
nevermine:CompeerSlab, Compeer Slab
nevermine:CorbySlab, Corby Slab
nevermine:GnawerSlab, Gnawer Slab
nevermine:HellquinSlab, Hellquin Slab
nevermine:HealingGolemSlab, Healing Golem Slab
nevermine:HorntailSlab, Horntail Slab
nevermine:MechaCyclopsSlab, Mecha Cyclops Slab
nevermine:MechaSkelloxSlab, Mecha Skellox Slab
nevermine:PenguinSlab, Penguin Slab
nevermine:PlateosaurSlab, Plateosaur Slab
nevermine:RammerhornSlab, Rammerhorn Slab
nevermine:SpikebackSlab, Spikeback Slab
nevermine:MegaRuneStone, Mega Rune Stone
nevermine:UnchargedOrb, Uncharged Orb
nevermine:IngotLunar, Lunar Ingot
nevermine:GhoulasmPrimed, Primed Ghoulasm
nevermine:FirestormStaff, Firestorm Staff
nevermine:RuniumChunk, Runium Chunk
nevermine:RuniumChunkCharged, Charged Runium Chunk
nevermine:RuneCharged, Charged Rune
nevermine:RunicEnergy, Runic Energy
nevermine:MegaRuneFragmentB, Mega Rune Fragment
nevermine:MegaRuneFragmentY, Mega Rune Fragment
nevermine:MegaRuneFragmentR, Mega Rune Fragment
nevermine:MegaRuneFragmentG, Mega Rune Fragment
nevermine:ApocoStone, Apoco Stone
nevermine:DarklyPowder, Darkly Powder
nevermine:HydroStone, Hydro Stone
nevermine:HydroplateBoots, Hydroplate Boots
nevermine:HydroplateChestplate, Hydroplate Chestplate
nevermine:HydroplateLeggings, Hydroplate Leggings
nevermine:HydroplateHelmet, Hydroplate Helmet
nevermine:ShinyBox, Shiny Box
nevermine:RunandorBlueprint, Portal Structure Blueprint
nevermine:ElecanyteBoots, Elecanyte Boots
nevermine:ElecanyteChestplate, Elecanyte Chestplate
nevermine:ElecanyteLeggings, Elecanyte Leggings
nevermine:ElecanyteHelmet, Elecanyte Helmet
nevermine:SharpshotBoots, Sharpshot Boots
nevermine:SharpshotChestplate, Sharpshot Chestplate
nevermine:SharpshotLeggings, Sharpshot Leggings
nevermine:SharpshotHelmet, Sharpshot Helmet
nevermine:RockboneBoots, Rockbone Boots
nevermine:RockboneChestplate, Rockbone Chestplate
nevermine:RockboneLeggings, Rockbone Leggings
nevermine:RockboneHelmet, Rockbone Helmet
nevermine:MarkMaker, Mark Maker
nevermine:RealmstoneAbyss, Abyss Realmstone
nevermine:RealmstoneHaven, Haven Realmstone
nevermine:RealmstonePrecasia, Precasia Realmstone
nevermine:RealmstoneMysterium, Mysterium Realmstone
nevermine:RealmstoneIromine, Iromine Realmstone
nevermine:RealmstoneDeeplands, Deeplands Realmstone
nevermine:RealmstoneGardencia, Gardencia Realmstone
nevermine:RealmstoneBorean, L'Borean Realmstone
nevermine:RealmstoneBarathos, Barathos Realmstone
nevermine:RealmstoneVoxPonds, Vox Ponds Realmstone
nevermine:RealmstoneLelyetia, Lelyetia Realmstone
nevermine:RealmstoneDustopia, Dustopia Realmstone
nevermine:AncientTeleporterBlueprint, Ancient Teleporter Blueprint
nevermine:EssenceDivine, Divine Essence
nevermine:EssenceAncient, Ancient Essence
nevermine:EssenceDark, Dark Essence
nevermine:EssenceCharged, Charged Essence
nevermine:EssenceEmpowered, Empowered Essence
nevermine:EssenceEthereal, Ethereal Essence
nevermine:EssenceLuminate, Luminate Essence
nevermine:EssenceMolten, Molten Essence
nevermine:EssenceWeak, Weak Essence
nevermine:EssenceOminous, Ominous Essence
nevermine:iStoneBlooming, Blooming Infusion Stone
nevermine:iStoneGlaring, Glaring Infusion Stone
nevermine:iStoneGleaming, Gleaming Infusion Stone
nevermine:iStoneGlistening, Glistening Infusion Stone
nevermine:iStoneGlowing, Glowing Infusion Stone
nevermine:iStoneRadiant, Radiant Infusion Stone
nevermine:iStoneShining, Shining Infusion Stone
nevermine:StoneBowl, Stone Bowl
nevermine:AuguryBoots, Augury Boots
nevermine:AuguryChestplate, Augury Chestplate
nevermine:AuguryLeggings, Augury Leggings
nevermine:AuguryHelmet, Augury Helmet
nevermine:CreationBoots, Creation Boots
nevermine:CreationChestplate, Creation Chestplate
nevermine:CreationLeggings, Creation Leggings
nevermine:CreationHelmet, Creation Helmet
nevermine:HunterBoots, Hunter Boots
nevermine:HunterChestplate, Hunter Chestplate
nevermine:HunterLeggings, Hunter Leggings
nevermine:HunterHelmet, Hunter Helmet
nevermine:InfusionBoots, Infusion Boots
nevermine:InfusionChestplate, Infusion Chestplate
nevermine:InfusionLeggings, Infusion Leggings
nevermine:InfusionHelmet, Infusion Helmet
nevermine:ForagingBoots, Foraging Boots
nevermine:ForagingChestplate, Foraging Chestplate
nevermine:ForagingLeggings, Foraging Leggings
nevermine:ForagingHelmet, Foraging Helmet
nevermine:ExoplateBoots, Exoplate Boots
nevermine:ExoplateChestplate, Exoplate Chestplate
nevermine:ExoplateLeggings, Exoplate Leggings
nevermine:ExoplateHelmet, Exoplate Helmet
nevermine:ThermalBoots, Battleborn Boots
nevermine:ThermalChestplate, Battleborn Chestplate
nevermine:ThermalLeggings, Battleborn Leggings
nevermine:ThermalHelmet, Battleborn Helmet
nevermine:FaceMask, Face Mask
nevermine:NightVisionGoggles, Night Vision Goggles
nevermine:SkydriverBow, Skydriver Bow
nevermine:LelyetianGreatblade, Lelyetian Greatblade
nevermine:RoyalGreatblade, Royal Greatblade
nevermine:ErebonScythe, Erebon Scythe
nevermine:SelyanScythe, Selyan Scythe
nevermine:PlutonScythe, Pluton Scythe
nevermine:LuxonScythe, Luxon Scythe
nevermine:PyroArchergun, Pyro Archergun
nevermine:AtlanticBow, Atlantic Bow
nevermine:Wrecker, Wrecker
nevermine:CoreRifle, Core Rifle
nevermine:GaugeRifle, Gauge Rifle
nevermine:Stampede, Stampede
nevermine:Cyclone, Cyclone
nevermine:Artifact, Artifact
nevermine:Megagun, Megagun
nevermine:Roulette, Roulette
nevermine:Stormer, Stormer
nevermine:Overshot, Overshot
nevermine:CamoRifle, Camo Rifle
nevermine:HeadHunter, Head Hunter
nevermine:Monster, Monster
nevermine:Decimator, Decimator
nevermine:PulseCannon, Pulse Cannon
nevermine:ChiliChugger, Chili Chugger
nevermine:CarrotCannon, Carrot Cannon
nevermine:Gardener, Gardener
nevermine:DischargeSniper, Discharge Sniper
nevermine:VortexBlaster, Vortex Blaster
nevermine:Swarmotron, Swarm-O-Tron
nevermine:RunePouch, Rune Pouch
nevermine:PowerStaff, Power Staff
nevermine:FireflyStaff, Firefly Staff
nevermine:MoonDestroyer, Moon Destroyer
nevermine:MoonCannon, Moon Cannon
nevermine:MoonMaker, Moon Maker
nevermine:GolderBomber, Golder Bomber
nevermine:GoldenFury, Golden Fury
nevermine:GoldBringer, Gold Bringer
nevermine:LightIron, Light Iron
nevermine:LightSpark, Light Spark
nevermine:LightBlaster, Light Blaster
nevermine:PredatorianBlaster, Predatorian Blaster
nevermine:Predator, Predator
nevermine:Predigun, Predigun
nevermine:ChiliPepper, Chili Pepper
nevermine:CoinsLelyetia, Lelyetia Gems
nevermine:DarkBones, Dark Bones
nevermine:FleshyBones, Fleshy Bones
nevermine:Cup, Cup
nevermine:TeaShreddings, Tea Shreddings
nevermine:ZhinxDust, Zhinx Dust
nevermine:GuardiansEye, Guardian's Eye
nevermine:TeaSeeds, Tea Seeds
nevermine:ChiliSeeds, Chili Seeds
nevermine:TotemRoyalGreatblade, Royal Greatblade Totem
nevermine:TotemSwarmotron, Swarm-O-Tron Totem
nevermine:Tea, Tea
nevermine:FungalTea, Fungal Tea
nevermine:Gravitator, Gravitator
nevermine:AtlanticStaff, Atlantic Staff
nevermine:pStoneBlooming, Blooming Power Stone
nevermine:pStoneGlaring, Glaring Power Stone
nevermine:pStoneGleaming, Gleaming Power Stone
nevermine:pStoneGlistening, Glistening Power Stone
nevermine:pStoneGlowing, Glowing Power Stone
nevermine:pStoneRadiant, Radiant Power Stone
nevermine:pStoneShining, Shining Power Stone
nevermine:WeaponParts, Weapon Parts
nevermine:UpgradeKitLunar, Lunar Upgrade Kit
nevermine:UpgradeKitPredator, Predator Upgrade Kit
nevermine:UpgradeKitLight, Light Upgrade Kit
nevermine:UpgradeKitGolden, Golden Upgrade Kit
nevermine:RunationBoots, Runation Boots
nevermine:RunationChestplate, Runation Chestplate
nevermine:RunationLeggings, Runation Leggings
nevermine:RunationHelmet, Runation Helmet
nevermine:RealmstoneAncientCavern, Ancient Cavern Realmstone
nevermine:LuxonStickler, Luxon Stickler
nevermine:ErebonStickler, Erebon Stickler
nevermine:PlutonStickler, Pluton Stickler
nevermine:SelyanStickler, Selyan Stickler
nevermine:BombLauncher, Bomb Launcher
nevermine:BlastCannon, Blast Cannon
nevermine:Proton, Proton
nevermine:LaserBlaster, Laser Blaster
nevermine:SpraggySlab, Spraggy Slab
nevermine:CraggySlab, Craggy Slab
nevermine:DraggySlab, Draggy Slab
nevermine:ShaddySlab, Shaddy Slab
nevermine:WaggySlab, Waggy Slab
nevermine:BlissardSlab, Blissard Slab
nevermine:HeartStone, Heart Stone
nevermine:NaturalTea, Natural Tea
nevermine:FurlionChopRaw, Raw Furlion Chop
nevermine:FurlionChop, Furlion Chop
nevermine:NatureMelonSlice, Nature Melon Slice
nevermine:HotRod, Hot Rod
nevermine:Balloon, Balloon
nevermine:BlissfulBlast, Blissful Blast
nevermine:SmileBlaster, Smile Blaster
nevermine:HappyHaunter, Happy Haunter
nevermine:PartyPopper, Party Popper
nevermine:WhimsyWinder, Whimsy Winder
nevermine:Spectacle, Spectacle
nevermine:Gimmick, Gimmick
nevermine:BigTop, Big Top
nevermine:BozoBlaster, Bozo Blaster
nevermine:ClownCannon, Clown Cannon
nevermine:ConfettiCluster, Confetti Cluster
nevermine:BalloonBomber, Balloon Bomber
nevermine:ClownCracker, Clown Cracker
nevermine:GoofyGreatblade, Goofy Greatblade
nevermine:ShowStaff, Show Staff
nevermine:JokerStaff, Joker Staff
nevermine:TabletHealth, Tablet Of Health
nevermine:TabletEnergy, Tablet Of Energy
nevermine:TabletVitality, Tablet Of Rage
nevermine:TabletCreation, Tablet Of Creation
nevermine:TabletHunger, Tablet Of Hunger
nevermine:TabletPeace, Tablet Of Peace
nevermine:TabletDebuff, Tablet Of Debuffing
nevermine:TabletAirhop, Tablet Of Airhopping
nevermine:TabletDivine, Tablet Of Divine Intervention
nevermine:InnervationHelmet, Innervation Helmet
nevermine:InnervationChestplate, Innervation Chestplate
nevermine:InnervationLeggings, Innervation Leggings
nevermine:InnervationBoots, Innervation Boots
nevermine:VitalityHelmet, Extraction Helmet
nevermine:VitalityChestplate, Extraction Chestplate
nevermine:VitalityLeggings, Extraction Leggings
nevermine:VitalityBoots, Extraction Boots
nevermine:AnimaHelmet, Anima Helmet
nevermine:AnimaChestplate, Anima Chestplate
nevermine:AnimaLeggings, Anima Leggings
nevermine:AnimaBoots, Anima Boots
nevermine:RealmstoneCeleve, Celeve Realmstone
nevermine:AnimaStone, Anima Stone
nevermine:UpgradeKitSmiley, Smiley Upgrade Kit
nevermine:ToyGyrocopter, Toy Gyrocopter
nevermine:CoinCircus, Circus Coin
nevermine:CoinsCeleve, Celeve Gems
nevermine:CompassRune, Compass Rune
nevermine:TotemGoofyGreatblade, Goofy Greatblade Totem
nevermine:TotemWhimsyWinder, Whimsy Winder Totem
nevermine:Ultraflame, Ultraflame
nevermine:VoidSword, Void Sword
nevermine:DiamondBowl, Diamond Bowl
nevermine:Grandsword, Grandsword
nevermine:FieryChops, Fiery Chops
nevermine:CrystalGreatblade, Crystal Greatblade
nevermine:Crystaneer, Crystaneer
nevermine:CrystalMaul, Crystal Maul
nevermine:CrystonStaff, Cryston Staff
nevermine:CrystalStaff, Crystal Staff
nevermine:CrystikStaff, Crystik Staff
nevermine:Construct, Construct
nevermine:CrystalCarver, Crystal Carver
nevermine:BlastBarrel, Blast Barrel
nevermine:GemstonesWhite, White Gemstones
nevermine:GemstonesGreen, Green Gemstones
nevermine:GemstonesPurple, Purple Gemstones
nevermine:GemstonesYellow, Yellow Gemstones
nevermine:GemstonesBlue, Blue Gemstones
nevermine:GemstonesRed, Red Gemstones
nevermine:CrystalsWhite, White Crystals
nevermine:CrystalsGreen, Green Crystals
nevermine:CrystalsPurple, Purple Crystals
nevermine:CrystalsYellow, Yellow Crystals
nevermine:CrystalsBlue, Blue Crystals
nevermine:CrystalsRed, Red Crystals
nevermine:RealmstoneCrystevia, Crystevia Realmstone
nevermine:CoinsCrystevia, Crystevia Gems
nevermine:TotemCrystaneer, Crystaneer Totem
nevermine:TotemCrystalMaul, Crystal Maul Totem
nevermine:GiantCrystal, Giant Crystal
nevermine:CrystallisHelmet, Crystallis Helmet
nevermine:CrystallisChestplate, Crystallis Chestplate
nevermine:CrystallisLeggings, Crystallis Leggings
nevermine:CrystallisBoots, Crystallis Boots
nevermine:ConstructServilitySlab, Construct of Servility Slab
nevermine:GooferSlab, Goofer Slab
nevermine:Orbocron, Orbocron
nevermine:ShroomicGreatblade, Shroomic Greatblade
nevermine:iStoneAmbient, Ambient Infusion Stone
nevermine:pStoneAmbient, Ambient Power Stone
nevermine:GhostStone, Ghostly Stone
nevermine:MetalTub, Metal Tub
nevermine:MagicMendingCompound, Magic Mending Compound
nevermine:MagicMendingSolution, Magic Mending Solution
nevermine:HalyconBeef, Halycon Beef
nevermine:HalyconBeefRaw, Halycon Beef Raw
nevermine:HellFire, Hell Fire
nevermine:Vulkram, Vulkram
nevermine:Chakram, Chakram
nevermine:GooBall, Goo Ball
nevermine:SliceStar, Slice Star
nevermine:HeartFruit, Heart Fruit
nevermine:BubbleBerries, Bubble Berries
nevermine:ThornyPetals, Thorny Petals
nevermine:MagicMarang, Magic Marang
nevermine:HeartFruitSeeds, Heart Fruit Seeds
nevermine:BubbleBerrySeeds, Bubble Berry Seeds
nevermine:MagicMarangSeeds, Magic Marang Seeds
nevermine:ThornyPlantSeeds, Thorn Plant Seeds
nevermine:IngotRustedIron, Rusted Iron Ingot
nevermine:FragmentedAnimaStone, Fragmented Anima Stone
nevermine:CandyStaff, Candy Staff
nevermine:SweetTooth, Sweet Tooth
nevermine:MintMagnum, Mint Magnum
nevermine:GingerBlaster, Ginger Blaster
nevermine:Froster, Froster
nevermine:CaramelCarver, Caramel Carver
nevermine:SweetSword, Sweet Sword
nevermine:CandyBlade, Candy Blade
nevermine:CottonCrusher, Cotton Crusher
nevermine:FungalHelmet, Fungal Helmet
nevermine:FungalChestplate, Fungal Chestplate
nevermine:FungalLeggings, Fungal Leggings
nevermine:FungalBoots, Fungal Boots
nevermine:CandyHelmet, Candy Helmet
nevermine:CandyChestplate, Candy Chestplate
nevermine:CandyLeggings, Candy Leggings
nevermine:CandyBoots, Candy Boots
nevermine:ExpeditionHelmet, Expedition Helmet
nevermine:ExpeditionChestplate, Expedition Chestplate
nevermine:ExpeditionLeggings, Expedition Leggings
nevermine:ExpeditionBoots, Expedition Boots
nevermine:RealmstoneCandyland, Candyland Realmstone
nevermine:CoinsCandyland, Candyland Gems
nevermine:OpteryxFeather, Opteryx Feather
nevermine:TreatBag, Treat Bag
nevermine:TotemMintMagnum, Mint Magnum Totem
nevermine:TotemFroster, Froster Totem
nevermine:CandyCorn, Candy Corn
nevermine:SourCandy, Sour Candy
nevermine:SourGummy, Sour Gummy
nevermine:SourPop, Sour Pop
nevermine:GingerbreadWing, Gingerbread Wing
nevermine:GingerbreadCookie, Gingerbread Cookie
nevermine:CandyCane, Candy Cane
nevermine:PeppermintCandy, Peppermint Candy
nevermine:SpearmintCandy, Spearmint Candy
nevermine:Demolisher, Demolisher
nevermine:Miasma, Miasma
nevermine:Darkener, Darkener
nevermine:DarklyGuster, Darkly Guster
nevermine:DarkBeast, Dark Beast
nevermine:Skullette, Skullette
nevermine:Skullifact, Skullifact
nevermine:SkulloBlaster, Skullo Blaster
nevermine:HiveCracker, Hive Cracker
nevermine:Hiver, Hiver
nevermine:HiveBlaster, Hive Blaster
nevermine:Clownershot, Clownershot
nevermine:ClownoPulse, Clowno Pulse
nevermine:Clownimator, Clownimator
nevermine:Seaocron, Sea-O-Cron
nevermine:AquaMagnum, AquaMagnum
nevermine:WaterBalloonBomber, Water Balloon Bomber
nevermine:Mineral, Mineral
nevermine:Fragment, Fragment
nevermine:Boulder, Boulder
nevermine:UpgradeKitClown, Clown Upgrade Kit
nevermine:UpgradeKitDarkly, Darkly Upgrade Kit
nevermine:UpgradeKitHaunted, Haunted Upgrade Kit
nevermine:UpgradeKitSeaside, Seaside Upgrade Kit
nevermine:UpgradeKitLelyetian, Lelyetian Upgrade Kit
nevermine:UpgradeKitRocky, Rocky Upgrade Kit
nevermine:RealmstoneImmortallis, Immortallis Realmstone
nevermine:RealmstoneCreeponia, Creeponia Realmstone
nevermine:LoggingHelmet, Logging Helmet
nevermine:LoggingChestplate, Logging Chestplate
nevermine:LoggingLeggings, Logging Leggings
nevermine:LoggingBoots, Logging Boots
nevermine:HermetismHelmet, Hermetism Helmet
nevermine:HermetismChestplate, Hermetism Chestplate
nevermine:HermetismLeggings, Hermetism Leggings
nevermine:HermetismBoots, Hermetism Boots
nevermine:VulcanismHelmet, Vulcanism Helmet
nevermine:VulcanismChestplate, Vulcanism Chestplate
nevermine:VulcanismLeggings, Vulcanism Leggings
nevermine:VulcanismBoots, Vulcanism Boots
nevermine:ButcheryHelmet, Butchery Helmet
nevermine:ButcheryChestplate, Butchery Chestplate
nevermine:ButcheryLeggings, Butchery Leggings
nevermine:ButcheryBoots, Butchery Boots
nevermine:ZargoniteHelmet, Zargonite Helmet
nevermine:ZargoniteChestplate, Zargonite Chestplate
nevermine:ZargoniteLeggings, Zargonite Leggings
nevermine:ZargoniteBoots, Zargonite Boots
nevermine:SpaceKingHelmet, SpaceKing Helmet
nevermine:SpaceKingChestplate, SpaceKing Chestplate
nevermine:SpaceKingLeggings, SpaceKing Leggings
nevermine:SpaceKingBoots, SpaceKing Boots
nevermine:ArchaicHelmet, Archaic Helmet
nevermine:ArchaicChestplate, Archaic Chestplate
nevermine:ArchaicLeggings, Archaic Leggings
nevermine:ArchaicBoots, Archaic Boots
nevermine:OmniHelmet, Omni Helmet
nevermine:OmniChestplate, Omni Chestplate
nevermine:OmniLeggings, Omni Leggings
nevermine:OmniBoots, Omni Boots
nevermine:MercurialHelmet, Mercurial Helmet
nevermine:MercurialChestplate, Mercurial Chestplate
nevermine:MercurialLeggings, Mercurial Leggings
nevermine:MercurialBoots, Mercurial Boots
nevermine:Deadlock, Deadlock
nevermine:DualSight, Dual Sight
nevermine:Sabbath, Sabbath
nevermine:Odious, Odious
nevermine:Beamer, Beamer
nevermine:KrasaunsDawn, Krasaun's Dawn
nevermine:Revolution, Revolution
nevermine:Vivo, Vivo
nevermine:HeatWave, Heat Wave
nevermine:DischargeShotgun, Discharge Shotgun
nevermine:MissileMaker, Missile Maker
nevermine:CreepoidGreatblade, Creepoid Greatblade
nevermine:MilleniumGreatblade, Millenium Greatblade
nevermine:EvermightStaff, Evermight Staff
nevermine:EverfightStaff, Everfight Staff
nevermine:ConcussionStaff, Concussion Staff
nevermine:StartingCoin, Starting Coin
nevermine:ProgressCoin1, Progress Coin
nevermine:ProgressCoin2, Progress Coin
nevermine:ProgressCoin3, Progress Coin
nevermine:ProgressCoin4, Progress Coin
nevermine:ImpureGold, Impure Gold
nevermine:PureGold, Pure Gold
nevermine:ReturnCrystal, Return Crystal
nevermine:DungeonTokens, Dungeon Tokens
nevermine:BoomBoom, Boom-Boom
nevermine:Vulcane, Vulcane
nevermine:BattleVulcane, Vulcane: Battle
nevermine:EqualityVulcane, Vulcane: Equality
nevermine:FireVulcane, Vulcane: Fire
nevermine:PoisonVulcane, Vulcane: Poison
nevermine:PowerVulcane, Vulcane: Power
nevermine:WitherVulcane, Vulcane: Wither
nevermine:ImpairmentVulcane, Vulcane: Impairment
nevermine:CreepifiedSword, Creepified Sword
nevermine:VulcammerSword, Vulcammer
nevermine:AugmentFire, Augment: Fire
nevermine:AugmentWither, Augment: Wither
nevermine:AugmentPoison, Augment: Poison
nevermine:AugmentImpairment, Augment: Impairment
nevermine:AugmentEquality, Augment: Equality
nevermine:AugmentBattle, Augment: Battle
nevermine:AugmentPower, Augment: Power
nevermine:BloodAccumulator, Blood Accumulator
nevermine:Gemenyte, Gemenyte
nevermine:Jewelyte, Jewelyte
nevermine:Ornamyte, Ornamyte
nevermine:ExplosiveGem, Explosive Gems
nevermine:CoinsCreeponia, Creeponia Gems
nevermine:InfusionBlueprint, Infusion Blueprint
nevermine:RealmstoneLabricon, Strange Realmstone
nevermine:RealmstoneFragment1, Realmstone Fragment
nevermine:RealmstoneFragment2, Realmstone Fragment
nevermine:RealmstoneFragment3, Realmstone Fragment
nevermine:RealmstoneFragment4, Realmstone Fragment
nevermine:RealmstoneFragment5, Realmstone Fragment
nevermine:OrnamytePickaxe, Ornamyte Pickaxe
nevermine:OrnamyteAxe, Ornamyte Axe
nevermine:OrnamyteShovel, Ornamyte Shovel
nevermine:OccultPickaxe, Occult Pickaxe
nevermine:OccultAxe, Occult Axe
nevermine:OccultShovel, Occult Shovel
nevermine:SoulstonePickaxe, Soulstone Pickaxe
nevermine:SoulstoneAxe, Soulstone Axe
nevermine:SoulstoneShovel, Soulstone Shovel
nevermine:TotemBoomBoom, Boom-Boom Totem
nevermine:TotemCreepoidGreatblade, Creepoid Greatblade Totem
nevermine:MilleniumUpgrader, Millenium Upgrader
nevermine:MoltenUpgrader, Molten Upgrader
nevermine:EnergisticPickaxe, Energistic Pickaxe
nevermine:EnergisticAxe, Energistic Axe
nevermine:EnergisticShovel, Energistic Shovel
nevermine:GoofyPickaxe, Goofy Pickaxe
nevermine:GoofyAxe, Goofy Axe
nevermine:GoofyShovel, Goofy Shovel
nevermine:Orbulon, Orbulon
nevermine:LyndamyteHelmet, Lyndamyte Helmet
nevermine:LyndamyteChestplate, Lyndamyte Chestplate
nevermine:LyndamyteLeggings, Lyndamyte Leggings
nevermine:LyndamyteBoots, Lyndamyte Boots
nevermine:EmbrodiumHelmet, Embrodium Helmet
nevermine:EmbrodiumChestplate, Embrodium Chestplate
nevermine:EmbrodiumLeggings, Embrodium Leggings
nevermine:EmbrodiumBoots, Embrodium Boots
nevermine:AmethindHelmet, Amethind Helmet
nevermine:AmethindChestplate, Amethind Chestplate
nevermine:AmethindLeggings, Amethind Leggings
nevermine:AmethindBoots, Amethind Boots
nevermine:HaulingHelmet, Hauling Helmet
nevermine:HaulingChestplate, Hauling Chestplate
nevermine:HaulingLeggings, Hauling Leggings
nevermine:HaulingBoots, Hauling Boots
nevermine:FingerFish, Finger Fish
nevermine:PearlStripefish, Pearl Stripefish
nevermine:Limefish, Limefish
nevermine:Sailback, Sailback
nevermine:GoldenGullfish, Golden Gullfish
nevermine:TurquoiseStripefish, Turquoise Stripefish
nevermine:VioletSkipper, Violet Skipper
nevermine:Rocketfish, Rocketfish
nevermine:CrimsonStripefish, Crimson Stripefish
nevermine:CrimsonSkipper, Crimson Skipper
nevermine:SapphireStrider, Sapphire Strider
nevermine:Candlefish, Candlefish
nevermine:DarkHatchetfish, Dark Hatchetfish
nevermine:Ironback, Ironback
nevermine:Rainbowfish, Rainbowfish
nevermine:Razorfish, Razorfish
nevermine:SkillCrystalSmall, Small Skill Crystal
nevermine:SkillCrystalMedium, Medium Skill Crystal
nevermine:SkillCrystalLarge, Large Skill Crystal
nevermine:SkillCrystalGiant, Giant Skill Crystal
nevermine:TreasureBox, Treasure Box
nevermine:RuneBox, Rune Box
nevermine:FishCase, Fish Case
nevermine:CrystalBox, Crystal Box
nevermine:WeaponsBox, Weapons Box
nevermine:HolySword, Holy Sword
nevermine:CandlefireSword, Candlefire Sword
nevermine:SupremecySword, Supremecy Sword
BiblioCraft:item.StockroomCatalog, Stockroom Catalog
BiblioCraft:item.PlumbLine, Plumb line
BiblioCraft:item.FramingSaw, Framing Saw
BiblioCraft:item.FramingBoard, Framing Board
BiblioCraft:item.FramingSheet, Framing Sheet
BiblioCraft:item.TesterItem, ItemStack Name Tester
BiblioCraft:item.AtlasBook:0, Atlas
BiblioCraft:item.AtlasPlate, Atlas Plate
BiblioCraft:item.DeathCompass, Eternal Compass
BiblioCraft:item.PaintingCanvas, Painting Canvas
BiblioCraft:item.BigBook, Big Writing Book
BiblioCraft:item.RecipeBook, Empty Recipe Book
BiblioCraft:item.SlottedBook, Slotted Book
BiblioCraft:item.HandDrill, Hand Drill
BiblioCraft:item.tapeMeasure, Tape Measure
BiblioCraft:item.tape, Tape Measure Reel
BiblioCraft:item.BiblioChase, Print Press Chase
BiblioCraft:item.PrintPlate, Print Press Plate
BiblioCraft:item.EnchantedPlate, Enchanted Plate
BiblioCraft:item.BiblioRedBook, Redstone: Volume I
BiblioCraft:item.BiblioGlasses:0, Reading Glasses
BiblioCraft:item.BiblioGlasses:1, Tinted Glasses
BiblioCraft:item.BiblioGlasses:2, Monocle
BiblioCraft:item.BiblioDrill, Screw Gun
BiblioCraft:item.BiblioCreativeLock, Lock and Key
BiblioCraft:item.BiblioClipboard, Clipboard
BiblioCraft:item.seatBack:0, Oak Seat Back
BiblioCraft:item.seatBack:1, Spruce Seat Back
BiblioCraft:item.seatBack:2, Birch Seat Back
BiblioCraft:item.seatBack:3, Jungle Seat Back
BiblioCraft:item.seatBack:4, Acacia Seat Back
BiblioCraft:item.seatBack:5, Dark Oak Seat Back
BiblioCraft:item.seatBack:6, Framed Seat Back
BiblioCraft:item.seatBack2:0, Oak Seat Back
BiblioCraft:item.seatBack2:1, Spruce Seat Back
BiblioCraft:item.seatBack2:2, Birch Seat Back
BiblioCraft:item.seatBack2:3, Jungle Seat Back
BiblioCraft:item.seatBack2:4, Acacia Seat Back
BiblioCraft:item.seatBack2:5, Dark Oak Seat Back
BiblioCraft:item.seatBack2:6, Framed Seat Back
BiblioCraft:item.seatBack3:0, Oak Seat Back
BiblioCraft:item.seatBack3:1, Spruce Seat Back
BiblioCraft:item.seatBack3:2, Birch Seat Back
BiblioCraft:item.seatBack3:3, Jungle Seat Back
BiblioCraft:item.seatBack3:4, Acacia Seat Back
BiblioCraft:item.seatBack3:5, Dark Oak Seat Back
BiblioCraft:item.seatBack3:6, Framed Seat Back
BiblioCraft:item.seatBack4:0, Oak Seat Back
BiblioCraft:item.seatBack4:1, Spruce Seat Back
BiblioCraft:item.seatBack4:2, Birch Seat Back
BiblioCraft:item.seatBack4:3, Jungle Seat Back
BiblioCraft:item.seatBack4:4, Acacia Seat Back
BiblioCraft:item.seatBack4:5, Dark Oak Seat Back
BiblioCraft:item.seatBack4:6, Framed Seat Back
BiblioCraft:item.seatBack5:0, Oak Seat Back
BiblioCraft:item.seatBack5:1, Spruce Seat Back
BiblioCraft:item.seatBack5:2, Birch Seat Back
BiblioCraft:item.seatBack5:3, Jungle Seat Back
BiblioCraft:item.seatBack5:4, Acacia Seat Back
BiblioCraft:item.seatBack5:5, Dark Oak Seat Back
BiblioCraft:item.seatBack5:6, Framed Seat Back
BiblioCraft:item.BiblioMapTool, Drafting Compass
BiblioCraft:item.BiblioWayPointCompass, Waypoint Compass
binarymod:informatical_sword, Informatical sword
binarymod:informatical_pickaxe, Informatical pickaxe
binarymod:informatical_shovel, Informatical shovel
binarymod:informatical_hoe, Informatical hoe
binarymod:informatical_axe, Informatical axe
binarymod:informatical_bow, Informatical bow
binarymod:informatical_sword_bow, Informatical dematerialisator
binarymod:informatical_hammer, Informatical hammer
binarymod:binary_sword, Binary sword
binarymod:binary_pickaxe, Binary pickaxe
binarymod:binary_shovel, Binary shovel
binarymod:binary_hoe, Binary hoe
binarymod:binary_axe, Binary axe
binarymod:sourceCode_helmet, Programmed helmet
binarymod:sourceCode_chestplate, Programmed chestplate
binarymod:sourceCode_leggings, Programmed leggings
binarymod:sourceCode_boots, Programmed boots
binarymod:informatical_code, Informatical code
binarymod:compressed_informatical_code, Compressed informatical code
binarymod:informatical_ingot, Informatical ingot
binarymod:triple_informatical_ingot, Triple informatical ingot
binarymod:source_code, Source code
binarymod:triple_source_code, Triple source code
binarymod:six_source_code, Sextuple source code
binarymod:informatical_stick, Informatical stick
binarymod:code_powder, Code powder
binarymod:programmed_beef, Programmed beef
binarymod:programmed_cooked_beef, Programmed cooked beef
binarymod:sword_model, Sword model
binarymod:pickaxe_model, Pickaxe model
binarymod:shovel_model, Shovel model
binarymod:hoe_model, Hoe model
binarymod:axe_model, Axe model
binarymod:bow_model, Bow model
binarymod:informatical_sword_piece, Informatical sword blade
binarymod:informatical_pickaxe_piece, Informatical pickaxe head
binarymod:informatical_shovel_piece, Informatical shovel head
binarymod:informatical_hoe_piece, Informatical hoe head
binarymod:informatical_axe_piece, Informatical axe head
binarymod:informatical_bow_piece, Informatical bow stick
binarymod:helmet_model, Helmet model
binarymod:chestplate_model, Chestplate model
binarymod:leggings_model, Leggings model
binarymod:boots_model, Boots model
binarymod:binary_door_item, Binary door
binarymod:gen_programmer_house, Programmer's house Generator
binarymod:gen_dungeon_teleporter, Dungeon teleporter Generator
binarymod:food_programmer_upgrader, Food programmer upgrader
binarymod:dungeon_exit_key, Dungeon exit key
binarymod:informatical_seeds, Informatical seeds
binarymod:informatical_plant, Informatical plant
binarymod:mega_informatical_plant, Mega informatical plant
binarymod:giga_informatical_plant, Giga informatical plant
binarymod:informatical_gear, Informatical gear
binarymod:screen, Screen
binarymod:blue_pill, The blue pill
binarymod:red_pill, The red pill
binarymod:quartet, Quartet
binarymod:char, Character
binarymod:word, Word
Railcraft:fluid.creosote.bucket, Creosote Bucket
Railcraft:fluid.creosote.bottle, Creosote Bottle
Railcraft:fluid.creosote.can, Creosote Can
Railcraft:fluid.creosote.cell, Creosote Cell
Railcraft:fluid.creosote.wax, Creosote Capsule
Railcraft:fluid.creosote.refactory, Creosote Capsule
Railcraft:fluid.steam.bottle, Steam Bottle
Railcraft:tool.crowbar, Crowbar
Railcraft:tool.crowbar.reinforced, Reinforced Crowbar
Railcraft:tool.magnifying.glass, Magnifying Glass
Railcraft:armor.goggles, Trackman's Goggles
Railcraft:part.circuit:0, Controller Circuit
Railcraft:part.circuit:1, Receiver Circuit
Railcraft:part.circuit:2, Signal Circuit
Railcraft:tool.steel.shears, Steel Shears
Railcraft:tool.steel.sword, Steel Sword
Railcraft:tool.steel.shovel, Steel Shovel
Railcraft:tool.steel.pickaxe, Steel Pickaxe
Railcraft:tool.steel.axe, Steel Axe
Railcraft:tool.steel.hoe, Steel Hoe
Railcraft:armor.overalls, Engineer's Overalls
Railcraft:nugget:0, Iron Nugget
Railcraft:nugget:1, Steel Nugget
Railcraft:nugget:2, Copper Nugget
Railcraft:nugget:3, Tin Nugget
Railcraft:nugget:4, Lead Nugget
Railcraft:ingot:0, Steel Ingot
Railcraft:ingot:1, Copper Ingot
Railcraft:ingot:2, Tin Ingot
Railcraft:ingot:3, Lead Ingot
Railcraft:part.railbed:0, Wooden Railbed
Railcraft:part.railbed:1, Stone Railbed
Railcraft:part.tie:0, Wooden Tie
Railcraft:part.tie:1, Stone Tie
Railcraft:part.rebar, Rebar
Railcraft:part.rail:0, Standard Rail
Railcraft:part.rail:1, Advanced Rail
Railcraft:part.rail:2, Wooden Rail
Railcraft:part.rail:3, H.S. Rail
Railcraft:part.rail:4, Reinforced Rail
Railcraft:part.rail:5, Electric Rail
Railcraft:fuel.coke, Coal Coke
Railcraft:part.plate:0, Iron Plate
Railcraft:part.plate:1, Steel Plate
Railcraft:part.plate:2, Tin Plate
Railcraft:part.plate:3, Copper Plate
Railcraft:part.plate:4, item.railcraft.part.plate.lead.name
Railcraft:dust:0, Obsidian Dust
Railcraft:dust:1, Sulfur
Railcraft:dust:2, Saltpeter
Railcraft:dust:3, Charcoal Dust
Railcraft:part.gear:0, Gold-Plate Gear
Railcraft:part.gear:1, Iron Gear
Railcraft:part.gear:2, Steel Gear
Railcraft:part.gear:3, Tin Gear Bushing
Railcraft:cart.tnt.wood:0, Wooden TNT Cart
Railcraft:cart.work:0, Work Cart
Railcraft:tool.surveyor:0, Signal Block Surveyor
Railcraft:tool.signal.tuner:0, Signal Tuner
Railcraft:tool.signal.label, Signal Label
Railcraft:part.signal.lamp, Signal Lamp
Railcraft:part.bleached.clay, Bleached Clay
Railcraft:cart.bore:0, Tunnel Bore
Railcraft:borehead.diamond, Diamond Bore Head
Railcraft:borehead.steel, Steel Bore Head
Railcraft:borehead.iron, Iron Bore Head
Railcraft:cart.track.relayer:0, Track Relayer Cart
Railcraft:cart.undercutter:0, Undercutter Cart
Railcraft:cart.track.layer:0, Track Layer Cart
Railcraft:cart.track.remover:0, Track Remover Cart
Railcraft:cart.tank:0, Tank Cart
Railcraft:cart.cargo:0, Cargo Cart
Railcraft:cart.anchor.personal:0, Personal Anchor Cart
Railcraft:cart.pumpkin:0, Pumpkin Cart
Railcraft:cart.gift:0, Gift Cart
Railcraft:tool.whistle.tuner, Whistle Tuner
Railcraft:routing.table, Routing Table
Railcraft:routing.ticket.gold, Golden Railway Ticket
Railcraft:routing.ticket, Railway Ticket
Railcraft:emblem, Emblem
Railcraft:firestone.raw, Raw Firestone
Railcraft:firestone.cut, Cut Firestone
Railcraft:firestone.refined, Refined Firestone
Railcraft:firestone.cracked, Cracked Firestone
Railcraft:tool.electric.meter, Electric Meter
Railcraft:part.turbine.rotor, Turbine Rotor
Railcraft:part.turbine.disk, Turbine Disk
Railcraft:part.turbine.blade, Turbine Blade
Railcraft:cart.redstone.flux:0, Redstone Flux Cart
chisel:upgrade:0, Speed Upgrade.name
chisel:upgrade:1, Automation Upgrade.name
chisel:upgrade:2, Stack Upgrade.name
chisel:upgrade:3, Reversion Upgrade.name
chisel:ballomoss, Ball O' Moss
chisel:chisel, Null
chisel:diamondChisel, Null
chisel:obsidianChisel, Null
chisel:cloudinabottle, Cloud In A Bottle
chisel:smashingrock, Smashing Rock
CarpentersBlocks:itemCarpentersHammer, Carpenter's Hammer
CarpentersBlocks:itemCarpentersChisel, Carpenter's Chisel
CarpentersBlocks:itemCarpentersTile, Carpenter's Tile
CarpentersBlocks:itemCarpentersDoor, Carpenter's Door
CarpentersBlocks:itemCarpentersBed, Carpenter's Bed
Ztones:hunger, MSG Pill
Ztones:minicharcoal, Mini Charcoal
Ztones:minicoal, Mini Coal
Ztones:ofanix, Ofanix
Ztones:diamondZane, Diamond Zane
Ztones:splatAxe, Splat Axe
Ztones:terrainEater, Terrain Eater
Ztones:totemTool, Totem Tool
clockworkphase:ingotTemporal, teMPoRal INgOt
clockworkphase:brassIngot, Brass Ingot
clockworkphase:nuggetTemporal, teMPoRal nUgGeT
clockworkphase:chipTemporal, teMPoRal cHIp
clockworkphase:gearBrass, Brass Gear
clockworkphase:gearBronze, Bronze Gear
clockworkphase:gearLegendary, Legendary Gear
clockworkphase:gearCopper, Copper Gear
clockworkphase:gearDiamond, Diamond Gear
clockworkphase:gearEmerald, Emerald Gear
clockworkphase:gearIron, Iron Gear
clockworkphase:gearLead, Lead Gear
clockworkphase:gearSilver, Silver Gear
clockworkphase:gearSteel, Steel Gear
clockworkphase:gearTemporal, teMpOrAL gEaR
clockworkphase:gearThaumium, Thaumium Gear
clockworkphase:gearTin, Tin Gear
clockworkphase:gearRusty, Rusty Gear
clockworkphase:framework, Framework
clockworkphase:noteBottle, Note-in-a-Bottle
clockworkphase:preciousCharm, Precious Charm
clockworkphase:oldCoin, Ancient Coin
clockworkphase:clockworkPickaxe, Clockwork Pickaxe
clockworkphase:clockworkAxe, Clockwork Axe
clockworkphase:clockworkShovel, Clockwork Shovel
clockworkphase:clockworkSaber, Clockwork Sword
clockworkphase:temporalClockworkPickaxe, TEmPOraL cLoCkwOrk piCkaXE
clockworkphase:temporalClockworkAxe, teMpOraL cLocKwoRk aXe
clockworkphase:temporalClockworkShovel, temPORaL cLoCkWOrk sHoVeL
clockworkphase:temporalClockworkSaber, tEmPOrAl cLoCkWOrK SwORd
clockworkphase:clockworkHeadpiece, Clockwork Headpiece
clockworkphase:clockworkChestplate, Clockwork Chestplate
clockworkphase:clockworkLeggings, Clockwork Leggings
clockworkphase:clockworkBoots, Clockwork Boots
clockworkphase:hourglass, Chronomancer's Hourglass
clockworkphase:hourglassLife, Chronomancer's Hourglass of Life
clockworkphase:hourglassLight, Chronomancer's Hourglass of Light
clockworkphase:hourglassWater, Chronomancer's Hourglass of Water
clockworkphase:hourglassEarth, Chronomancer's Hourglass of Earth
clockworkphase:hourglassAir, Chronomancer's Hourglass of Wind
clockworkphase:hourglassFire, Chronomancer's Hourglass of Fire
clockworkphase:hourglassLunar, Chronomancer's Hourglass of the Moon
clockworkphase:hourglassDeath, Chronomancer's Hourglass of Death
clockworkphase:catalystLife, Life Catalyst
clockworkphase:catalystLight, Light Catalyst
clockworkphase:catalystWater, Water Catalyst
clockworkphase:catalystEarth, Earth Catalyst
clockworkphase:catalystAir, Air Catalyst
clockworkphase:catalystFire, Fire Catalyst
clockworkphase:catalystLunar, Lunar Catalyst
clockworkphase:catalystDeath, Death Catalyst
clockworkphase:pocketWatch, Pocket Watch
clockworkphase:moduleSilkTouch, Silk Touch Module
clockworkphase:moduleFurnace, Furnace Module
clockworkphase:moduleLifeWalk, Life Walk Module
clockworkphase:moduleDeathWalk, Death Walk Module
clockworkphase:modulePartialGravity, Partial Gravity Module
clockworkphase:timeTuner, Time Tuner
clockworkphase:bugSwatter, Bug Swatter
clockworkphase:temporalMultitool, tEMPorAl mULtI-tOoL
clockworkphase:mainspring, Mainspring
clockworkphase:clockwork, Clockwork
clockworkphase:timeSandBucket, Time Sand Bucket
clockworkphase:blandHourglass, Hourglass
clockworkphase:temporalCoreActive, aCTiVe TEmPOraL cORe
clockworkphase:temporalCoreSedate, sEdAte TEmPOraL cORe
darkcore:item.darkcore.UniqueSword, Keening
props:props:0, Stuffed Creeper
props:props:1, Wine Bottle
props:props:2, Grandfather Clock
props:props:3, Wood Blocks
props:props:4, Spinning Wheel
props:props:5, Jack In The Box
props:props:6, Paper Airplane
props:props:7, Gold Ingot Stack
props:props:8, Rocking Horse
props:props:9, Toy Soldier
props:props:10, R2 D2
props:props:11, Rubkik's Cube
props:props:12, Toy Boat
props:props:13, Plates Fancy
props:props:14, Piano
props:props:15, Stained Glass Orange
props:props:16, Stained Glass Magenta
props:props:17, Stained Glass LightBlue
props:props:18, Stained Glass Yellow
props:props:19, Stained Glass Lime
props:props:20, Stained Glass Pink
props:props:21, Stained Glass Cyan
props:props:22, Stained Glass Purple
props:props:23, Stained Glass Blue
props:props:24, Stained Glass Green
props:props:25, Stained Glass Red
props:props:26, Stained Glass White
props:props:27, Tea Set
props:props:28, Tea Cup
props:props:29, Long Crate
props:props:30, Picnic Basket
props:props:31, Cuckoo Clock
props:props:32, Pumpkin Trio
props:props:33, Cradle
props:props:34, Xylophone
props:props:35, Toy Train
props:props:36, DiscordMLP
props:props:37, Scarecrow
props:props:38, Wine Rack Full
props:props:39, Wine Rack Empty
props:props:40, Papel Picado Orange
props:props:41, Papel Picado Black
props:props:42, Papel Picado Blue
props:props:43, Papel Picado Cyan
props:props:44, Papel Picado Green
props:props:45, Papel Picado Light Blue
props:props:46, Papel Picado Lime
props:props:47, Papel Picado Magenta
props:props:48, Papel Picado Pink
props:props:49, Papel Picado Purple
props:props:50, Papel Picado Red
props:props:51, Papel Picado White
props:props:52, Papel Picado Yellow
props:props:53, Gold Oddem
props:props:54, Silver Oddem
props:props:55, Bronze Oddem
props:props:56, Training Dummy
props:props:57, Stuffed Bunny
props:props:58, Stuffed Teddy
props:props:59, Iron Ingot Stack
props:props:60, Bronze Ingot Stack
props:props:61, Tanning Rack Cow
props:props:62, Tanning Rack Leather
props:props:63, Tanning Rack Wolf
props:props:64, Sharpening Stone
props:props:65, Ironing Board
props:props:66, Clothesline 1
props:props:67, Clothesline 2
props:props:68, Clothesline 3
props:props:69, Clothesline 4
props:props:70, Clothesline 5
props:props:71, Clothesline 6
props:props:72, Washing Board
props:props:73, Birdhouse
props:props:74, Dog House Big
props:props:75, Dog House Small
props:props:76, Stuffed Wolf
props:props:77, Pumpkin 1
props:props:78, Pumpkin 2
props:props:79, Pumpkin 3
props:props:80, Door Barricade
props:props:81, Rubik's Cube Shuffled
props:props:82, Picnic Table Left
props:props:83, Picnic Table Center
props:props:84, Picnic Table Right
props:props:85, Gravestone 1
props:props:86, Gravestone 2
props:props:87, Gravestone 3
props:props:88, Park Bin
props:props:89, Barrel
props:props:90, Park Bench
props:props:91, Chest Keyhole
props:props:92, Tardis
props:props:93, Jewelry Box
props:props:94, Fall Wreath
props:props:95, Harp
props:props:96, Brush and Comb
props:props:97, Spider Candle
props:props:98, Stuffed Spider
props:props:99, Beer Keg
props:props:100, Large Beer Keg
props:props:101, Horizontal Barrel
props:props:102, Big Anchor
props:props:103, Anchor
props:props:104, Luggage
props:props:105, Safe
props:props:106, Cooked Turkey
props:props:107, Etch-A-Sketch
props:props:108, Phonograph
props:props:109, Rope
props:props:110, Icicles
props:props:111, Chain Top
props:props:112, Chain Middle
props:props:113, Chain Bottom
props:props:114, Honey Pot
props:props:115, Hourglass
props:props:116, Beer Mug
props:props:117, Lawn Flamingo
props:props:118, Wall Mirror
props:props:119, Garden Gnome
props:props:120, Pilgrim
props:props:121, Indian
props:props:122, Telescope
props:props:123, Sewing Machine
props:props:124, See-Saw
props:props:125, Christmas Lights
props:props:126, Christmas Wreath 1
props:props:127, Christmas Wreath 2
props:props:128, Garland 1
props:props:129, Garland 2
props:props:130, Garland 3
props:props:131, Garland 4
props:props:132, Garland 5
props:props:133, Garland 6
props:props:134, Garland 7
props:props:135, Presents 1
props:props:136, Presents 2
props:props:137, Presents 3
props:props:138, Swing
props:props:139, Paper Lantern
props:props:140, Toilet Paper
props:props:141, Christmas Tree
props:props:142, Christmas Tree Small
props:props:143, Tissue Box
props:props:144, Snow Globe
props:props:145, Sleigh
props:props:146, Slide
props:props:147, Snowman
props:props:148, Garland 8
props:props:149, Garland 9
props:props:150, Garland 10
props:props:151, Reindeer
props:props:152, Reindeer Plushie
props:props:153, Christmas Bells
props:props:154, Gingerbread House
props:props:155, Elf Plushie
props:props:156, Milk and Cookies
props:props:157, Candycane Jar
props:props:158, Stocking 1
props:props:159, Stocking 2
props:props:160, Mistletoe
props:props:161, Santa Plushie
props:props:162, Present 1
props:props:163, Present 2
props:props:164, Present 3
props:props:165, Present 4
props:props:166, Present 5
props:props:167, Present 6
props:props:168, Present 7
props:props:169, Present 8
props:props:170, Present 9
props:props:171, Small Christmas Tree
props:props:172, World Globe
props:props:173, Crystal Ball
props:props:174, Glass Rose
props:props:175, Engagement Ring
props:props:176, Sand Castle
props:props:177, Wind Chime
props:props:178, Garden Flamingo
props:props:179, Paper Lantern Kanji
props:props:180, Paper Lantern Pink
props:props:181, Paper Lantern CherryBlossom
props:props:182, Paper Lantern Purple
props:props:183, Paper Lantern Green
props:props:184, Paper Lantern Yellow
props:props:185, Barber Pole Wall
props:props:186, Barber Pole Ground
props:props:187, Potions Spilled
props:props:188, Potions
props:props:189, Sign Honey
props:props:190, Sign Apothecary
props:props:191, Sign Apothecary 2
props:props:192, Sign Archery
props:props:193, Sign Baker
props:props:194, Sign Baker 2
props:props:195, Sign Bank
props:props:196, Sign Blacksmith
props:props:197, Sign Bombs
props:props:198, Sign Books
props:props:199, Sign Butcher
props:props:200, Sign Camping
props:props:201, Sign Candy
props:props:202, Sign Farming
props:props:203, Sign Fish
props:props:204, Sign Flowers
props:props:205, Sign General Store
props:props:206, Sign Inn
props:props:207, Sign Jail
props:props:208, Sign Jeweler
props:props:209, Sign Jeweler 2
props:props:210, Sign Lumber
props:props:211, Sign Magic
props:props:212, Sign Maps
props:props:213, Sign Mine
props:props:214, Sign Pet
props:props:215, Sign Produce
props:props:216, Sign Pub
props:props:217, Sign Stable
props:props:218, Sign Tailor
props:props:219, Sign Toys
props:props:220, Sign Vineyard
props:props:221, Sign Swords
props:props:222, Sign Helm
props:props:223, Sign Furniture
props:props:224, Sign Music
props:props:225, Sign Shield
props:props:226, Coat Rack
props:props:227, Checkers
props:props:228, Scale
props:props:229, Glass Table
props:props:230, Wooden Table
props:props:231, Wooden Chair
props:props:232, Stone Chair
props:props:233, Cow Plushie
props:props:234, Pig Plushie
props:props:235, Sheep Plushie
props:props:236, Squid Plushie
props:props:237, Chick Plushie
props:props:238, Tiger Plushie
props:props:239, Squirrel Plushie
props:props:240, Baby Bottle
props:props:241, Salt and Pepper Shakers
props:props:242, Water Bucket
props:props:243, Milk Bucket
props:props:244, Candle Stick
props:props:245, Candle Wall
props:props:246, Table Lamp Magenta
props:props:247, Table Lamp Orange
props:props:248, Table Lamp Red
props:props:249, Table Lamp Cyan
props:props:250, Table Lamp Lime
props:props:251, Table Lamp Grey
props:props:252, Table Lamp Pink
props:props:253, Table Lamp Yellow
props:props:254, Table Lamp Green
props:props:255, Table Lamp Black
props:props:256, Table Lamp White
props:props:257, Table Lamp Purple
props:props:258, Table Lamp Blue
props:props:259, Table Lamp LightBlue
props:props:260, Cheese Wheel
props:props:261, Wheelbarrow
props:props:262, Dart Board
props:props:263, Chalk Board
props:props:264, Perfume Blue
props:props:265, Perfume Pink
props:props:266, Perfume Purple
props:props:267, Perfume Lime
props:props:268, Perfume Cyan
props:props:269, Perfume Orange
props:props:270, Perfume Red
props:props:271, Card Deck
props:props:272, Player Cards
props:props:273, Pile of Coal Shovel
props:props:274, Pile of Coal
props:props:275, Fruit Bowl
props:props:276, Vase
props:props:277, Dolly Jill
props:props:278, Dolly Mia
props:props:279, Telephone Classy
props:props:280, Sword Ground
props:props:281, Music Box
props:props:282, Toy Helicopter
props:props:283, Body Towel
props:props:284, Hand Towel
props:props:285, Key Chain
props:props:286, Hanging Bridge Left
props:props:287, Hanging Bridge Right
props:props:288, Hanging Bridge Anchor Left
props:props:289, Hanging Bridge Anchor Right
props:props:290, Hanging Bridge Single
props:props:291, Hanging Bridge Anchor Single
props:props:292, Dolly Gennaln
props:props:293, Fish Trophy
props:props:294, Hummingbird Feeder
props:props:295, Chandelier Iron
props:props:296, Chandelier Gold
props:props:297, Chandelier Crystal
props:props:298, Shelf
props:props:299, Sausage Links
props:props:300, Single Bed Pink
props:props:301, Single Bed Brown
props:props:302, Single Bed Orange
props:props:303, Single Bed Purple
props:props:304, Single Bed Blue
props:props:305, Single Bed Lime
props:props:306, Single Bed Green
props:props:307, Single Bed Fuchsia
props:props:308, Single Bed Light Blue
props:props:309, Single Bed Razzle
props:props:310, Single Bed Red
props:props:311, Single Bed White
props:props:312, Single Bed Black
props:props:313, Single Bed Yellow
props:props:314, Single Bed Coral
props:props:315, Single Bed Cyan
props:props:316, Balloons
props:props:317, Barrel Red Apple
props:props:318, Barrel Golden Apple
props:props:319, Barrel Green Apple
props:props:320, Toilet Basin
props:props:321, Toilet Pipe
props:props:322, Toilet Water Tank
props:props:323, Vanity Left
props:props:324, Vanity Center
props:props:325, Vanity Right
props:props:326, Barrel Potatoes
props:props:327, Barrel Carrots
props:props:328, Easel
props:props:329, Paper Stack
props:props:330, Bird Bath
props:props:331, Egg Basket
props:props:332, Barbed Wire
props:props:333, Camera
props:props:334, Shower Head 1
props:props:335, Shower Handles 1
props:props:336, Soap Holder
props:props:337, Microscope
props:props:338, Pig Platter
props:props:339, Kitchen Faucet Outward
props:props:340, Sink Faucet Outward
props:props:341, Kitchen Faucet Inward
props:props:342, Sink Faucet Inward
props:props:343, Kitchen Sink
props:props:344, Sink
props:props:345, Tub Faucet
props:props:350, Noodles
props:props:351, Bread Loaf
props:props:352, Bedside Table
props:props:353, Ship in a Bottle
props:props:354, Hydrant
props:props:355, Lava Lamp Lime
props:props:356, Lava Lamp Cyan
props:props:357, Lava Lamp Orange
props:props:358, Lava Lamp Light Blue
props:props:359, Lava Lamp Purple
props:props:360, Lava Lamp Light Pink
props:props:361, Lava Lamp Blue
props:props:362, Lava Lamp Green
props:props:363, Lava Lamp White
props:props:364, Lava Lamp Red
props:props:365, Lava Lamp Razz
props:props:366, Lava Lamp Yellow
props:props:367, Lava Lamp Pink
props:props:368, Lava Lamp Rainbow
props:props:369, Broom
props:props:370, Mop
props:props:371, Spice Rack
props:props:372, Rack Chains
props:props:373, Knight Statue
props:props:374, Orrery
props:props:375, Sun Wall
props:props:376, Moon Wall
props:props:377, Double Bed Pink Left
props:props:378, Double Bed Pink Right
props:props:379, Double Bed Brown Left
props:props:380, Double Bed Brown Right
props:props:381, Double Bed Orange Left
props:props:382, Double Bed Orange Right
props:props:383, Double Bed Purple Left
props:props:384, Double Bed Purple Right
props:props:385, Double Bed Blue Left
props:props:386, Double Bed Blue Right
props:props:387, Double Bed Lime Left
props:props:388, Double Bed Lime Right
props:props:389, Double Bed Green Left
props:props:390, Double Bed Green Right
props:props:391, Double Bed Fuchsia Left
props:props:392, Double Bed Fuchsia Right
props:props:393, Double Bed Light Blue Left
props:props:394, Double Bed Light Blue Right
props:props:395, Double Bed Razzle Left
props:props:396, Double Bed Razzle Right
props:props:397, Double Bed Red Left
props:props:398, Double Bed Red Right
props:props:399, Double Bed White Left
props:props:400, Double Bed White Right
props:props:401, Double Bed Black Left
props:props:402, Double Bed Black Right
props:props:403, Double Bed Yellow Left
props:props:404, Double Bed Yellow Right
props:props:405, Double Bed Coral Left
props:props:406, Double Bed Coral Right
props:props:407, Double Bed Cyan Left
props:props:408, Double Bed Cyan Right
props:props:409, Canopy Bed Pink Left
props:props:410, Canopy Bed Pink Right
props:props:411, Canopy Bed Brown Left
props:props:412, Canopy Bed Brown Right
props:props:413, Canopy Bed Orange Left
props:props:414, Canopy Bed Orange Right
props:props:415, Canopy Bed Purple Left
props:props:416, Canopy Bed Purple Right
props:props:417, Canopy Bed Blue Left
props:props:418, Canopy Bed Blue Right
props:props:419, Canopy Bed Lime Left
props:props:420, Canopy Bed Lime Right
props:props:421, Canopy Bed Green Left
props:props:422, Canopy Bed Green Right
props:props:423, Canopy Bed Fuchsia Left
props:props:424, Canopy Bed Fuchsia Right
props:props:425, Canopy Bed Light Blue Left
props:props:426, Canopy Bed Light Blue Right
props:props:427, Canopy Bed Razzle Left
props:props:428, Canopy Bed Razzle Right
props:props:429, Canopy Bed Red Left
props:props:430, Canopy Bed Red Right
props:props:431, Canopy Bed White Left
props:props:432, Canopy Bed White Right
props:props:433, Canopy Bed Black Left
props:props:434, Canopy Bed Black Right
props:props:435, Canopy Bed Yellow Left
props:props:436, Canopy Bed Yellow Right
props:props:437, Canopy Bed Coral Left
props:props:438, Canopy Bed Coral Right
props:props:439, Canopy Bed Cyan Left
props:props:440, Canopy Bed Cyan Right
props:props:441, Rainbow Hammock
props:props:442, Hammock Hook
props:props:443, Patron Doll Girafi
props:props:444, Chemistry Set
props:props:445, Patron Doll BevoLJ
props:props:446, Patron Doll BulletPhase
props:props:447, Patron Doll Revstrom
props:props:448, Wedding Cake
props:props:449, Bubblegum Machine
props:props:450, Rake
props:props:451, Watering Can
props:props:452, Sea Shells
props:props:453, Toaster
props:props:454, Newton's Cradle
props:props:455, Patron Doll coffee2002
props:props:456, Aquarium
props:props:457, Patron Doll rckymtnrfc
props:props:458, Patron Doll fergcraft
props:props:459, Patron Doll Saice
props:props:460, Patron Doll Taelnia
props:props:461, Ship's Helm
props:props:462, Bacon Pan
props:props:463, Dream Catcher
props:props:464, Haystack Fork
props:props:465, Haystack
props:props:466, Rocking Chair
props:props:467, Pew Right
props:props:468, Pew Middle
props:props:469, Pew Left
props:props:470, Kneeler
props:props:471, TV Old
props:props:472, Fire Alarm
props:props:473, Table Clock
props:props:474, Laptop
props:props:475, Credenza Right
props:props:476, Credenza Left
props:props:477, Cart 1
props:props:478, Cart 2
props:props:479, Wheelbarrow Coal
props:props:480, Wheelbarrow Feed
props:props:481, Wheelbarrow Rocks
props:props:482, Wheelbarrow Jugs
props:props:483, Wooden Table 2
props:props:484, Stock
props:props:485, Cannon
props:props:486, Cannon Balls
props:props:487, Wooden Table 3
props:props:488, Small Coin Pile Gold
props:props:489, Small Coin Pile Silver
props:props:490, Patron Doll ChJees
props:props:491, Patron Doll Xaw4
props:props:492, Journeymap Wall Sconce
props:props:493, Skelleton 1
props:props:494, Skelleton 2
props:props:495, Skelleton 3
props:props:496, Skelleton 4
props:props:497, Log Bench Right
props:props:498, Log Bench Left
props:props:499, Axe
props:props:500, Sweetroll Dish
props:props:501, Serrano Ham
props:props:502, Coffin Wood 1
props:props:503, Coffin Wood 2
props:props:504, Coffin Wood 3
props:props:505, Coffin Wood 4
props:props:506, Coffin Stone 1
props:props:507, Coffin Stone 2
props:props:508, Decobench
props:props:509, Dresser
props:props:510, Sideboard
props:props:511, Wardrobe
props:props:512, Burial Urn
props:props:513, Fishing net
props:props:514, Anatomical Doll
props:props:515, Dungeon Skeleton 1
props:props:516, Dungeon Skeleton 2
props:props:517, Dungeon Skeleton 3
props:props:518, Trophy Zombie
props:props:519, Trophy Deer
props:props:520, Trophy Bear
props:props:521, Birdcage
props:props:522, PotatoPile
props:props:523, CarrotPile
props:props:524, Milk Jug
props:props:525, Wooden Beer Stein
props:props:526, Ceiling Fan
props:props:527, Bear Rug Black
props:props:528, Patron Doll DuskMoon
props:props:529, Tire Swing
props:props:530, Patron Doll JudgeGrimm
props:props:531, Patron Doll Jakimfett
props:props:532, Patron Doll tmzasz
props:props:533, Patron Doll Haggle1996
props:props:534, Patron Doll Gellegbs
props:props:535, Dungeon Skeleton 4
props:props:536, Hanging Pheasants
props:props:537, White Hammock
props:props:538, Book and Quill
props:props:539, Lectern
props:props:540, FishHanging
props:props:541, Minotaur Doll
props:props:542, Patron Doll CarrieExMachina
props:props:543, Wassily Chair
props:props:544, Red-Blue Chair
props:props:545, Barcelona Chair
props:props:546, Barrel Chair
props:props:547, Ant Chair
props:props:548, Wiggle Side Chair
props:props:549, How High the Moon Chair
props:props:550, Hillhouse Chair
props:props:551, Inception Chair
props:props:552, Wood Desk
props:props:553, Wooden Office Chair
props:props:554, Archive Box
props:props:555, Tree Swing
props:props:556, Jukebox
props:props:557, Billiard Table
props:props:558, Patron Doll ZeroKazuma
props:props:559, Patron Doll Seriiiously
props:props:560, Patron Doll Daycarn
props:props:561, Patron Doll OnyxDarkKnight
props:props:562, Patron Doll Latvian
props:props:563, Patron Doll OpenKerley
props:props:564, Patron Doll Beanxxbot
props:props:565, Patron Doll Lividcoffee
props:props:566, Donation Box
props:props:567, Bottom Cabinet
props:props:568, Bottom Cabinet 2
props:props:569, Bottom Cabinet 3
props:props:570, Top Cabinet
props:props:571, Top Cabinet Glass
props:props:572, Wine Rack
props:props:573, Toy Box Boy
props:props:574, Toy Box Girl
props:props:575, MCW Ring
props:props:576, Dresser Boy
props:props:577, Dresser Girl
props:props:578, Chest of Drawers Boy
props:props:579, Chest of Drawers Girl
props:props:580, Piggy Bank
props:props:581, Dollhouse 1
props:props:582, Dollhouse 2
props:props:583, BasketBall Basket
props:props:584, BasketBall
props:props:585, Fish Bowl
props:props:586, Kitchen Faucet 2
props:props:587, Kitchen Faucet 3
props:props:588, Trough Hitching Post
props:props:589, Broom Cabinet
props:props:590, Kitchen Shelf
props:props:591, Bottom Cabinet Center
props:props:592, Bottom Cabinet Corner Left
props:props:593, Bottom Cabinet Corner Right
props:props:594, Knife Block
props:props:595, Tea Hooks
props:props:596, Knife Strip
props:props:597, Hood Wall
props:props:598, Hood Island
props:props:599, Built in Microwave
props:props:600, Stove
props:props:601, Food Processor
props:props:602, Oven Wall
props:props:603, Oven Floor
props:props:604, Utensil Hooks
props:props:605, Cutting Board
props:props:606, Wall Cabinet Full
props:props:607, Wall Cabinet Full Dark
props:props:608, Bottom Cabinet Dark
props:props:609, Bottom Cabinet 2 Dark
props:props:610, Bottom Cabinet 3 Dark
props:props:611, Kitchen Sink Dark
props:props:612, Bottom Cabinet Center Dark
props:props:613, Wine Rack Dark
props:props:614, Oven Floor Dark
props:props:615, Oven Wall Dark
props:props:617, Kitchen Shelf Dark
props:props:618, Built in Microwave Dark
props:props:619, Hood Wall Dark
props:props:620, Bottom Cabinet Corner Right Dark
props:props:621, Bottom Cabinet Corner Left Dark
props:props:622, Broom Cabinet
props:props:623, Top Cabinet Glass Dark
props:props:624, Top Cabinet Dark
props:props:625, Water Pump
props:props:626, Fridge Large
props:props:627, Fridge Small
props:props:628, Dish Rack
props:props:629, Dish Rack Dark
props:props:630, Patron Doll Davexx100
props:props:631, Fireplace
props:props:632, Punching Bag
props:props:633, Toy Rocket
props:props:634, Speed Bag
props:props:635, ProfMobius And Razz Dolls
props:props:636, Alarm Clock
props:props:637, Treasure Map
props:props:638, ToothBrush Case
props:props:639, Mailbox
props:props:640, Plunger
props:props:641, Round Wall Clock
props:props:642, Candy Bowl
props:props:643, Bathroom Sign Female
props:props:644, Bathroom Sign Male
props:props:645, Giant Spider Web
props:props:646, Patron Doll Trustlines
props:props:647, Patron Doll Iarinu Tatsu
props:props:648, Patron Doll TheJays
props:props:649, Patron Doll Skuli
props:props:650, Patron Doll convict999
props:props:651, Altar De Muertos
props:props:652, Tiki Torch
props:props:653, Guillotine
props:props:654, Dynamite Sticks
props:props:655, Skull Candle
props:props:656, Birthday Cake
props:props:657, Birthday Cake 2
props:props:658, Witch Cauldron
props:props:659, Bathroom Sign
props:props:660, Candy Corn Bowl
props:props:661, IV Stand
props:props:662, Radiator
props:props:663, Staircase Light
props:props:664, Staircase Dark
props:props:665, Staircase Stone
props:props:666, Staircase Quartz
props:props:667, Staircase Light Landing
props:props:668, Staircase Dark Landing
props:props:669, Staircase Stone Landing
props:props:670, Staircase Quartz Landing
props:props:671, Staircase Light End Rail
props:props:672, Staircase Dark End Rail
props:props:673, Staircase Stone End Rail
props:props:674, Staircase Quartz End Rail
props:props:675, Stethoscope
props:props:676, Wheelchair
props:props:677, Gas Cylinder
props:props:678, Gas Cylinder 2
props:props:679, Syringe 1
props:props:680, Syringe 2
props:props:681, Hospital Bed
props:props:682, Heart Monitor
props:props:683, XRay1
props:props:684, XRay2
props:props:685, XRay3
props:props:686, Hospital Curtain
props:props:687, Pills
props:props:688, Neon Lamp
props:props:689, Defibrilator
props:props:690, Rolling Tray
props:props:691, Tool Tray Table
props:props:692, Surgical Tools
props:props:693, Art Supplies
props:props:694, Crown With Pillow
props:props:695, Diving Board
props:props:696, Mixer
props:props:697, Bone
props:props:698, Window Barricade
props:props:699, Patron Doll meepmeep
props:props:700, Advent Wreath
props:props:701, Arm Chair White
props:props:702, Arm Chair Brown
props:props:703, Arm Chair Orange
props:props:704, Arm Chair Purple
props:props:705, Arm Chair Blue
props:props:706, Arm Chair Lime
props:props:707, Arm Chair Green
props:props:708, Arm Chair Fuchsia
props:props:709, Arm Chair Light Blue
props:props:710, Arm Chair Razzle
props:props:711, Arm Chair Red
props:props:712, Arm Chair Pink
props:props:713, Arm Chair Black
props:props:714, Arm Chair Yellow
props:props:715, Arm Chair Coral
props:props:716, Arm Chair Cyan
props:props:717, Couch Left
props:props:718, Couch Left Brown
props:props:719, Couch Left Orange
props:props:720, Couch Left Purple
props:props:721, Couch Left Blue
props:props:722, Couch Left Lime
props:props:723, Couch Left Green
props:props:724, Couch Left Fuchsia
props:props:725, Couch Left Light Blue
props:props:726, Couch Left Razzle
props:props:727, Couch Left Red
props:props:728, Couch Left Pink
props:props:729, Couch Left Black
props:props:730, Couch Left Yellow
props:props:731, Couch Left Coral
props:props:732, Couch Left Cyan
props:props:733, Couch Center
props:props:734, Couch Center Brown
props:props:735, Couch Center Orange
props:props:736, Couch Center Purple
props:props:737, Couch Center Blue
props:props:738, Couch Center Lime
props:props:739, Couch Center Green
props:props:740, Couch Center Fuchsia
props:props:741, Couch Center Light Blue
props:props:742, Couch Center Razzle
props:props:743, Couch Center Red
props:props:744, Couch Center Pink
props:props:745, Couch Center Black
props:props:746, Couch Center Yellow
props:props:747, Couch Center Coral
props:props:748, Couch Center Cyan
props:props:749, Couch Right
props:props:750, Couch Right Brown
props:props:751, Couch Right Orange
props:props:752, Couch Right Purple
props:props:753, Couch Right Blue
props:props:754, Couch Right Lime
props:props:755, Couch Right Green
props:props:756, Couch Right Fuchsia
props:props:757, Couch Right Light Blue
props:props:758, Couch Right Razzle
props:props:759, Couch Right Red
props:props:760, Couch Right Pink
props:props:761, Couch Right Black
props:props:762, Couch Right Yellow
props:props:763, Couch Right Coral
props:props:764, Couch Right Cyan
props:props:765, Couch Corner
props:props:766, Couch Corner Brown
props:props:767, Couch Corner Orange
props:props:768, Couch Corner Purple
props:props:769, Couch Corner Blue
props:props:770, Couch Corner Lime
props:props:771, Couch Corner Green
props:props:772, Couch Corner Fuchsia
props:props:773, Couch Corner Light Blue
props:props:774, Couch Corner Razzle
props:props:775, Couch Corner Red
props:props:776, Couch Corner Pink
props:props:777, Couch Corner Black
props:props:778, Couch Corner Yellow
props:props:779, Couch Corner Coral
props:props:780, Couch Corner Cyan
props:props:781, PC
props:props:782, PC Brown
props:props:783, PC Orange
props:props:784, PC Purple
props:props:785, PC Blue
props:props:786, PC Lime
props:props:787, PC Green
props:props:788, PC Fuchsia
props:props:789, PC Light Blue
props:props:790, PC Razzle
props:props:791, PC Red
props:props:792, PC Pink
props:props:793, PC Black
props:props:794, PC Yellow
props:props:795, PC Coral
props:props:796, PC Cyan
props:props:797, Screen/Keyboard
props:props:798, ScreenRight
props:props:799, ScreenLeft
props:props:800, Microwave
props:props:801, Patron Doll FoxingtonFox
props:props:802, Patron Doll MikanPachi
props:props:803, Patron Doll Viesis
props:props:804, Patron Doll Hazzar
props:props:805, Minetendo
props:props:806, Sword Stand
props:props:808, WoodenSpikes
props:props:809, Crate Red Apple
props:props:810, Crate Golden Apple
props:props:811, Crate Green Apples
props:props:812, Crate Carrots
props:props:813, Crate Potatoes
props:props:814, Crate Oranges
props:props:815, Crate Bananas
props:props:816, Crate Pears
props:props:817, Crate Beetroot
props:props:818, Crate Tomatoes
props:props:819, Crate Onions
props:props:820, Crate Lettuce
props:props:821, Crate Corn
props:props:822, Patron Doll donald108
props:props:823, Patron Doll Beroos Wain
props:props:824, Spanish Beast
props:props:825, Patron Doll Rojo
props:props:826, Salmon Crate
props:props:827, Mackerel Crate
props:props:828, Lobster Crate
props:props:829, Mussel Crate
props:props:830, Shrimp Crate
props:props:831, Sack Barley
props:props:832, Sack Rice
props:props:833, Sack Curry
props:props:834, Sack Ginger
props:props:835, Sack Saffron
props:props:836, Sack Razzle Spice
props:props:837, Sack Indigo Powder
props:props:838, Sack Flour
props:props:839, Sack Pepper
props:props:840, Sack Salt
props:props:841, Sack Tornado Spice
props:props:842, Sack Green Tea
props:props:843, Sack Taelnia Spice
props:props:845, Cash Register
props:props:846, Garden Swing Left
props:props:847, Garden Swing Left Brown
props:props:848, Garden Swing Left Orange
props:props:849, Garden Swing Left Purple
props:props:850, Garden Swing Left Blue
props:props:851, Garden Swing Left Lime
props:props:852, Garden Swing Left Green
props:props:853, Garden Swing Left Fuchsia
props:props:854, Garden Swing Left Light Blue
props:props:855, Garden Swing Left Razzle
props:props:856, Garden Swing Left Red
props:props:857, Garden Swing Left Pink
props:props:858, Garden Swing Left Black
props:props:859, Garden Swing Left Yellow
props:props:860, Garden Swing Left Coral
props:props:861, Garden Swing Left Cyan
props:props:862, Garden Swing Middle Left
props:props:863, Garden Swing Middle Right
props:props:864, Garden Swing Right
props:props:865, Garden Swing Right Brown
props:props:866, Garden Swing Right Orange
props:props:867, Garden Swing Right Purple
props:props:868, Garden Swing Right Blue
props:props:869, Garden Swing Right Lime
props:props:870, Garden Swing Right Green
props:props:871, Garden Swing Right Fuchsia
props:props:873, Garden Swing Right Razzle
props:props:874, Garden Swing Right Red
props:props:875, Garden Swing Right Pink
props:props:876, Garden Swing Right Black
props:props:877, Garden Swing Right Yellow
props:props:878, Garden Swing Right Coral
props:props:879, Garden Swing Right Cyan
props:props:880, Mexican Table
props:props:881, Mexican Table Fuchisa
props:props:882, Mexican Table Orange
props:props:883, Mexican Table Green
props:props:884, Mexican Table Red
props:props:885, Mexican Table Cyan
props:props:886, Mexican Table Pink
props:props:887, Mexican Table Blue
props:props:888, Mexican Table Purple
props:props:889, Mexican Table Large
props:props:890, Mexican Table Large Fuchisa
props:props:891, Mexican Table Large Orange
props:props:892, Mexican Table Large Green
props:props:893, Mexican Table Large Red
props:props:894, Mexican Table Large Cyan
props:props:895, Mexican Table Large Pink
props:props:896, Mexican Table Large Blue
props:props:897, Mexican Table Large Purple
props:props:898, Mexican Chair
props:props:899, Mexican Chair Fuchisa
props:props:900, Mexican Chair Orange
props:props:901, Mexican Chair Green
props:props:902, Mexican Chair Red
props:props:903, Mexican Chair Cyan
props:props:904, Mexican Chair Pink
props:props:905, Mexican Chair Blue
props:props:906, Mexican Chair Purple
props:props:907, Mexican Cupboard
props:props:908, Mexican Cupboard Fuchisa
props:props:909, Mexican Cupboard Orange
props:props:910, Mexican Cupboard Green
props:props:911, Mexican Cupboard Red
props:props:912, Mexican Cupboard Cyan
props:props:913, Mexican Cupboard Pink
props:props:914, Mexican Cupboard Blue
props:props:915, Mexican Cupboard Purple
props:props:925, Hanging Peppers
props:props:926, Star Pinata
props:props:927, Joker Star Pinata
props:props:928, Hay Bed
props:props:929, Beer Tap
props:props:930, Dance Dance Floor
props:props:931, Patron Doll Misty Striker
props:props:932, Patron Doll The Great Orator
props:props:933, Patron Doll tuglowz
props:props:934, Patron Doll Strange_Penguin
props:props:951, Beach Chair
props:props:952, Beach Chair Brown
props:props:953, Beach Chair Orange
props:props:954, Beach Chair Purple
props:props:955, Beach Chair Blue
props:props:956, Beach Chair Lime
props:props:957, Beach Chair Green
props:props:958, Beach Chair Fuchsia
props:props:959, Beach Chair Light Blue
props:props:960, Beach Chair Razzle
props:props:961, Beach Chair Red
props:props:962, Beach Chair Pink
props:props:963, Beach Chair Black
props:props:964, Beach Chair Yellow
props:props:965, Beach Chair Coral
props:props:966, Beach Chair Cyan
props:props:967, Beach Umbrella
props:props:968, Beach Umbrella Brown
props:props:969, Beach Umbrella Orange
props:props:970, Beach Umbrella Purple
props:props:971, Beach Umbrella Blue
props:props:972, Beach Umbrella Lime
props:props:973, Beach Umbrella Green
props:props:974, Beach Umbrella Fuchsia
props:props:975, Beach Umbrella Light Blue
props:props:976, Beach Umbrella Razzle
props:props:977, Beach Umbrella Red
props:props:978, Beach Umbrella Pink
props:props:979, Beach Umbrella Black
props:props:980, Beach Umbrella Yellow
props:props:981, Beach Umbrella Coral
props:props:982, Beach Umbrella Cyan
props:props:983, Cooler
props:props:984, Cactus Chair
props:props:985, Lamp Post 1
props:props:986, Lamp Post 2
props:props:987, Hillhouse Chair Brown
props:props:988, Hillhouse Chair Orange
props:props:989, Hillhouse Chair Purple
props:props:990, Hillhouse Chair Blue
props:props:991, Hillhouse Chair Lime
props:props:992, Hillhouse Chair Green
props:props:993, Hillhouse Chair Fuchsia
props:props:994, Hillhouse Chair Light Blue
props:props:995, Hillhouse Chair Razzle
props:props:996, Hillhouse Chair Red
props:props:997, Hillhouse Chair Pink
props:props:998, Hillhouse Chair Black
props:props:999, Hillhouse Chair Yellow
props:props:1000, Hillhouse Chair Coral
props:props:1001, Hillhouse Chair Cyan
props:props:1002, Ant Chair Brown
props:props:1003, Ant Chair Orange
props:props:1004, Ant Chair Purple
props:props:1005, Ant Chair Blue
props:props:1006, Ant Chair Lime
props:props:1007, Ant Chair Green
props:props:1008, Ant Chair Fuchsia
props:props:1009, Ant Chair Light Blue
props:props:1010, Ant Chair Razzle
props:props:1011, Ant Chair Red
props:props:1012, Ant Chair Pink
props:props:1013, Ant Chair Black
props:props:1014, Ant Chair Yellow
props:props:1015, Ant Chair Coral
props:props:1016, Ant Chair Cyan
props:props:1017, Wassily Chair Brown
props:props:1018, Wassily Chair Orange
props:props:1019, Wassily Chair Purple
props:props:1020, Wassily Chair Blue
props:props:1021, Wassily Chair Lime
props:props:1022, Wassily Chair Green
props:props:1023, Wassily Chair Fuchsia
props:props:1024, Wassily Chair Light Blue
props:props:1025, Wassily Chair Razzle
props:props:1026, Wassily Chair Red
props:props:1027, Wassily Chair Pink
props:props:1028, Wassily Chair Black
props:props:1029, Wassily Chair Yellow
props:props:1030, Wassily Chair Coral
props:props:1031, Wassily Chair Cyan
props:props:1032, Clawfoot Tub
props:props:1033, Lounge Chair
props:props:1035, CandleHolder
props:props:1036, AlchemyTable
props:props:1037, ArcheryTarget
props:props:1038, Cow Skull
props:props:1039, Patron Doll sarsum33
props:props:1040, Fallen Soldier Tribute
props:props:1041, Banana Split
props:props:1042, HotTub
props:props:1043, Fire Pit
props:props:1044, Adventsljusstake White
props:props:1045, Adventsljusstake Red
props:props:1046, Adventsljusstake Black
props:props:1047, Nativity Scene
props:props:1048, Patron Doll Crueldog
props:props:1049, White Mantel
props:props:1050, Wood Mantel Light
props:props:1051, Wood Mantel Medium
props:props:1052, Wood Mantel Dark
props:props:1053, Tinsel 1
props:props:1054, Tinsel with Baubles Red
props:props:1055, Tinsel with Baubles Yellow
props:props:1056, Tinsel with Baubles Blue
props:props:1057, Stocking 1
props:props:1058, Stocking 2
props:props:1059, Chocolate Chip Cookie Plate
props:props:1060, Sugar Cookie Plate
props:props:1061, Snickerdoodle Cookie Plate
props:props:1062, Raisin Cookie Plate
props:props:1063, Cherry Pie
props:props:1064, Key Lime Pie
props:props:1065, Blueberry Pie
props:props:1066, Apple Pie
props:props:1067, Baking Table
props:props:1068, Menorah
props:props:1069, Pool Chair
props:props:1070, Pulpit
props:props:1071, Fireplace tools
props:props:1072, Urinal
props:props:1073, Modern Toilet
props:props:1074, Umbrella Basket
props:props:1075, Video Camera
props:props:1076, Drum Set
props:props:1077, Drum Set Dark Blue
props:props:1078, Drum Set Orange
props:props:1079, Drum Set Purple
props:props:1080, Drum Set Blue
props:props:1081, Drum Set Lime
props:props:1082, Drum Set Green
props:props:1083, Drum Set Fuchsia
props:props:1084, Drum Set Light Blue
props:props:1085, DrumSet Razzle
props:props:1086, Drum Set Red
props:props:1087, DrumSet Pink
props:props:1088, Drum Set Black
props:props:1089, Drum Set Yellow
props:props:1090, Drum Set Coral
props:props:1091, Drum Set Cyan
props:props:1092, Drum Set Gray
props:props:1093, Bar Stool 1
props:props:1094, Bar Stool 1 Dark Blue
props:props:1095, Bar Stool 1 Orange
props:props:1096, Bar Stool 1 Purple
props:props:1097, Bar Stool 1 Blue
props:props:1098, Bar Stool 1 Lime
props:props:1099, Bar Stool 1 Green
props:props:1100, Bar Stool 1 Fuchsia
props:props:1101, Bar Stool 1 Light Blue
props:props:1102, Bar Stool 1 Razzle
props:props:1103, Bar Stool 1 Red
props:props:1104, Bar Stool 1 Pink
props:props:1105, Bar Stool 1 Black
props:props:1106, Bar Stool 1 Yellow
props:props:1107, Bar Stool 1 Coral
props:props:1108, Bar Stool 1 Cyan
props:props:1109, Bar Stool 1 Gray
props:props:1110, Dryer
props:props:1111, Washer
props:props:1112, Small Flat TV
props:props:1113, Medium Flat TV
props:props:1114, Large Flat TV
props:props:1115, Polaroid 1000
props:props:1116, Billiard Rack
props:props:1117, Roadwork Barrier
props:props:1118, Concrete Barrier
props:props:1119, Shopping Cart
props:props:1120, Trash Bin
props:props:1121, Trash Bin Blue
props:props:1122, Trash Bin Green
props:props:1123, Trash Bin Yellow
props:props:1124, Metal Desk
props:props:1125, Wood Desk 2
props:props:1126, Dumpster
props:props:1127, Car Park Barrier
props:props:1128, Lavabo
props:props:1129, Road cone
props:props:1130, Table Lamp 2
props:props:1131, Table Lamp 2 Dark Blue
props:props:1132, Table Lamp 2 Orange
props:props:1133, Table Lamp 2 Purple
props:props:1134, Table Lamp 2 Blue
props:props:1135, Table Lamp 2 Lime
props:props:1136, Table Lamp 2 Green
props:props:1137, Table Lamp 2 Fuchsia
props:props:1138, Table Lamp 2 Light Blue
props:props:1139, Table Lamp 2 Razzle
props:props:1140, Table Lamp 2 Red
props:props:1141, Table Lamp 2 Pink
props:props:1142, Table Lamp 2 Black
props:props:1143, Table Lamp 2 Yellow
props:props:1144, Table Lamp 2 Coral
props:props:1145, Table Lamp 2 Cyan
props:props:1146, Table Lamp 2 Gray
props:props:1147, Office Chair 1
props:props:1148, Office Chair 1 Dark Blue
props:props:1149, Office Chair 1 Orange
props:props:1150, Office Chair 1 Purple
props:props:1151, Office Chair 1 Blue
props:props:1152, Office Chair 1 Lime
props:props:1153, Office Chair 1 Green
props:props:1154, Office Chair 1 Fuchsia
props:props:1155, Office Chair 1 Light Blue
props:props:1156, Office Chair 1 Razzle
props:props:1157, Office Chair 1 Red
props:props:1158, Office Chair 1 Pink
props:props:1159, Office Chair 1 Black
props:props:1160, Office Chair 1 Yellow
props:props:1161, Office Chair 1 Coral
props:props:1162, Office Chair 1 Cyan
props:props:1163, Office Chair 1 Gray
props:props:1164, Office Chair 2
props:props:1165, Office Chair 2 Dark Blue
props:props:1166, Office Chair 2 Orange
props:props:1167, Office Chair 2 Purple
props:props:1168, Office Chair 2 Blue
props:props:1169, Office Chair 2 Lime
props:props:1170, Office Chair 2 Green
props:props:1171, Office Chair 2 Fuchsia
props:props:1172, Office Chair 2 Light Blue
props:props:1173, Office Chair 2 Razzle
props:props:1174, Office Chair 2 Red
props:props:1175, Office Chair 2 Pink
props:props:1176, Office Chair 2 Black
props:props:1177, Office Chair 2 Yellow
props:props:1178, Office Chair 2 Coral
props:props:1179, Office Chair 2 Cyan
props:props:1180, Office Chair 2 Gray
props:props:1181, Desk Lamp
props:props:1182, Desk Lamp Dark Blue
props:props:1183, Desk Lamp Orange
props:props:1184, Desk Lamp Purple
props:props:1185, Desk Lamp Blue
props:props:1186, Desk Lamp Lime
props:props:1187, Desk Lamp Green
props:props:1188, Desk Lamp Fuchsia
props:props:1189, Desk Lamp Light Blue
props:props:1190, Desk Lamp Razzle
props:props:1191, Desk Lamp Red
props:props:1192, Desk Lamp Pink
props:props:1193, Desk Lamp Black
props:props:1194, Desk Lamp Yellow
props:props:1195, Desk Lamp Coral
props:props:1196, Desk Lamp Cyan
props:props:1197, Desk Lamp Gray
props:props:1198, Door 1 Left
props:props:1199, Door 1 Right
props:props:1200, Door 1 Right Medium
props:props:1201, Door 1 Left Medium
props:props:1202, Door 1 Left Dark
props:props:1203, Door 1 Right Dark
props:props:1204, Door 2 Left Light
props:props:1205, Door 2 Right Light
props:props:1206, Door 2 Left Medium
props:props:1207, Door 2 Right Medium
props:props:1208, Door 2 Left Dark
props:props:1209, Door 2 Right Dark
props:props:1210, Door 3 Left
props:props:1211, Door 3 Right
props:props:1212, Hanging Lamp
props:props:1213, Cogniac Bottle
props:props:1214, Basket with Baguettes
props:props:1215, Market Register
props:props:1216, Corkboard
props:props:1217, Door 4 Left
props:props:1218, Door 4 Left Dark Blue
props:props:1219, Door 4 Left Orange
props:props:1220, Door 4 Left Purple
props:props:1221, Door 4 Left Blue
props:props:1222, Door 4 Left Lime
props:props:1223, Door 4 Left Green
props:props:1224, Door 4 Left Fuchsia
props:props:1225, Door 4 Left Light Blue
props:props:1226, Door 4 Left Razzle
props:props:1227, Door 4 Left Red
props:props:1228, Door 4 Left Pink
props:props:1229, Door 4 Left Black
props:props:1230, Door 4 Left Yellow
props:props:1231, Door 4 Left Coral
props:props:1232, Door 4 Left Cyan
props:props:1233, Door 4 Left Gray
props:props:1234, Door 4 Right
props:props:1235, Door 4 Right Dark Blue
props:props:1236, Door 4 Right Orange
props:props:1237, Door 4 Right Purple
props:props:1238, Door 4 Right Blue
props:props:1239, Door 4 Right Lime
props:props:1240, Door 4 Right Green
props:props:1241, Door 4 Right Fuchsia
props:props:1242, Door 4 Right Light Blue
props:props:1243, Door 4 Right Razzle
props:props:1244, Door 4 Right Red
props:props:1245, Door 4 Right Pink
props:props:1246, Door 4 Right Black
props:props:1247, Door 4 Right Yellow
props:props:1248, Door 4 Right Coral
props:props:1249, Door 4 Right Cyan
props:props:1250, Door 4 Right Gray
props:props:1251, Door 5 Left
props:props:1252, Door 5 Right
props:props:1253, Rotary Phone
props:props:1254, Upright Piano
props:props:1255, Ingolf Chair White
props:props:1256, Ingolf Chair Black
props:props:1257, Ingolf Chair Light
props:props:1258, Ingolf Chair Medium
props:props:1259, Ingolf Chair Dark
props:props:1260, Industrial Ceiling Lamp
props:props:1261, Glass Desk
props:props:1262, Industrial TV Stand White
props:props:1263, Industrial TV Stand Black
props:props:1264, Industrial TV Stand Light
props:props:1265, Industrial TV Stand Medium
props:props:1266, Industrial TV Stand Dark
props:props:1267, Borje Chair White
props:props:1268, Borje Chair White Dark Blue
props:props:1269, Borje Chair White Orange
props:props:1270, Borje Chair White Purple
props:props:1271, Borje Chair White Blue
props:props:1272, Borje Chair White Lime
props:props:1273, Borje Chair White Green
props:props:1274, Borje Chair White Fuchsia
props:props:1275, Borje Chair White Light Blue
props:props:1276, Borje Chair White Razzle
props:props:1277, Borje Chair White Red
props:props:1278, Borje Chair White Pink
props:props:1279, Borje Chair White Black
props:props:1280, Borje Chair White Yellow
props:props:1281, Borje Chair White Coral
props:props:1282, Borje Chair White Cyan
props:props:1283, Borje Chair White Gray
props:props:1284, Borje Chair Black
props:props:1285, Borje Chair Black Dark Blue
props:props:1286, Borje Chair Black Orange
props:props:1287, Borje Chair Black Purple
props:props:1288, Borje Chair Black Blue
props:props:1289, Borje Chair Black Lime
props:props:1290, Borje Chair Black Green
props:props:1291, Borje Chair Black Fuchsia
props:props:1292, Borje Chair Black Light Blue
props:props:1293, Borje Chair Black Razzle
props:props:1294, Borje Chair Black Red
props:props:1295, Borje Chair Black Pink
props:props:1296, Borje Chair Black Black
props:props:1297, Borje Chair Black Yellow
props:props:1298, Borje Chair Black Coral
props:props:1299, Borje Chair Black Cyan
props:props:1300, Borje Chair Black Gray
props:props:1301, Borje Chair Light
props:props:1302, Borje Chair Light Dark Blue
props:props:1304, Borje Chair Light Orange
props:props:1305, Borje Chair Light Purple
props:props:1306, Borje Chair Light Blue
props:props:1307, Borje Chair Light Lime
props:props:1308, Borje Chair Light Green
props:props:1309, Borje Chair Light Fuchsia
props:props:1310, Borje Chair Light Light Blue
props:props:1311, Borje Chair Light Razzle
props:props:1312, Borje Chair Light Red
props:props:1313, Borje Chair Light Pink
props:props:1314, Borje Chair Light Black
props:props:1315, Borje Chair Light Yellow
props:props:1316, Borje Chair Light Coral
props:props:1317, Borje Chair Light Cyan
props:props:1318, Borje Chair Light Gray
props:props:1319, Borje Chair Medium
props:props:1320, Borje Chair Medium Dark Blue
props:props:1321, Borje Chair Medium Orange
props:props:1322, Borje Chair Medium Purple
props:props:1323, Borje Chair Medium Blue
props:props:1324, Borje Chair Medium Lime
props:props:1325, Borje Chair Medium Green
props:props:1326, Borje Chair Medium Fuchsia
props:props:1327, Borje Chair Medium Medium Blue
props:props:1328, Borje Chair Medium Razzle
props:props:1329, Borje Chair Medium Red
props:props:1330, Borje Chair Medium Pink
props:props:1331, Borje Chair Medium Black
props:props:1332, Borje Chair Medium Yellow
props:props:1333, Borje Chair Medium Coral
props:props:1334, Borje Chair Medium Cyan
props:props:1335, Borje Chair Medium Gray
props:props:1336, Borje Chair Dark
props:props:1337, Borje Chair Dark Dark Blue
props:props:1338, Borje Chair Dark Orange
props:props:1339, Borje Chair Dark Purple
props:props:1340, Borje Chair Dark Blue
props:props:1341, Borje Chair Dark Lime
props:props:1342, Borje Chair Dark Green
props:props:1343, Borje Chair Dark Fuchsia
props:props:1344, Borje Chair Dark Light Blue
props:props:1345, Borje Chair Dark Razzle
props:props:1346, Borje Chair Dark Red
props:props:1347, Borje Chair Dark Pink
props:props:1348, Borje Chair Dark Black
props:props:1349, Borje Chair Dark Yellow
props:props:1350, Borje Chair Dark Coral
props:props:1351, Borje Chair Dark Cyan
props:props:1352, Borje Chair Dark Gray
props:props:1353, Industrial Chair
props:props:1354, Industrial Chair Dark Blue
props:props:1355, Industrial Chair Orange
props:props:1356, Industrial Chair Purple
props:props:1357, Industrial Chair Blue
props:props:1358, Industrial Chair Lime
props:props:1359, Industrial Chair Green
props:props:1360, Industrial Chair Fuchsia
props:props:1361, Industrial Chair Light Blue
props:props:1362, Industrial Chair Razzle
props:props:1363, Industrial Chair Red
props:props:1364, Industrial Chair Pink
props:props:1365, Industrial Chair Black
props:props:1366, Industrial Chair Yellow
props:props:1367, Industrial Chair Coral
props:props:1368, Industrial Chair Cyan
props:props:1369, Industrial Chair Gray
props:props:1370, Industrial Sofa
props:props:1371, Industrial Sofa Dark Blue
props:props:1372, Industrial Sofa Orange
props:props:1373, Industrial Sofa Purple
props:props:1374, Industrial Sofa Blue
props:props:1375, Industrial Sofa Lime
props:props:1376, Industrial Sofa Green
props:props:1377, Industrial Sofa Fuchsia
props:props:1378, Industrial Sofa Light Blue
props:props:1379, Industrial Sofa Razzle
props:props:1380, Industrial Sofa Red
props:props:1381, Industrial Sofa Pink
props:props:1382, Industrial Sofa Black
props:props:1383, Industrial Sofa Yellow
props:props:1384, Industrial Sofa Coral
props:props:1385, Industrial Sofa Cyan
props:props:1386, Industrial Sofa Gray
props:props:1387, Industrial FootLamp
props:props:1388, Industrial FootLamp Dark Blue
props:props:1389, Industrial FootLamp Orange
props:props:1390, Industrial FootLamp Purple
props:props:1391, Industrial FootLamp Blue
props:props:1392, Industrial FootLamp Lime
props:props:1393, Industrial FootLamp Green
props:props:1394, Industrial FootLamp Fuchsia
props:props:1395, Industrial FootLamp Light Blue
props:props:1396, Industrial FootLamp Razzle
props:props:1397, Industrial FootLamp Red
props:props:1398, Industrial FootLamp Pink
props:props:1399, Industrial FootLamp Black
props:props:1400, Industrial FootLamp Yellow
props:props:1401, Industrial FootLamp Coral
props:props:1402, Industrial FootLamp Cyan
props:props:1403, Industrial FootLamp Gray
props:props:1404, Office Chair 3
props:props:1405, Office Chair 3 Black
props:props:1406, Tulip Vase
props:props:1407, Tulip Vase Dark Blue
props:props:1408, Tulip Vase Orange
props:props:1409, Tulip Vase Purple
props:props:1410, Tulip Vase Blue
props:props:1411, Tulip Vase Lime
props:props:1412, Tulip Vase Green
props:props:1413, Tulip Vase Fuchsia
props:props:1414, Tulip Vase Light Blue
props:props:1415, Tulip Vase Razzle
props:props:1416, Tulip Vase Red
props:props:1417, Tulip Vase Pink
props:props:1418, Tulip Vase Yellow
props:props:1419, Tulip Vase Coral
props:props:1420, Tulip Vase Cyan
props:props:1421, Industrial Coffee Table Light
props:props:1422, Industrial Coffee Table Medium
props:props:1423, Industrial Coffee Table Dark
props:props:1424, Industrial Table 1 Light
props:props:1425, Industrial Table 1 Medium
props:props:1426, Industrial Table 1 Dark
props:props:1427, Industrial Table 2 Light
props:props:1428, Industrial Table 2 Medium
props:props:1429, Industrial Table 2 Dark
props:props:1430, Hanging Lamp Short
props:props:1431, Piano Stool
props:props:1432, Patron Doll Oddles
props:props:1433, Patron Doll Hazardrar
props:props:1434, Patron Doll Cottonbaler
props:props:1435, Patron Doll thatdesiree
props:clay:0, Red Crafting Clay
props:clay:1, Blue Crafting Clay
props:clay:2, Green Crafting Clay
props:tool, Decowand
dinodim:spawnEggDimetrodon, item.spawn_egg_dimetrodon.name
dinodim:spawnEggRaptor, item.spawn_egg_raptor.name
dinodim:spawnEggStegosaurus, item.spawn_egg_stegosaurus.name
dinodim:spawnEggSauropod, item.spawn_egg_sauropod.name
dinodim:spawnEggPteranodon, item.spawn_egg_pteranodon.name
dinodim:spawnEggTriceratops, item.spawn_egg_triceratops.name
dinodim:spawnEggT-Rex, item.spawn_egg_t-rex.name
dinodim:spawnEggTrilobite, item.spawn_egg_trilobite.name
MoCreatures:recordshuffle, Zebra Record
MoCreatures:horsesaddle, Crafted Saddle
MoCreatures:sharkteeth, Shark Teeth
MoCreatures:haystack, Hay Stack
MoCreatures:sugarlump, Sugar Lump
MoCreatures:mocegg:0, Blue Fish Egg
MoCreatures:bigcatclaw, BigCat Claw
MoCreatures:whip, Whip
MoCreatures:medallion, Medallion
MoCreatures:kittybed, Kitty Bed
MoCreatures:kittylitter, Litter Box
MoCreatures:woolball, Wool Ball
MoCreatures:petfood, Pet Food
MoCreatures:builderhammer, Builder Hammer
MoCreatures:reptilehide, Reptile Hide
MoCreatures:reptileplate, Reptile Plate
MoCreatures:reptilehelmet, Reptile Helmet
MoCreatures:reptilelegs, Reptile Legs
MoCreatures:reptileboots, Reptile Boots
MoCreatures:bowlempty:0, Empty FishBowl
MoCreatures:bowlwater:0, Full FishBowl
MoCreatures:bowlfish1:0, FishBowl
MoCreatures:bowlfish2:0, FishBowl
MoCreatures:bowlfish3:0, FishBowl
MoCreatures:bowlfish4:0, FishBowl
MoCreatures:bowlfish5:0, FishBowl
MoCreatures:bowlfish6:0, FishBowl
MoCreatures:bowlfish7:0, FishBowl
MoCreatures:bowlfish8:0, FishBowl
MoCreatures:bowlfish9:0, FishBowl
MoCreatures:bowlfish10:0, FishBowl
MoCreatures:fur, Fur
MoCreatures:omelet, Omelet
MoCreatures:turtleraw, Raw Turtle
MoCreatures:turtlesoup, Turtle Soup
MoCreatures:nunchaku, Nunchaku
MoCreatures:sai, Sai
MoCreatures:bo, Bo
MoCreatures:katana, Katana
MoCreatures:sharksword, Shark Sword
MoCreatures:key, Key
MoCreatures:essencedarkness, Essence of Darkness
MoCreatures:essencefire, Essence of Fire
MoCreatures:amuletbone:0, Bone Amulet
MoCreatures:amuletbonefull:0, Bone Amulet
MoCreatures:amuletghost:0, Ghost Amulet
MoCreatures:amuletghostfull:0, Ghost Amulet
MoCreatures:amuletfairy:0, Fairy Amulet
MoCreatures:amuletfairyfull:0, Fairy Amulet
MoCreatures:amuletpegasus:0, Sky Amulet
MoCreatures:amuletpegasusfull:0, Sky Amulet
MoCreatures:essenceundead, Essence of Undead
MoCreatures:essencelight, Essence of Light
MoCreatures:furchest, Fur Chest
MoCreatures:furhelmet, Fur Helmet
MoCreatures:furlegs, Fur Legs
MoCreatures:furboots, Fur Boots
MoCreatures:heartdarkness, Heart of Darkness
MoCreatures:heartfire, Heart of Fire
MoCreatures:heartundead, Heart of Undead
MoCreatures:ostrichraw, Raw Ostrich
MoCreatures:ostrichcooked, Cooked Ostrich
MoCreatures:unicornhorn, Unicorn Horn
MoCreatures:fishnet:0, Fish Net
MoCreatures:horsearmorcrystal, Crystal Mount Armor
MoCreatures:turkeyraw, Raw Turkey
MoCreatures:turkeycooked, Cooked Turkey
MoCreatures:hide, Hide
MoCreatures:hidechest, Hide Chest
MoCreatures:hidehelmet, Hide Helmet
MoCreatures:hidelegs, Hide Legs
MoCreatures:hideboots, Hide Boots
MoCreatures:ratraw, Raw Rat
MoCreatures:ratcooked, Cooked Rat
MoCreatures:ratburger, Rat Burger
MoCreatures:chitinblack, Chitin Black
MoCreatures:chitinfrost, Chitin Frost
MoCreatures:chitinnether, Chitin Nether
MoCreatures:chitin, Chitin
MoCreatures:scorpswordcave, Cave Scorpion Sword
MoCreatures:scorpswordfrost, Frost Scorpion Sword
MoCreatures:scorpswordnether, Nether Scorpion Sword
MoCreatures:scorpsworddirt, Dirt Scorpion Sword
MoCreatures:scorpplatedirt, Dirt Scorpion Plate Chest
MoCreatures:scorphelmetdirt, Dirt Scorpion Helmet
MoCreatures:scorplegsdirt, Dirt Scorpion Legs
MoCreatures:scorpbootsdirt, Dirt Scorpion Boots
MoCreatures:scorpplatefrost, Frost Scorpion Plate Chest
MoCreatures:scorphelmetfrost, Frost Scorpion Helmet
MoCreatures:scorplegsfrost, Frost Scorpion Legs
MoCreatures:scorpbootsfrost, Frost Scorpion Boots
MoCreatures:scorpplatecave, Cave Scorpion Plate Chest
MoCreatures:scorphelmetcave, Cave Scorpion Helmet
MoCreatures:scorplegscave, Cave Scorpion Legs
MoCreatures:scorpbootscave, Cave Scorpion Boots
MoCreatures:scorpplatenether, Nether Scorpion Plate Chest
MoCreatures:scorphelmetnether, Nether Scorpion Helmet
MoCreatures:scorplegsnether, Nether Scorpion Legs
MoCreatures:scorpbootsnether, Nether Scorpion Boots
MoCreatures:scorpstingcave, Cave Scorpion Sting
MoCreatures:scorpstingfrost, Frost Scorpion Sting
MoCreatures:scorpstingnether, Nether Scorpion Sting
MoCreatures:scorpstingdirt, Dirt Scorpion Sting
MoCreatures:scrolloffreedom, Scroll of Freedom
MoCreatures:scrollofsale, Scroll of Sale
MoCreatures:tuskswood, Wood Tusks
MoCreatures:tusksiron, Iron Tusks
MoCreatures:tusksdiamond, Diamond Tusks
MoCreatures:elephantharness, Elephant Harness
MoCreatures:elephantchest, Elephant Chest
MoCreatures:elephantgarment, Elephant Garment
MoCreatures:elephanthowdah, Elephant Howdah
MoCreatures:mammothplatform, Mammoth Platform
MoCreatures:crabraw, Raw Crab
MoCreatures:crabcooked, Cooked Crab
MoCreatures:silversword, Silver Sword
MoCreatures:staffportal, Wyvern Portal Staff
MoCreatures:staffteleport, Staff Teleport
MoCreatures:scrollofowner, Scroll of Reset Owner
MoCreatures:petamulet:0, Pet Amulet
HardcoreEnderExpansion:silverfish_blood, Silverfish Blood
HardcoreEnderExpansion:exp_bottle_consistent, Bottle o' Enchanting
HardcoreEnderExpansion:altar_nexus, Altar Nexus
HardcoreEnderExpansion:fire_shard, Infernium
HardcoreEnderExpansion:item_special_effects, item.itemNumber.name
HardcoreEnderExpansion:essence:0, Dragon Essence
HardcoreEnderExpansion:essence:1, Fiery Essence
HardcoreEnderExpansion:essence:2, Spectral Essence
HardcoreEnderExpansion:energy_wand, Energy Wand
HardcoreEnderExpansion:music_disk:0, Music Disc
HardcoreEnderExpansion:music_disk:1, Music Disc
HardcoreEnderExpansion:music_disk:2, Music Disc
HardcoreEnderExpansion:music_disk:3, Music Disc
HardcoreEnderExpansion:music_disk:4, Music Disc
HardcoreEnderExpansion:music_disk:5, Music Disc
HardcoreEnderExpansion:music_disk:6, Music Disc
HardcoreEnderExpansion:music_disk:7, Music Disc
HardcoreEnderExpansion:music_disk:8, Music Disc
HardcoreEnderExpansion:music_disk:9, Music Disc
HardcoreEnderExpansion:rune:0, Rune of Power
HardcoreEnderExpansion:rune:1, Rune of Agility
HardcoreEnderExpansion:rune:2, Rune of Vigor
HardcoreEnderExpansion:rune:3, Rune of Defense
HardcoreEnderExpansion:rune:4, Rune of Magic
HardcoreEnderExpansion:rune:5, Rune of Void
HardcoreEnderExpansion:ghost_amulet:0, Ghost Amulet (Impure)
HardcoreEnderExpansion:ghost_amulet:1, Ghost Amulet
HardcoreEnderExpansion:arcane_shard, Arcane Shard
HardcoreEnderExpansion:curse_amulet, Curse Amulet
HardcoreEnderExpansion:igneous_rock, Igneous Rock
HardcoreEnderExpansion:infestation_remedy, Infestation Remedy
HardcoreEnderExpansion:spatial_dash_gem, Spatial Dash Gem
HardcoreEnderExpansion:enhanced_brewing_stand, Enhanced Brewing Stand
HardcoreEnderExpansion:adventurers_diary, Adventurer's Diary
HardcoreEnderExpansion:blank_gem, Blank Gem
HardcoreEnderExpansion:biome_compass, Biome Compass
HardcoreEnderExpansion:energy_wand_core, Energy Wand Core
HardcoreEnderExpansion:dry_splinter, Dry Splinter
HardcoreEnderExpansion:enderman_head, item.endermanHead.name
HardcoreEnderExpansion:knowledge_note:0, Knowledge Note
HardcoreEnderExpansion:end_powder, End Powder
HardcoreEnderExpansion:obsidian_fragment, Obsidian Fragment
HardcoreEnderExpansion:obsidian_rod, Obsidian Rod
HardcoreEnderExpansion:bucket_ender_goo, Ender Goo Bucket
HardcoreEnderExpansion:temple_caller, Temple Caller
HardcoreEnderExpansion:potion_of_instability, Potion of Instability
HardcoreEnderExpansion:schorching_pickaxe, Scorching Pickaxe
HardcoreEnderExpansion:endium_ingot, Endium Ingot
HardcoreEnderExpansion:spectral_tear, Spectral Tear
HardcoreEnderExpansion:potion_of_purity, Potion of Purity
HardcoreEnderExpansion:enhanced_ender_pearl, Ender Pearl
HardcoreEnderExpansion:charm_pouch, Charm Pouch
HardcoreEnderExpansion:stardust, Stardust
HardcoreEnderExpansion:charm:0, Charm of Power
HardcoreEnderExpansion:charm:1, Charm of Power
HardcoreEnderExpansion:charm:2, Charm of Power
HardcoreEnderExpansion:charm:3, Charm of Agility
HardcoreEnderExpansion:charm:4, Charm of Agility
HardcoreEnderExpansion:charm:5, Charm of Agility
HardcoreEnderExpansion:charm:6, Charm of Vigor
HardcoreEnderExpansion:charm:7, Charm of Vigor
HardcoreEnderExpansion:charm:8, Charm of Vigor
HardcoreEnderExpansion:charm:9, Charm of Defense
HardcoreEnderExpansion:charm:10, Charm of Defense
HardcoreEnderExpansion:charm:11, Charm of Defense
HardcoreEnderExpansion:charm:12, Charm of Magic
HardcoreEnderExpansion:charm:13, Charm of Magic
HardcoreEnderExpansion:charm:14, Charm of Magic
HardcoreEnderExpansion:charm:18, Charm of Equality
HardcoreEnderExpansion:charm:19, Charm of Blocking
HardcoreEnderExpansion:charm:20, Charm of Blocking
HardcoreEnderExpansion:charm:21, Charm of Blocking
HardcoreEnderExpansion:charm:22, Charm of Blocking Reflection
HardcoreEnderExpansion:charm:23, Charm of Blocking Reflection
HardcoreEnderExpansion:charm:24, Charm of Blocking Reflection
HardcoreEnderExpansion:charm:71, Charm of Blocking Repulsion
HardcoreEnderExpansion:charm:72, Charm of Blocking Repulsion
HardcoreEnderExpansion:charm:73, Charm of Blocking Repulsion
HardcoreEnderExpansion:charm:25, Charm of Digestive Recover
HardcoreEnderExpansion:charm:26, Charm of Digestive Recover
HardcoreEnderExpansion:charm:27, Charm of Digestive Recover
HardcoreEnderExpansion:charm:28, Charm of Life Steal
HardcoreEnderExpansion:charm:30, Charm of Life Steal
HardcoreEnderExpansion:charm:31, Charm of Damage Redirection
HardcoreEnderExpansion:charm:32, Charm of Damage Redirection
HardcoreEnderExpansion:charm:33, Charm of Damage Redirection
HardcoreEnderExpansion:charm:34, Charm of Damage Redirection
HardcoreEnderExpansion:charm:35, Charm of Damage Redirection
HardcoreEnderExpansion:charm:36, Charm of Damage Redirection
HardcoreEnderExpansion:charm:37, Charm of Magic Penetration
HardcoreEnderExpansion:charm:38, Charm of Magic Penetration
HardcoreEnderExpansion:charm:39, Charm of Magic Penetration
HardcoreEnderExpansion:charm:40, Charm of Magic Penetration
HardcoreEnderExpansion:charm:41, Charm of Magic Penetration
HardcoreEnderExpansion:charm:42, Charm of Magic Penetration
HardcoreEnderExpansion:charm:43, Charm of Magic Penetration
HardcoreEnderExpansion:charm:45, Charm of Witchery Harm
HardcoreEnderExpansion:charm:46, Charm of Witchery Harm
HardcoreEnderExpansion:charm:65, Charm of Witchery Harm
HardcoreEnderExpansion:charm:74, Charm of Magic Defense
HardcoreEnderExpansion:charm:75, Charm of Magic Defense
HardcoreEnderExpansion:charm:76, Charm of Magic Defense
HardcoreEnderExpansion:charm:49, Charm of Falling Protection
HardcoreEnderExpansion:charm:50, Charm of Falling Protection
HardcoreEnderExpansion:charm:51, Charm of Haste
HardcoreEnderExpansion:charm:52, Charm of Haste
HardcoreEnderExpansion:charm:53, Charm of Haste
HardcoreEnderExpansion:charm:54, Charm of Critical Strike
HardcoreEnderExpansion:charm:55, Charm of Critical Strike
HardcoreEnderExpansion:charm:56, Charm of Critical Strike
HardcoreEnderExpansion:charm:57, Charm of Critical Strike
HardcoreEnderExpansion:charm:58, Charm of Critical Strike
HardcoreEnderExpansion:charm:59, Charm of Critical Strike
HardcoreEnderExpansion:charm:60, Charm of Second Durability
HardcoreEnderExpansion:charm:61, Charm of Second Durability
HardcoreEnderExpansion:charm:62, Charm of Second Durability
HardcoreEnderExpansion:charm:63, Charm of Second Durability
HardcoreEnderExpansion:charm:64, Charm of Second Durability
HardcoreEnderExpansion:charm:17, Charm of Slaughter Impact
HardcoreEnderExpansion:charm:66, Charm of Slaughter Impact
HardcoreEnderExpansion:charm:67, Charm of Slaughter Impact
HardcoreEnderExpansion:charm:68, Charm of Slaughter Impact
HardcoreEnderExpansion:charm:69, Charm of Slaughter Impact
HardcoreEnderExpansion:charm:70, Charm of Slaughter Impact
HardcoreEnderExpansion:charm:77, Charm of Last Resort
HardcoreEnderExpansion:charm:78, Charm of Last Resort
HardcoreEnderExpansion:charm:79, Charm of Last Resort
HardcoreEnderExpansion:transference_gem, Transference Gem
HardcoreEnderExpansion:instability_orb, Instability Orb
HardcoreEnderExpansion:spawn_eggs:0, Spawn Angry Enderman
HardcoreEnderExpansion:spawn_eggs:1, Spawn Baby Enderman
HardcoreEnderExpansion:spawn_eggs:2, Spawn Ender Guardian
HardcoreEnderExpansion:spawn_eggs:3, Spawn Vampire Bat
HardcoreEnderExpansion:spawn_eggs:4, Spawn Infested Bat
HardcoreEnderExpansion:spawn_eggs:5, Spawn Fire Golem
HardcoreEnderExpansion:spawn_eggs:6, Spawn Scorching Lens
HardcoreEnderExpansion:spawn_eggs:7, Spawn Ender Eye
HardcoreEnderExpansion:spawn_eggs:8, Spawn Fire Fiend
HardcoreEnderExpansion:spawn_eggs:9, Spawn Ender Demon
HardcoreEnderExpansion:spawn_eggs:10, Spawn Paralyzed Enderman
HardcoreEnderExpansion:spawn_eggs:11, Spawn Louse
HardcoreEnderExpansion:spawn_eggs:12, Spawn Haunted Miner
HardcoreEnderExpansion:spawn_eggs:13, Spawn Homeland Enderman
HardcoreEnderExpansion:spawn_eggs:14, Spawn Endermage
HardcoreEnderExpansion:curse:0, Curse of Teleportation
HardcoreEnderExpansion:curse:256, Curse of Teleportation
HardcoreEnderExpansion:curse:1, Curse of Confusion
HardcoreEnderExpansion:curse:257, Curse of Confusion
HardcoreEnderExpansion:curse:2, Curse of Tranquility
HardcoreEnderExpansion:curse:258, Curse of Tranquility
HardcoreEnderExpansion:curse:3, Curse of Slowness
HardcoreEnderExpansion:curse:259, Curse of Slowness
HardcoreEnderExpansion:curse:4, Curse of Weakness
HardcoreEnderExpansion:curse:260, Curse of Weakness
HardcoreEnderExpansion:curse:5, Curse of Blindness
HardcoreEnderExpansion:curse:261, Curse of Blindness
HardcoreEnderExpansion:curse:6, Curse of Death
HardcoreEnderExpansion:curse:262, Curse of Death
HardcoreEnderExpansion:curse:7, Curse of Decay
HardcoreEnderExpansion:curse:263, Curse of Decay
HardcoreEnderExpansion:curse:8, Curse of Vampire
HardcoreEnderExpansion:curse:264, Curse of Vampire
HardcoreEnderExpansion:curse:9, Curse of Rebound
HardcoreEnderExpansion:curse:265, Curse of Rebound
HardcoreEnderExpansion:curse:10, Curse of Loss
HardcoreEnderExpansion:curse:266, Curse of Loss
HardcoreEnderExpansion:auricion, Auricion
HardcoreEnderExpansion:endoplasm, Ectoplasm
HardcoreEnderExpansion:living_matter, Living Matter
ImmersiveEngineering:metal:0, Copper Ingot
ImmersiveEngineering:metal:1, Aluminium Ingot
ImmersiveEngineering:metal:2, Lead Ingot
ImmersiveEngineering:metal:3, Silver Ingot
ImmersiveEngineering:metal:4, Nickel Ingot
ImmersiveEngineering:metal:5, Constantan Ingot
ImmersiveEngineering:metal:6, Electrum Ingot
ImmersiveEngineering:metal:7, Steel Ingot
ImmersiveEngineering:metal:8, Iron Grit
ImmersiveEngineering:metal:9, Gold Grit
ImmersiveEngineering:metal:10, Copper Grit
ImmersiveEngineering:metal:11, Aluminium Grit
ImmersiveEngineering:metal:12, Lead Grit
ImmersiveEngineering:metal:13, Silver Grit
ImmersiveEngineering:metal:14, Nickel Grit
ImmersiveEngineering:metal:15, Constantan Grit
ImmersiveEngineering:metal:16, Electrum Grit
ImmersiveEngineering:metal:17, Coke Dust
ImmersiveEngineering:metal:18, Quartz Dust
ImmersiveEngineering:metal:19, HOP Graphite Dust
ImmersiveEngineering:metal:20, HOP Graphite Ingot
ImmersiveEngineering:metal:21, Iron Nugget
ImmersiveEngineering:metal:22, Copper Nugget
ImmersiveEngineering:metal:23, Aluminium Nugget
ImmersiveEngineering:metal:24, Lead Nugget
ImmersiveEngineering:metal:25, Silver Nugget
ImmersiveEngineering:metal:26, Nickel Nugget
ImmersiveEngineering:metal:27, Constantan Nugget
ImmersiveEngineering:metal:28, Electrum Nugget
ImmersiveEngineering:metal:29, Steel Nugget
ImmersiveEngineering:metal:30, Iron Plate
ImmersiveEngineering:metal:32, Aluminium Plate
ImmersiveEngineering:metal:33, Lead Plate
ImmersiveEngineering:metal:36, Constantan Plate
ImmersiveEngineering:metal:38, Steel Plate
ImmersiveEngineering:material:0, Treated Stick
ImmersiveEngineering:material:1, Waterwheel Segment
ImmersiveEngineering:material:2, Windmill Blade
ImmersiveEngineering:material:3, Industrial Hemp Fiber
ImmersiveEngineering:material:4, Tough Fabric
ImmersiveEngineering:material:5, Improved Windmill Blade
ImmersiveEngineering:material:6, Coal Coke
ImmersiveEngineering:material:7, Revolver Barrel
ImmersiveEngineering:material:8, Revolver Drum
ImmersiveEngineering:material:9, Wooden Grip
ImmersiveEngineering:material:10, Revolver Hammer
ImmersiveEngineering:material:11, Iron Mechanical Component
ImmersiveEngineering:material:12, Steel Mechanical Component
ImmersiveEngineering:material:13, Slag
ImmersiveEngineering:material:14, Iron Rod
ImmersiveEngineering:material:15, Steel Rod
ImmersiveEngineering:material:16, Aluminium Rod
ImmersiveEngineering:seed:0, Industrial Hemp Seeds
ImmersiveEngineering:coil:0, LV Wire Coil
ImmersiveEngineering:coil:1, MV Wire Coil
ImmersiveEngineering:coil:2, HV Wire Coil
ImmersiveEngineering:coil:3, Hemp Rope Coil
ImmersiveEngineering:coil:4, Steel Cable Coil
ImmersiveEngineering:tool:0, Engineer's Hammer
ImmersiveEngineering:tool:1, Engineer's Wire Cutters
ImmersiveEngineering:tool:2, Engineer's Voltmeter
ImmersiveEngineering:tool:3, Engineer's Manual
ImmersiveEngineering:toolbox, Engineer's Toolbox
ImmersiveEngineering:revolver:0, Revolver
ImmersiveEngineering:revolver:1, Revolver Speedloader
ImmersiveEngineering:bullet:0, Empty Casing
ImmersiveEngineering:bullet:1, Empty Shell
ImmersiveEngineering:bullet:2, Casull Cartridge
ImmersiveEngineering:bullet:3, Armor-Piercing Cartridge
ImmersiveEngineering:bullet:4, Buckshot Cartridge
ImmersiveEngineering:bullet:5, High-Explosive Cartridge
ImmersiveEngineering:bullet:6, Dragon's Breath Cartridge
ImmersiveEngineering:bullet:9, Silver Cartridge
ImmersiveEngineering:bullet:10, Phial Cartridge
ImmersiveEngineering:fluidContainers:0, Bottle of Creosote Oil
ImmersiveEngineering:fluidContainers:1, Bucket of Creosote Oil
ImmersiveEngineering:fluidContainers:2, Bottle of Plant Oil
ImmersiveEngineering:fluidContainers:3, Bucket of Plant Oil
ImmersiveEngineering:fluidContainers:4, Bottle of Ethanol
ImmersiveEngineering:fluidContainers:5, Bucket of Ethanol
ImmersiveEngineering:fluidContainers:6, Bottle of Biodiesel
ImmersiveEngineering:fluidContainers:7, Bucket of Biodiesel
ImmersiveEngineering:drill:0, Mining Drill
ImmersiveEngineering:drillhead:0, Steel Drill Head
ImmersiveEngineering:drillhead:1, Iron Drill Head
ImmersiveEngineering:toolupgrade:0, Pressurized Air Tank
ImmersiveEngineering:toolupgrade:1, Advanced Lubrication System
ImmersiveEngineering:toolupgrade:2, Additional Augers
ImmersiveEngineering:toolupgrade:3, Large Tank
ImmersiveEngineering:toolupgrade:4, Bayonet
ImmersiveEngineering:toolupgrade:5, Extended Magazine
ImmersiveEngineering:toolupgrade:6, Amplifier Electron Tubes
ImmersiveEngineering:toolupgrade:7, Focused Nozzle
ImmersiveEngineering:toolupgrade:8, Precision Scope
ImmersiveEngineering:toolupgrade:9, Additional Capacitors
ImmersiveEngineering:skyhook, Engineer's Skyhook
ImmersiveEngineering:blueprint, Engineer's Blueprint
ImmersiveEngineering:graphiteElectrode, Graphite Electrode
ImmersiveEngineering:shader, Shader
ImmersiveEngineering:shaderBag, Shader Grabbag
ImmersiveEngineering:jerrycan, Jerrycan
ImmersiveEngineering:chemthrower, Chemical Thrower
ImmersiveEngineering:railgun, Railgun
ImmersiveEngineering:mold:0, Metal Press Mold: Plate
ImmersiveEngineering:mold:2, Metal Press Mold: Rod
immersiveintegration:iiWireCoil:0, Redstone Wire Coil
immersiveintegration:capacitorBox:0, LV Capacitor in a Box
immersiveintegration:capacitorBox:0, LV Capacitor in a Box
immersiveintegration:capacitorBox:1, MV Capacitor in a Box
immersiveintegration:capacitorBox:1, MV Capacitor in a Box
immersiveintegration:capacitorBox:2, HV Capacitor in a Box
immersiveintegration:capacitorBox:2, HV Capacitor in a Box
immersiveintegration:capacitorBox:3, Creative Capacitor in a Box
immersiveintegration:wireCoil:0, Fluix Wire Coil
immersiveintegration:wireCoil:1, Dense Wire Coil
obsaoa:recordsmash, Smash Record
obsaoa:recordcorallus, Corallus Record
obsaoa:recordkingbambambam, King BamBamBam Record
obsaoa:recordnethengeicwither, Nethengeic Wither Record
obsaoa:recordrockrider, Rock Rider Record
obsaoa:recordshadowlord, Shadowlord Record
obsaoa:recordelusive, Elusive Record
obsaoa:recordkingshroomus, King Shroomus Record
obsaoa:recordsilverfoot, Silverfoot Record
obsaoa:recordvisualent, Visualent Record
obsaoa:recordkror, Kror Record
obsaoa:recordvinocorne, Vinocorne Record
obsaoa:recordbane, Bane Record
obsaoa:recordclunkhead, Clunkhead Record
obsaoa:recorddracyon, Dracyon Record
obsaoa:recordhiveking, Hive King Record
obsaoa:recordvoxxulon, Voxxulon Record
obsaoa:recordprimordialfive, Primordial Five Record
obsaoa:recordgraw, Graw Record
obsaoa:recordgyro, Gyro Record
obsaoa:recordcrystocore, Crystocore Record
obsaoa:recordcottoncandor, Cotton Candor Record
obsaoa:recordcreep, C.R.E.E.P Record
OreSpawn:OreSpawn_PizzaItem, item.pizza.name
OreSpawn:OreSpawn_DuctTapeItem, item.ducttape.name
OreSpawn:OreSpawn_IngotUranium, item.ingoturanium.name
OreSpawn:OreSpawn_CrystalPinkIngot, item.crystalpink_ingot.name
OreSpawn:OreSpawn_TigersEyeIngot, item.tigerseye_ingot.name
OreSpawn:OreSpawn_IngotTitanium, item.ingottitanium.name
OreSpawn:OreSpawn_UltimateSword, item.ultimatesword.name
OreSpawn:OreSpawn_NightmareSword, item.nightmaresword.name
OreSpawn:OreSpawn_Bertha, item.berthasmall.name
OreSpawn:OreSpawn_Hammy, item.hammysmall.name
OreSpawn:OreSpawn_Slice, item.slicesmall.name
OreSpawn:OreSpawn_Royal, item.royalsmall.name
OreSpawn:OreSpawn_BattleAxe, item.battleaxesmall.name
OreSpawn:OreSpawn_QueenBattleAxe, item.queenbattleaxesmall.name
OreSpawn:OreSpawn_Chainsaw, item.chainsawsmall.name
OreSpawn:OreSpawn_UltimatePickaxe, item.ultimatepickaxe.name
OreSpawn:OreSpawn_UltimateShovel, item.ultimateshovel.name
OreSpawn:OreSpawn_UltimateHoe, item.ultimatehoe.name
OreSpawn:OreSpawn_UltimateAxe, item.ultimateaxe.name
OreSpawn:OreSpawn_EmeraldSword, item.emeraldsword.name
OreSpawn:OreSpawn_RoseSword, item.rosesword.name
OreSpawn:OreSpawn_ExperienceSword, item.experiencesword.name
OreSpawn:OreSpawn_PoisonSword, item.poisonsword.name
OreSpawn:OreSpawn_RatSword, item.ratsword.name
OreSpawn:OreSpawn_FairySword, item.fairysword.name
OreSpawn:OreSpawn_MantisClaw, item.mantisclaw.name
OreSpawn:OreSpawn_BigHammer, item.bighammer.name
OreSpawn:OreSpawn_EmeraldPickaxe, item.emeraldpickaxe.name
OreSpawn:OreSpawn_EmeraldShovel, item.emeraldshovel.name
OreSpawn:OreSpawn_EmeraldHoe, item.emeraldhoe.name
OreSpawn:OreSpawn_EmeraldAxe, item.emeraldaxe.name
OreSpawn:OreSpawn_CrystalWoodSword, item.crystalwoodsword.name
OreSpawn:OreSpawn_CrystalWoodPickaxe, item.crystalwoodpickaxe.name
OreSpawn:OreSpawn_CrystalWoodShovel, item.crystalwoodshovel.name
OreSpawn:OreSpawn_CrystalWoodHoe, item.crystalwoodhoe.name
OreSpawn:OreSpawn_CrystalWoodAxe, item.crystalwoodaxe.name
OreSpawn:OreSpawn_CrystalPinkSword, item.crystalpinksword.name
OreSpawn:OreSpawn_CrystalPinkPickaxe, item.crystalpinkpickaxe.name
OreSpawn:OreSpawn_CrystalPinkShovel, item.crystalpinkshovel.name
OreSpawn:OreSpawn_CrystalPinkHoe, item.crystalpinkhoe.name
OreSpawn:OreSpawn_CrystalPinkAxe, item.crystalpinkaxe.name
OreSpawn:OreSpawn_TigersEyeSword, item.tigerseye_sword.name
OreSpawn:OreSpawn_TigersEyePickaxe, item.tigerseye_pickaxe.name
OreSpawn:OreSpawn_TigersEyeShovel, item.tigerseye_shovel.name
OreSpawn:OreSpawn_TigersEyeHoe, item.tigerseye_hoe.name
OreSpawn:OreSpawn_TigersEyeAxe, item.tigerseye_axe.name
OreSpawn:OreSpawn_CrystalStoneSword, item.crystalstonesword.name
OreSpawn:OreSpawn_CrystalStonePickaxe, item.crystalstonepickaxe.name
OreSpawn:OreSpawn_CrystalStoneShovel, item.crystalstoneshovel.name
OreSpawn:OreSpawn_CrystalStoneHoe, item.crystalstonehoe.name
OreSpawn:OreSpawn_CrystalStoneAxe, item.crystalstoneaxe.name
OreSpawn:OreSpawn_RubySword, item.rubysword.name
OreSpawn:OreSpawn_RubyPickaxe, item.rubypickaxe.name
OreSpawn:OreSpawn_RubyShovel, item.rubyshovel.name
OreSpawn:OreSpawn_RubyHoe, item.rubyhoe.name
OreSpawn:OreSpawn_RubyAxe, item.rubyaxe.name
OreSpawn:OreSpawn_AmethystSword, item.amethystsword.name
OreSpawn:OreSpawn_AmethystPickaxe, item.amethystpickaxe.name
OreSpawn:OreSpawn_AmethystShovel, item.amethystshovel.name
OreSpawn:OreSpawn_AmethystHoe, item.amethysthoe.name
OreSpawn:OreSpawn_AmethystAxe, item.amethystaxe.name
OreSpawn:OreSpawn_RedHeels, item.redheels.name
OreSpawn:OreSpawn_BlackHeels, item.blackheels.name
OreSpawn:OreSpawn_Slippers, item.slippers.name
OreSpawn:OreSpawn_Boots, item.boots.name
OreSpawn:OreSpawn_GameController, item.gamecontroller.name
OreSpawn:OreSpawn_UltimateBow, item.ultimatebow.name
OreSpawn:OreSpawn_SkateBow, item.skatebow.name
OreSpawn:OreSpawn_UltimateFishingRod, item.ultimatefishingrod.name
OreSpawn:OreSpawn_FireFish, item.firefish.name
OreSpawn:OreSpawn_SunFish, item.sunfish.name
OreSpawn:OreSpawn_LavaEel, item.lavaeel.name
OreSpawn:OreSpawn_MothScale, item.mothscale.name
OreSpawn:OreSpawn_QueenScale, item.queenscale.name
OreSpawn:OreSpawn_NightmareScale, item.nightmarescale.name
OreSpawn:OreSpawn_EmperorScorpionScale, item.emperorscorpionscale.name
OreSpawn:OreSpawn_BasiliskScale, item.basiliskscale.name
OreSpawn:OreSpawn_WaterDragonScale, item.waterdragonscale.name
OreSpawn:OreSpawn_PeacockFeather, item.peacockfeather.name
OreSpawn:OreSpawn_JumpyBugScale, item.jumpybugscale.name
OreSpawn:OreSpawn_KrakenTooth, item.krakentooth.name
OreSpawn:OreSpawn_GodzillaScale, item.godzillascale.name
OreSpawn:OreSpawn_GreenGoo, item.greengoo.name
OreSpawn:OreSpawn_SpiderRobotKit, item.spiderrobotkit.name
OreSpawn:OreSpawn_AntRobotKit, item.antrobotkit.name
OreSpawn:OreSpawn_ZooKeeper, item.zookeeper.name
OreSpawn:OreSpawn_CreeperLauncher, item.creeperlauncher.name
OreSpawn:OreSpawn_NetherLost, item.netherlost.name
OreSpawn:OreSpawn_CrystalSticks, item.crystalsticks.name
OreSpawn:OreSpawn_Sifter, item.sifter.name
OreSpawn:OreSpawn_SunspotUrchin, item.sunspoturchin.name
OreSpawn:OreSpawn_WaterBall, item.waterball.name
OreSpawn:OreSpawn_LaserBall, item.laserball.name
OreSpawn:OreSpawn_IceBall, item.iceball.name
OreSpawn:OreSpawn_SmallRock, item.rocksmall.name
OreSpawn:OreSpawn_Rock, item.rock.name
OreSpawn:OreSpawn_RedRock, item.rockred.name
OreSpawn:OreSpawn_CrystalRedRock, item.rockcrystalred.name
OreSpawn:OreSpawn_CrystalGreenRock, item.rockcrystalgreen.name
OreSpawn:OreSpawn_CrystalBlueRock, item.rockcrystalblue.name
OreSpawn:OreSpawn_CrystalTNTRock, item.rockcrystaltnt.name
OreSpawn:OreSpawn_GreenRock, item.rockgreen.name
OreSpawn:OreSpawn_BlueRock, item.rockblue.name
OreSpawn:OreSpawn_PurpleRock, item.rockpurple.name
OreSpawn:OreSpawn_SpikeyRock, item.rockspikey.name
OreSpawn:OreSpawn_TNTRock, item.rocktnt.name
OreSpawn:OreSpawn_Acid, Acid
OreSpawn:OreSpawn_Irukandji, item.deadirukandji.name
OreSpawn:OreSpawn_IrukandjiArrow, item.irukandjiarrow.name
OreSpawn:OreSpawn_RayGun, item.RayGun.name
OreSpawn:OreSpawn_SquidZooka, item.squidzookasmall.name
OreSpawn:OreSpawn_SparkFish, item.sparkfish.name
OreSpawn:OreSpawn_Salt, item.salt.name
OreSpawn:OreSpawn_Popcorn, item.popcorn.name
OreSpawn:OreSpawn_ButteredPopcorn, item.popcorn_buttered.name
OreSpawn:OreSpawn_ButteredSaltedPopcorn, item.popcorn_buttered_salted.name
OreSpawn:OreSpawn_PopcornBag, item.popcorn_bag.name
OreSpawn:OreSpawn_Butter, item.butter.name
OreSpawn:OreSpawn_CornDog, item.corndog_cooked.name
OreSpawn:OreSpawn_Cheese, Cheese
OreSpawn:OreSpawn_RawCornDog, item.corndog_raw.name
OreSpawn:OreSpawn_Peacock, item.cookedpeacock.name
OreSpawn:OreSpawn_RawPeacock, item.rawpeacock.name
OreSpawn:OreSpawn_Ruby, Ruby
OreSpawn:OreSpawn_Amethyst, item.amethyst.name
OreSpawn:OreSpawn_ThunderStaff, item.thunderstaff.name
OreSpawn:OreSpawn_Wrench, item.wrench.name
OreSpawn:OreSpawn_RawBacon, Bacon
OreSpawn:OreSpawn_Bacon, item.cookedbacon.name
OreSpawn:OreSpawn_RawCrabMeat, item.crabmeat.name
OreSpawn:OreSpawn_CrabMeat, item.cookedcrabmeat.name
OreSpawn:OreSpawn_ButterCandy, item.buttercandy.name
OreSpawn:OreSpawn_UraniumNugget, item.uranium_nugget.name
OreSpawn:OreSpawn_TitaniumNugget, item.titanium_nugget.name
OreSpawn:OreSpawn_GreenFish, item.greenfish.name
OreSpawn:OreSpawn_BlueFish, item.bluefish.name
OreSpawn:OreSpawn_PinkFish, item.pinkfish.name
OreSpawn:OreSpawn_RockFish, item.rockfish.name
OreSpawn:OreSpawn_WoodFish, item.woodfish.name
OreSpawn:OreSpawn_GreyFish, item.greyfish.name
OreSpawn:OreSpawn_Salad, item.salad.name
OreSpawn:OreSpawn_BLT, item.blt_sandwich.name
OreSpawn:OreSpawn_CrabbyPatty, item.crabbypatty.name
OreSpawn:OreSpawn_BerthaHandle, item.bbhandle.name
OreSpawn:OreSpawn_BerthaGuard, item.bbguard.name
OreSpawn:OreSpawn_BerthaBlade, item.bbblade.name
OreSpawn:OreSpawn_MolenoidNose, item.molenoidnose.name
OreSpawn:OreSpawn_SeaMonsterScale, item.seamonsterscale.name
OreSpawn:OreSpawn_WormTooth, item.wormtooth.name
OreSpawn:OreSpawn_TRexTooth, item.trextooth.name
OreSpawn:OreSpawn_CaterKillerJaw, item.caterkillerjaw.name
OreSpawn:OreSpawn_SeaViperTongue, item.seavipertongue.name
OreSpawn:OreSpawn_VortexEye, item.vortexeye.name
OreSpawn:OreSpawn_WitherSkeletonEgg, item.eggwitherskeleton.name
OreSpawn:OreSpawn_EnderDragonEgg, item.eggenderdragon.name
OreSpawn:OreSpawn_SnowGolemEgg, item.eggsnowgolem.name
OreSpawn:OreSpawn_IronGolemEgg, item.eggirongolem.name
OreSpawn:OreSpawn_WitherBossEgg, item.eggwitherboss.name
OreSpawn:OreSpawn_GirlfriendEgg, item.egggirlfriend.name
OreSpawn:OreSpawn_BoyfriendEgg, item.eggboyfriend.name
OreSpawn:OreSpawn_TheKingEgg, item.eggtheking.name
OreSpawn:OreSpawn_TheQueenEgg, item.eggthequeen.name
OreSpawn:OreSpawn_ThePrinceEgg, item.eggtheprince.name
OreSpawn:OreSpawn_RedCowEgg, item.eggredcow.name
OreSpawn:OreSpawn_CrystalCowEgg, item.eggcrystalcow.name
OreSpawn:OreSpawn_GoldCowEgg, item.egggoldcow.name
OreSpawn:OreSpawn_EnchantedCowEgg, item.eggenchantedcow.name
OreSpawn:OreSpawn_MOTHRAEgg, item.eggMOTHRA.name
OreSpawn:OreSpawn_AloEgg, item.eggalosaurus.name
OreSpawn:OreSpawn_CryoEgg, item.eggcryolophosaurus.name
OreSpawn:OreSpawn_CamaEgg, item.eggcamarasaurus.name
OreSpawn:OreSpawn_VeloEgg, item.eggvelocityraptor.name
OreSpawn:OreSpawn_HydroEgg, item.egghydrolisc.name
OreSpawn:OreSpawn_BasilEgg, item.eggbasilisc.name
OreSpawn:OreSpawn_DragonflyEgg, item.eggdragonfly.name
OreSpawn:OreSpawn_EmperorScorpionEgg, item.eggemperorscorpion.name
OreSpawn:OreSpawn_ScorpionEgg, item.eggscorpion.name
OreSpawn:OreSpawn_CaveFisherEgg, item.eggcavefisher.name
OreSpawn:OreSpawn_SpyroEgg, item.eggspyro.name
OreSpawn:OreSpawn_BaryonyxEgg, item.eggbaryonyx.name
OreSpawn:OreSpawn_GammaMetroidEgg, item.egggammametroid.name
OreSpawn:OreSpawn_CockateilEgg, item.eggcockateil.name
OreSpawn:OreSpawn_KyuubiEgg, item.eggkyuubi.name
OreSpawn:OreSpawn_AlienEgg, item.eggalien.name
OreSpawn:OreSpawn_AttackSquidEgg, item.eggattacksquid.name
OreSpawn:OreSpawn_WaterDragonEgg, item.eggwaterdragon.name
OreSpawn:OreSpawn_CephadromeEgg, item.eggcephadrome.name
OreSpawn:OreSpawn_KrakenEgg, item.eggkraken.name
OreSpawn:OreSpawn_LizardEgg, item.egglizard.name
OreSpawn:OreSpawn_DragonEgg, item.eggdragon.name
OreSpawn:OreSpawn_BeeEgg, item.eggbee.name
OreSpawn:OreSpawn_TrooperBugEgg, item.eggtrooper.name
OreSpawn:OreSpawn_SpitBugEgg, item.eggspit.name
OreSpawn:OreSpawn_StinkBugEgg, item.eggstink.name
OreSpawn:OreSpawn_OstrichEgg, item.eggostrich.name
OreSpawn:OreSpawn_GazelleEgg, item.egggazelle.name
OreSpawn:OreSpawn_ChipmunkEgg, item.eggchipmunk.name
OreSpawn:OreSpawn_CreepingHorrorEgg, item.eggcreepinghorror.name
OreSpawn:OreSpawn_TerribleTerrorEgg, item.eggterribleterror.name
OreSpawn:OreSpawn_CliffRacerEgg, item.eggcliffracer.name
OreSpawn:OreSpawn_TriffidEgg, item.eggtriffid.name
OreSpawn:OreSpawn_PitchBlackEgg, item.eggnightmare.name
OreSpawn:OreSpawn_LurkingTerrorEgg, item.egglurkingterror.name
OreSpawn:OreSpawn_GodzillaEgg, item.egggodzilla.name
OreSpawn:OreSpawn_SmallWormEgg, item.eggsmallworm.name
OreSpawn:OreSpawn_MediumWormEgg, item.eggmediumworm.name
OreSpawn:OreSpawn_LargeWormEgg, item.egglargeworm.name
OreSpawn:OreSpawn_CassowaryEgg, item.eggcassowary.name
OreSpawn:OreSpawn_CloudSharkEgg, item.eggcloudshark.name
OreSpawn:OreSpawn_GoldFishEgg, item.egggoldfish.name
OreSpawn:OreSpawn_LeafMonsterEgg, item.eggleafmonster.name
OreSpawn:OreSpawn_TshirtEgg, item.eggtshirt.name
OreSpawn:OreSpawn_EnderKnightEgg, item.eggenderknight.name
OreSpawn:OreSpawn_EnderReaperEgg, item.eggenderreaper.name
OreSpawn:OreSpawn_BeaverEgg, item.eggbeaver.name
OreSpawn:OreSpawn_DungeonBeastEgg, item.eggdungeonbeast.name
OreSpawn:OreSpawn_RotatorEgg, item.eggrotator.name
OreSpawn:OreSpawn_VortexEgg, item.eggvortex.name
OreSpawn:OreSpawn_PeacockEgg, item.eggpeacock.name
OreSpawn:OreSpawn_FairyEgg, item.eggfairy.name
OreSpawn:OreSpawn_RatEgg, item.eggrat.name
OreSpawn:OreSpawn_FlounderEgg, item.eggflounder.name
OreSpawn:OreSpawn_WhaleEgg, item.eggwhale.name
OreSpawn:OreSpawn_IrukandjiEgg, item.eggirukandji.name
OreSpawn:OreSpawn_SkateEgg, item.eggskate.name
OreSpawn:OreSpawn_UrchinEgg, item.eggurchin.name
OreSpawn:OreSpawn_Robot1Egg, item.eggrobot1.name
OreSpawn:OreSpawn_Robot2Egg, item.eggrobot2.name
OreSpawn:OreSpawn_Robot3Egg, item.eggrobot3.name
OreSpawn:OreSpawn_Robot4Egg, item.eggrobot4.name
OreSpawn:OreSpawn_GhostEgg, item.eggghost.name
OreSpawn:OreSpawn_GhostSkellyEgg, item.eggghostskelly.name
OreSpawn:OreSpawn_BrownAntEgg, item.eggbrownant.name
OreSpawn:OreSpawn_RedAntEgg, item.eggredant.name
OreSpawn:OreSpawn_RainbowAntEgg, item.eggrainbowant.name
OreSpawn:OreSpawn_UnstableAntEgg, item.eggunstableant.name
OreSpawn:OreSpawn_TermiteEgg, item.eggtermite.name
OreSpawn:OreSpawn_ButterflyEgg, item.eggbutterfly.name
OreSpawn:OreSpawn_MothEgg, item.eggmoth.name
OreSpawn:OreSpawn_MosquitoEgg, item.eggmosquito.name
OreSpawn:OreSpawn_FireflyEgg, item.eggfirefly.name
OreSpawn:OreSpawn_TRexEgg, item.eggtrex.name
OreSpawn:OreSpawn_HerculesEgg, item.egghercules.name
OreSpawn:OreSpawn_MantisEgg, item.eggmantis.name
OreSpawn:OreSpawn_StinkyEgg, item.eggstinky.name
OreSpawn:OreSpawn_Robot5Egg, item.eggrobot5.name
OreSpawn:OreSpawn_CoinEgg, item.eggcoin.name
OreSpawn:OreSpawn_EasterBunnyEgg, item.eggeasterbunny.name
OreSpawn:OreSpawn_MolenoidEgg, item.eggmolenoid.name
OreSpawn:OreSpawn_SeaMonsterEgg, item.eggseamonster.name
OreSpawn:OreSpawn_SeaViperEgg, item.eggseaviper.name
OreSpawn:OreSpawn_CaterKillerEgg, item.eggcaterkiller.name
OreSpawn:OreSpawn_RubberDuckyEgg, item.eggrubberducky.name
OreSpawn:OreSpawn_HammerheadEgg, item.egghammerhead.name
OreSpawn:OreSpawn_LeonEgg, item.eggleon.name
OreSpawn:OreSpawn_CriminalEgg, item.eggcriminal.name
OreSpawn:OreSpawn_BrutalflyEgg, item.eggbrutalfly.name
OreSpawn:OreSpawn_NastysaurusEgg, item.eggnastysaurus.name
OreSpawn:OreSpawn_PointysaurusEgg, item.eggpointysaurus.name
OreSpawn:OreSpawn_CricketEgg, item.eggcricket.name
OreSpawn:OreSpawn_ThePrincessEgg, item.eggtheprincess.name
OreSpawn:OreSpawn_FrogEgg, item.eggfrog.name
OreSpawn:OreSpawn_JefferyEgg, item.eggrobot6.name
OreSpawn:OreSpawn_AntRobotEgg, item.eggantrobot.name
OreSpawn:OreSpawn_SpiderRobotEgg, item.eggspiderrobot.name
OreSpawn:OreSpawn_SpiderDriverEgg, item.eggspiderdriver.name
OreSpawn:OreSpawn_CrabEgg, item.eggcrab.name
OreSpawn:OreSpawn_CageEmpty, item.cageempty.name
OreSpawn:OreSpawn_CagedSpider, item.cagespider.name
OreSpawn:OreSpawn_CagedBat, item.cagebat.name
OreSpawn:OreSpawn_CagedCow, item.cagecow.name
OreSpawn:OreSpawn_CagePig, item.cagepig.name
OreSpawn:OreSpawn_CagedSquid, item.cagesquid.name
OreSpawn:OreSpawn_CagedChicken, item.cagechicken.name
OreSpawn:OreSpawn_CagedCreeper, item.cagecreeper.name
OreSpawn:OreSpawn_CagedSkeleton, item.cageskeleton.name
OreSpawn:OreSpawn_CagedZombie, item.cagezombie.name
OreSpawn:OreSpawn_CagedSlime, item.cageslime.name
OreSpawn:OreSpawn_CagedGhast, item.cageghast.name
OreSpawn:OreSpawn_CagedZombiePigman, item.cagezombiepigman.name
OreSpawn:OreSpawn_CagedEnderman, item.cageenderman.name
OreSpawn:OreSpawn_CagedCaveSpider, item.cagecavespider.name
OreSpawn:OreSpawn_CagedSilverfish, item.cagesilverfish.name
OreSpawn:OreSpawn_CagedMagmaCube, item.cagemagmacube.name
OreSpawn:OreSpawn_CagedWitch, item.cagewitch.name
OreSpawn:OreSpawn_CagedSheep, item.cagesheep.name
OreSpawn:OreSpawn_CagedWolf, item.cagewolf.name
OreSpawn:OreSpawn_CagedMooshroom, item.cagemooshroom.name
OreSpawn:OreSpawn_CagedOcelot, item.cageocelot.name
OreSpawn:OreSpawn_CagedBlaze, item.cageblaze.name
OreSpawn:OreSpawn_CagedGirlfriend, item.cagegirlfriend.name
OreSpawn:OreSpawn_CagedBoyfriend, item.cageboyfriend.name
OreSpawn:OreSpawn_CagedWitherSkeleton, item.cagewitherskeleton.name
OreSpawn:OreSpawn_CagedEnderDragon, item.cageenderdragon.name
OreSpawn:OreSpawn_CagedSnowGolem, item.cagesnowgolem.name
OreSpawn:OreSpawn_CagedIronGolem, item.cageirongolem.name
OreSpawn:OreSpawn_CagedWitherBoss, item.cagewitherboss.name
OreSpawn:OreSpawn_CagedRedCow, item.cageredcow.name
OreSpawn:OreSpawn_CagedCrystalCow, item.cagecrystalcow.name
OreSpawn:OreSpawn_CagedVillager, item.cagevillager.name
OreSpawn:OreSpawn_CagedGoldCow, item.cagegoldcow.name
OreSpawn:OreSpawn_CagedEnchantedCow, item.cageenchantedcow.name
OreSpawn:OreSpawn_CagedMOTHRA, item.cageMOTHRA.name
OreSpawn:OreSpawn_CagedAlo, item.cagealosaurus.name
OreSpawn:OreSpawn_CagedCryo, item.cagecryolophosaurus.name
OreSpawn:OreSpawn_CagedCama, item.cagecamarasaurus.name
OreSpawn:OreSpawn_CagedVelo, item.cagevelocityraptor.name
OreSpawn:OreSpawn_CagedHydro, item.cagehydrolisc.name
OreSpawn:OreSpawn_CagedBasil, item.cagebasilisc.name
OreSpawn:OreSpawn_CagedDragonfly, item.cagedragonfly.name
OreSpawn:OreSpawn_CagedEmperorScorpion, item.cageemperorscorpion.name
OreSpawn:OreSpawn_CagedScorpion, item.cagescorpion.name
OreSpawn:OreSpawn_CagedCaveFisher, item.cagecavefisher.name
OreSpawn:OreSpawn_CagedSpyro, item.cagespyro.name
OreSpawn:OreSpawn_CagedBaryonyx, item.cagebaryonyx.name
OreSpawn:OreSpawn_CagedGammaMetroid, item.cagegammametroid.name
OreSpawn:OreSpawn_CagedCockateil, item.cagecockateil.name
OreSpawn:OreSpawn_CagedKyuubi, item.cagekyuubi.name
OreSpawn:OreSpawn_CagedAlien, item.cagealien.name
OreSpawn:OreSpawn_Elevator, item.elevator.name
OreSpawn:OreSpawn_CagedAttackSquid, item.cageattacksquid.name
OreSpawn:OreSpawn_CagedWaterDragon, item.cagewaterdragon.name
OreSpawn:OreSpawn_CagedCephadrome, item.cagecephadrome.name
OreSpawn:OreSpawn_CagedKraken, item.cagekraken.name
OreSpawn:OreSpawn_CagedLizard, item.cagelizard.name
OreSpawn:OreSpawn_CagedDragon, item.cagedragon.name
OreSpawn:OreSpawn_CagedBee, item.cagebee.name
OreSpawn:OreSpawn_CagedHorse, item.cagehorse.name
OreSpawn:OreSpawn_CagedFirefly, item.cagefirefly.name
OreSpawn:OreSpawn_CagedChipmunk, item.cagechipmunk.name
OreSpawn:OreSpawn_CagedGazelle, item.cagegazelle.name
OreSpawn:OreSpawn_CagedOstrich, item.cageostrich.name
OreSpawn:OreSpawn_CagedTrooper, item.cagetrooper.name
OreSpawn:OreSpawn_CagedSpit, item.cagespit.name
OreSpawn:OreSpawn_CagedStink, item.cagestink.name
OreSpawn:OreSpawn_CagedCreepingHorror, item.cagecreepinghorror.name
OreSpawn:OreSpawn_CagedTerribleTerror, item.cageterribleterror.name
OreSpawn:OreSpawn_CagedCliffRacer, item.cagecliffracer.name
OreSpawn:OreSpawn_CagedTriffid, item.cagetriffid.name
OreSpawn:OreSpawn_CagedPitchBlack, item.cagenightmare.name
OreSpawn:OreSpawn_CagedLurkingTerror, item.cagelurkingterror.name
OreSpawn:OreSpawn_CagedSmallWorm, item.cagesmallworm.name
OreSpawn:OreSpawn_CagedMediumWorm, item.cagemediumworm.name
OreSpawn:OreSpawn_CagedLargeWorm, item.cagelargeworm.name
OreSpawn:OreSpawn_CagedCassowary, item.cagecassowary.name
OreSpawn:OreSpawn_CagedCloudShark, item.cagecloudshark.name
OreSpawn:OreSpawn_CagedGoldFish, item.cagegoldfish.name
OreSpawn:OreSpawn_CagedLeafMonster, item.cageleafmonster.name
OreSpawn:OreSpawn_CagedEnderKnight, item.cageenderknight.name
OreSpawn:OreSpawn_CagedEnderReaper, item.cageenderreaper.name
OreSpawn:OreSpawn_CagedBeaver, item.cagebeaver.name
OreSpawn:OreSpawn_CagedUrchin, item.cageurchin.name
OreSpawn:OreSpawn_CagedFlounder, item.cageflounder.name
OreSpawn:OreSpawn_CagedSkate, item.cageskate.name
OreSpawn:OreSpawn_CagedRotator, item.cagerotator.name
OreSpawn:OreSpawn_CagedPeacock, item.cagepeacock.name
OreSpawn:OreSpawn_CagedFairy, item.cagefairy.name
OreSpawn:OreSpawn_CagedDungeonBeast, item.cagedungeonbeast.name
OreSpawn:OreSpawn_CagedVortex, item.cagevortex.name
OreSpawn:OreSpawn_CagedRat, item.cagerat.name
OreSpawn:OreSpawn_CagedWhale, item.cagewhale.name
OreSpawn:OreSpawn_CagedIrukandji, item.cageirukandji.name
OreSpawn:OreSpawn_CagedTRex, item.cagetrex.name
OreSpawn:OreSpawn_CagedHercules, item.cagehercules.name
OreSpawn:OreSpawn_CagedMantis, item.cagemantis.name
OreSpawn:OreSpawn_CagedStinky, item.cagestinky.name
OreSpawn:OreSpawn_CagedEasterBunny, item.cageeasterbunny.name
OreSpawn:OreSpawn_CagedCaterKiller, item.cagecaterkiller.name
OreSpawn:OreSpawn_CagedMolenoid, item.cagemolenoid.name
OreSpawn:OreSpawn_CagedSeaMonster, item.cageseamonster.name
OreSpawn:OreSpawn_CagedSeaViper, item.cageseaviper.name
OreSpawn:OreSpawn_CagedLeon, item.cageleon.name
OreSpawn:OreSpawn_CagedHammerhead, item.cagehammerhead.name
OreSpawn:OreSpawn_CagedRubberDucky, item.cagerubberducky.name
OreSpawn:OreSpawn_CagedCriminal, item.cagecriminal.name
OreSpawn:OreSpawn_CagedBrutalfly, item.cagebrutalfly.name
OreSpawn:OreSpawn_CagedNastysaurus, item.cagenastysaurus.name
OreSpawn:OreSpawn_CagedPointysaurus, item.cagepointysaurus.name
OreSpawn:OreSpawn_CagedCricket, item.cagecricket.name
OreSpawn:OreSpawn_CagedFrog, item.cagefrog.name
OreSpawn:OreSpawn_CagedSpiderDriver, item.cagespiderdriver.name
OreSpawn:OreSpawn_CagedCrab, item.cagecrab.name
OreSpawn:OreSpawn_Strawberry, item.strawberry.name
OreSpawn:OreSpawn_CrystalApple, item.crystalapple.name
OreSpawn:OreSpawn_Love, item.heart.name
OreSpawn:OreSpawn_Cherry, item.cherries.name
OreSpawn:OreSpawn_Peach, item.peach.name
OreSpawn:OreSpawn_Radish, item.radish.name
OreSpawn:OreSpawn_Rice, item.rice.name
OreSpawn:OreSpawn_CornCob, item.corn_seed.name
OreSpawn:OreSpawn_Quinoa, item.quinoa.name
OreSpawn:OreSpawn_Tomato, item.tomato_seed.name
OreSpawn:OreSpawn_Lettuce, item.lettuce_seed.name
OreSpawn:OreSpawn_StrawberrySeed, item.strawberry_seed.name
OreSpawn:OreSpawn_ButterflySeed, item.butterfly_seed.name
OreSpawn:OreSpawn_MothSeed, item.moth_seed.name
OreSpawn:OreSpawn_MosquitoSeed, item.mosquito_seed.name
OreSpawn:OreSpawn_FireflySeed, item.firefly_seed.name
OreSpawn:OreSpawn_MagicApple, item.magicapple.name
OreSpawn:OreSpawn_RandomDungeon, item.randomdungeon.name
OreSpawn:OreSpawn_MinersDream, item.minersdream.name
OreSpawn:OreSpawn_UltimateHelmet, item.ultimate_helmet.name
OreSpawn:OreSpawn_UltimateBody, item.ultimate_chest.name
OreSpawn:OreSpawn_UltimateLegs, item.ultimate_leggings.name
OreSpawn:OreSpawn_UltimateBoots, item.ultimate_boots.name
OreSpawn:OreSpawn_LavaEelHelmet, item.lavaeel_helmet.name
OreSpawn:OreSpawn_LavaEelBody, item.lavaeel_chest.name
OreSpawn:OreSpawn_LavaEelLegs, item.lavaeel_leggings.name
OreSpawn:OreSpawn_LavaEelBoots, item.lavaeel_boots.name
OreSpawn:OreSpawn_MothScaleHelmet, item.mothscale_helmet.name
OreSpawn:OreSpawn_MothScaleBody, item.mothscale_chest.name
OreSpawn:OreSpawn_MothScaleLegs, item.mothscale_leggings.name
OreSpawn:OreSpawn_MothScaleBoots, item.mothscale_boots.name
OreSpawn:OreSpawn_AppleSeed, item.appletree_seed.name
OreSpawn:OreSpawn_CherrySeed, item.cherrytree_seed.name
OreSpawn:OreSpawn_PeachSeed, item.peachtree_seed.name
OreSpawn:OreSpawn_StepUp, item.step_up.name
OreSpawn:OreSpawn_StepDown, item.step_down.name
OreSpawn:OreSpawn_StepAccross, item.step_accross.name
OreSpawn:OreSpawn_EmeraldHelmet, item.emerald_helmet.name
OreSpawn:OreSpawn_EmeraldBody, item.emerald_chest.name
OreSpawn:OreSpawn_EmeraldLegs, item.emerald_leggings.name
OreSpawn:OreSpawn_EmeraldBoots, item.emerald_boots.name
OreSpawn:OreSpawn_ExperienceCatcher, item.experiencecatcher.name
OreSpawn:OreSpawn_DeadStinkBug, item.deadstinkbug.name
OreSpawn:OreSpawn_ExperienceTreeSeed, item.experiencetree_seed.name
OreSpawn:OreSpawn_ExperienceHelmet, item.experience_helmet.name
OreSpawn:OreSpawn_ExperienceBody, item.experience_chest.name
OreSpawn:OreSpawn_ExperienceLegs, item.experience_leggings.name
OreSpawn:OreSpawn_ExperienceBoots, item.experience_boots.name
OreSpawn:OreSpawn_RubyHelmet, item.ruby_helmet.name
OreSpawn:OreSpawn_RubyBody, item.ruby_chest.name
OreSpawn:OreSpawn_RubyLegs, item.ruby_leggings.name
OreSpawn:OreSpawn_RubyBoots, item.ruby_boots.name
OreSpawn:OreSpawn_AmethystHelmet, item.amethyst_helmet.name
OreSpawn:OreSpawn_AmethystBody, item.amethyst_chest.name
OreSpawn:OreSpawn_AmethystLegs, item.amethyst_leggings.name
OreSpawn:OreSpawn_AmethystBoots, item.amethyst_boots.name
OreSpawn:OreSpawn_ZooCage2, item.zoo2.name
OreSpawn:OreSpawn_ZooCage4, item.zoo4.name
OreSpawn:OreSpawn_ZooCage6, item.zoo6.name
OreSpawn:OreSpawn_ZooCage8, item.zoo8.name
OreSpawn:OreSpawn_ZooCage10, item.zoo10.name
OreSpawn:OreSpawn_InstantShelter, item.instantshelter.name
OreSpawn:OreSpawn_InstantGarden, item.instantgarden.name
OreSpawn:OreSpawn_CrystalPinkHelmet, item.pink_helmet.name
OreSpawn:OreSpawn_CrystalPinkBody, item.pink_chest.name
OreSpawn:OreSpawn_CrystalPinkLegs, item.pink_leggings.name
OreSpawn:OreSpawn_CrystalPinkBoots, item.pink_boots.name
OreSpawn:OreSpawn_TigersEyeHelmet, item.tigerseye_helmet.name
OreSpawn:OreSpawn_TigersEyeBody, item.tigerseye_chest.name
OreSpawn:OreSpawn_TigersEyeLegs, item.tigerseye_leggings.name
OreSpawn:OreSpawn_TigersEyeBoots, item.tigerseye_boots.name
OreSpawn:OreSpawn_PeacockFeatherBoots, item.peacock_boots.name
OreSpawn:OreSpawn_PeacockFeatherHelmet, item.peacock_helmet.name
OreSpawn:OreSpawn_PeacockFeatherBody, item.peacock_chest.name
OreSpawn:OreSpawn_PeacockFeatherLegs, item.peacock_leggings.name
OreSpawn:OreSpawn_MobzillaHelmet, item.mobzilla_helmet.name
OreSpawn:OreSpawn_MobzillaBody, item.mobzilla_chest.name
OreSpawn:OreSpawn_MobzillaLegs, item.mobzilla_leggings.name
OreSpawn:OreSpawn_MobzillaBoots, item.mobzilla_boots.name
OreSpawn:OreSpawn_RoyalHelmet, item.royal_helmet.name
OreSpawn:OreSpawn_RoyalBody, item.royal_chest.name
OreSpawn:OreSpawn_RoyalLegs, item.royal_leggings.name
OreSpawn:OreSpawn_RoyalBoots, item.royal_boots.name
OreSpawn:OreSpawn_LapisHelmet, item.lapis_helmet.name
OreSpawn:OreSpawn_LapisBody, item.lapis_chest.name
OreSpawn:OreSpawn_LapisLegs, item.lapis_leggings.name
OreSpawn:OreSpawn_LapisBoots, item.lapis_boots.name
OreSpawn:OreSpawn_QueenHelmet, item.queen_helmet.name
OreSpawn:OreSpawn_QueenBody, item.queen_chest.name
OreSpawn:OreSpawn_QueenLegs, item.queen_leggings.name
OreSpawn:OreSpawn_QueenBoots, item.queen_boots.name
harvestcraft:cuttingboardItem, Cutting Board
harvestcraft:potItem, Pot
harvestcraft:skilletItem, Skillet
harvestcraft:saucepanItem, Saucepan
harvestcraft:bakewareItem, Bakeware
harvestcraft:mortarandpestleItem, Mortar and Pestle
harvestcraft:mixingbowlItem, Mixing Bowl
harvestcraft:juicerItem, Juicer
harvestcraft:queenbeeItem, Queen Bee
harvestcraft:waxcombItem, Waxcomb
harvestcraft:honeycombItem, Honeycomb
harvestcraft:beeswaxItem, Beeswax
harvestcraft:honeyItem, Honey
harvestcraft:grubItem, Bee Grub
harvestcraft:royaljellyItem, Royal Jelly
harvestcraft:saltItem, Salt
harvestcraft:waxItem, Wax
harvestcraft:wovencottonItem, Woven Cotton
harvestcraft:hardenedleatherItem, Hardened Leather
harvestcraft:grainbaitItem, Grain Bait
harvestcraft:veggiebaitItem, Veggie Bait
harvestcraft:fruitbaitItem, Fruit Bait
harvestcraft:fishtrapbaitItem, Fish Trap Bait
harvestcraft:hardenedleatherhelmItem, Hardened Leather Helm
harvestcraft:hardenedleatherchestItem, Hardened Leather Chest
harvestcraft:hardenedleatherleggingsItem, Hardened Leather Leggings
harvestcraft:hardenedleatherbootsItem, Hardened Leather Boots
harvestcraft:muttonrawItem, Raw Mutton
harvestcraft:muttoncookedItem, Cooked Mutton
harvestcraft:calamarirawItem, Raw Calamari
harvestcraft:calamaricookedItem, Cooked Calamari
harvestcraft:sunflowerseedsItem, Sunflower Seeds
harvestcraft:freshwaterItem, Fresh Water
harvestcraft:freshmilkItem, Fresh Milk
harvestcraft:blackberryItem, Blackberry
harvestcraft:blueberryItem, Blueberry
harvestcraft:candleberryItem, Candleberry
harvestcraft:raspberryItem, Raspberry
harvestcraft:strawberryItem, Strawberry
harvestcraft:grapeItem, Grape
harvestcraft:cactusfruitItem, Cactus Fruit
harvestcraft:asparagusItem, Asparagus
harvestcraft:barleyItem, Barley
harvestcraft:oatsItem, Oats
harvestcraft:ryeItem, Rye
harvestcraft:cornItem, Corn
harvestcraft:bambooshootItem, Bamboo Shoot
harvestcraft:cantaloupeItem, Cantaloupe
harvestcraft:cucumberItem, Cucumber
harvestcraft:wintersquashItem, Winter Squash
harvestcraft:zucchiniItem, Zucchini
harvestcraft:beetItem, Beet
harvestcraft:onionItem, Onion
harvestcraft:parsnipItem, Parsnip
harvestcraft:peanutItem, Peanut
harvestcraft:radishItem, Radish
harvestcraft:rutabagaItem, Rutabaga
harvestcraft:sweetpotatoItem, Sweet Potato
harvestcraft:turnipItem, Turnip
harvestcraft:rhubarbItem, Rhubarb
harvestcraft:celeryItem, Celery
harvestcraft:garlicItem, Garlic
harvestcraft:gingerItem, Ginger
harvestcraft:spiceleafItem, Spice Leaf
harvestcraft:ediblerootItem, Edible Root
harvestcraft:tealeafItem, Tea Leaf
harvestcraft:coffeebeanItem, Coffee Beans
harvestcraft:mustardseedsItem, Mustard Seeds
harvestcraft:broccoliItem, Broccoli
harvestcraft:cauliflowerItem, Cauliflower
harvestcraft:leekItem, Leek
harvestcraft:lettuceItem, Lettuce
harvestcraft:scallionItem, Scallion
harvestcraft:artichokeItem, Artichoke
harvestcraft:brusselsproutItem, Brussel Sprout
harvestcraft:cabbageItem, Cabbage
harvestcraft:spinachItem, Spinach
harvestcraft:whitemushroomItem, White Mushroom
harvestcraft:beanItem, Beans
harvestcraft:soybeanItem, Soybean
harvestcraft:bellpepperItem, Bellpepper
harvestcraft:chilipepperItem, Chili Pepper
harvestcraft:eggplantItem, Eggplant
harvestcraft:okraItem, Okra
harvestcraft:peasItem, Peas
harvestcraft:tomatoItem, Tomato
harvestcraft:cottonItem, Cotton
harvestcraft:pineappleItem, Pineapple
harvestcraft:kiwiItem, Kiwi
harvestcraft:sesameseedsItem, Sesame Seeds
harvestcraft:curryleafItem, Curry Leaf
harvestcraft:cranberryItem, Cranberry
harvestcraft:riceItem, Rice
harvestcraft:seaweedItem, Seaweed
harvestcraft:waterchestnutItem, Water Chestnut
harvestcraft:blackberryseedItem, Blackberry Seed
harvestcraft:blueberryseedItem, Blueberry Seed
harvestcraft:candleberryseedItem, Candleberry Seed
harvestcraft:raspberryseedItem, Raspberry Seed
harvestcraft:strawberryseedItem, Strawberry Seed
harvestcraft:grapeseedItem, Grape Seed
harvestcraft:cactusfruitseedItem, Cactus Fruit Seed
harvestcraft:asparagusseedItem, Asparagus Seed
harvestcraft:barleyseedItem, Barley Seed
harvestcraft:oatsseedItem, Oats Seed
harvestcraft:ryeseedItem, Rye Seed
harvestcraft:cornseedItem, Corn Seed
harvestcraft:bambooshootseedItem, Bamboo Shoot Seed
harvestcraft:cantaloupeseedItem, Cantaloupe Seed
harvestcraft:cucumberseedItem, Cucumber Seed
harvestcraft:wintersquashseedItem, Winter Squash Seed
harvestcraft:zucchiniseedItem, Zucchini Seed
harvestcraft:beetseedItem, Beet Seed
harvestcraft:onionseedItem, Onion Seed
harvestcraft:parsnipseedItem, Parsnip Seed
harvestcraft:peanutseedItem, Peanut Seed
harvestcraft:radishseedItem, Radish Seed
harvestcraft:rutabagaseedItem, Rutabaga Seed
harvestcraft:sweetpotatoseedItem, Sweet Potato Seed
harvestcraft:turnipseedItem, Turnip Seed
harvestcraft:rhubarbseedItem, Rhubarb Seed
harvestcraft:celeryseedItem, Celery Seed
harvestcraft:garlicseedItem, Garlic Seed
harvestcraft:gingerseedItem, Ginger Seed
harvestcraft:spiceleafseedItem, Spice Leaf Seed
harvestcraft:teaseedItem, Tea Seed
harvestcraft:coffeeseedItem, Coffee Seed
harvestcraft:mustardseedItem, Mustard Seed
harvestcraft:broccoliseedItem, Broccoli Seed
harvestcraft:cauliflowerseedItem, Cauliflower Seed
harvestcraft:leekseedItem, Leek Seed
harvestcraft:lettuceseedItem, Lettuce Seed
harvestcraft:scallionseedItem, Scallion Seed
harvestcraft:artichokeseedItem, Artichoke Seed
harvestcraft:brusselsproutseedItem, Brussel Sprout Seed
harvestcraft:cabbageseedItem, Cabbage Seed
harvestcraft:spinachseedItem, Spinach Seed
harvestcraft:whitemushroomseedItem, White Mushroom Spore
harvestcraft:beanseedItem, Bean Seed
harvestcraft:soybeanseedItem, Soybean Seed
harvestcraft:bellpepperseedItem, Bellpepper Seed
harvestcraft:chilipepperseedItem, Chili Pepper Seed
harvestcraft:eggplantseedItem, Eggplant Seed
harvestcraft:okraseedItem, Okra Seed
harvestcraft:peasseedItem, Peas Seed
harvestcraft:tomatoseedItem, Tomato Seed
harvestcraft:cottonseedItem, Cotton Seed
harvestcraft:pineappleseedItem, Pineapple Seed
harvestcraft:curryleafseedItem, Curry Leaf Seed
harvestcraft:sesameseedsseedItem, Sesame Seeds Seed
harvestcraft:kiwiseedItem, Kiwi Seed
harvestcraft:cranberryseedItem, Cranberry Seed
harvestcraft:riceseedItem, Rice Seed
harvestcraft:seaweedseedItem, Seaweed Seed
harvestcraft:waterchestnutseedItem, Water Chestnut Seed
harvestcraft:almondItem, Almond
harvestcraft:apricotItem, Apricot
harvestcraft:avocadoItem, Avocado
harvestcraft:bananaItem, Banana
harvestcraft:cashewItem, Cashew
harvestcraft:cherryItem, Cherry
harvestcraft:chestnutItem, Chestnut
harvestcraft:cinnamonItem, Cinnamon
harvestcraft:coconutItem, Coconut
harvestcraft:dateItem, Date
harvestcraft:dragonfruitItem, Dragonfruit
harvestcraft:durianItem, Durian
harvestcraft:figItem, Fig
harvestcraft:grapefruitItem, Grapefruit
harvestcraft:lemonItem, Lemon
harvestcraft:limeItem, Lime
harvestcraft:maplesyrupItem, Maple Syrup
harvestcraft:mangoItem, Mango
harvestcraft:nutmegItem, Nutmeg
harvestcraft:oliveItem, Olive
harvestcraft:orangeItem, Orange
harvestcraft:papayaItem, Papaya
harvestcraft:peachItem, Peach
harvestcraft:pearItem, Pear
harvestcraft:pecanItem, Pecan
harvestcraft:peppercornItem, Peppercorn
harvestcraft:persimmonItem, Persimmon
harvestcraft:pistachioItem, Pistachio
harvestcraft:plumItem, Plum
harvestcraft:pomegranateItem, Pomegranate
harvestcraft:starfruitItem, Starfruit
harvestcraft:vanillabeanItem, Vanilla Bean
harvestcraft:walnutItem, Walnut
harvestcraft:gooseberryItem, Gooseberry
harvestcraft:grilledasparagusItem, Grilled Asparagus
harvestcraft:bakedsweetpotatoItem, Baked Sweet Potato
harvestcraft:teaItem, Cup of Tea
harvestcraft:coffeeItem, Cup of Coffee
harvestcraft:popcornItem, Popcorn
harvestcraft:grilledeggplantItem, Grilled Eggplant
harvestcraft:raisinsItem, Raisins
harvestcraft:ricecakeItem, Rice Cake
harvestcraft:toastedcoconutItem, Toasted Coconut
harvestcraft:vanillaItem, Vanilla
harvestcraft:toastedsesameseedsItem, Toasted Sesame Seeds
harvestcraft:flourItem, Flour
harvestcraft:doughItem, Dough
harvestcraft:toastItem, Toast
harvestcraft:pastaItem, Pasta
harvestcraft:heavycreamItem, Heavy Cream
harvestcraft:butterItem, Butter
harvestcraft:cheeseItem, Cheese
harvestcraft:icecreamItem, Ice Cream
harvestcraft:grilledcheeseItem, Grilled Cheese
harvestcraft:applejuiceItem, Apple Juice
harvestcraft:applesauceItem, Apple Sauce
harvestcraft:applepieItem, Apple Pie
harvestcraft:caramelappleItem, Caramel Apple
harvestcraft:pumpkinbreadItem, Pumpkin Bread
harvestcraft:roastedpumpkinseedsItem, Roasted Pumpkin Seeds
harvestcraft:pumpkinsoupItem, Pumpkin Soup
harvestcraft:melonjuiceItem, Melon Juice
harvestcraft:melonsmoothieItem, Melon Smoothie
harvestcraft:carrotjuiceItem, Carrot Juice
harvestcraft:carrotcakeItem, Carrot Cake
harvestcraft:carrotsoupItem, Carrot Soup
harvestcraft:glazedcarrotsItem, Glazed Carrots
harvestcraft:butteredpotatoItem, Buttered Potato
harvestcraft:loadedbakedpotatoItem, Loaded Baked Potato
harvestcraft:mashedpotatoesItem, Mashed Potatoes
harvestcraft:potatosaladItem, Potato Salad
harvestcraft:potatosoupItem, Potato Soup
harvestcraft:friesItem, Fries
harvestcraft:grilledmushroomItem, Grilled Mushroom
harvestcraft:stuffedmushroomItem, Stuffed Mushroom
harvestcraft:chickensandwichItem, Chicken Sandwich
harvestcraft:chickennoodlesoupItem, Chicken Noodle Soup
harvestcraft:chickenpotpieItem, Chicken Pot Pie
harvestcraft:breadedporkchopItem, Breaded Porkchop
harvestcraft:hotdogItem, Hotdog
harvestcraft:bakedhamItem, Baked Ham
harvestcraft:hamburgerItem, Hamburger
harvestcraft:cheeseburgerItem, Cheeseburger
harvestcraft:baconcheeseburgerItem, Bacon Cheeseburger
harvestcraft:potroastItem, Pot Roast
harvestcraft:fishsandwichItem, Fish Sandwich
harvestcraft:fishsticksItem, Fish Sticks
harvestcraft:fishandchipsItem, Fish and Chips
harvestcraft:mayoItem, Mayo
harvestcraft:friedeggItem, Fried Egg
harvestcraft:scrambledeggItem, Scrambled Egg
harvestcraft:boiledeggItem, Boiled Egg
harvestcraft:eggsaladItem, Egg Salad
harvestcraft:caramelItem, Caramel
harvestcraft:taffyItem, Taffy
harvestcraft:spidereyesoupItem, Spider Eye Soup
harvestcraft:zombiejerkyItem, Zombie Jerky
harvestcraft:cocoapowderItem, Cocoa Powder
harvestcraft:chocolatebarItem, Chocolate Bar
harvestcraft:hotchocolateItem, Hot Chocolate
harvestcraft:chocolateicecreamItem, Chocolate Ice Cream
harvestcraft:vegetablesoupItem, Vegetable Soup
harvestcraft:stockItem, Stock
harvestcraft:fruitsaladItem, Fruit Salad
harvestcraft:spagettiItem, Spagetti
harvestcraft:spagettiandmeatballsItem, Spagetti and Meatballs
harvestcraft:tomatosoupItem, Tomato Soup
harvestcraft:ketchupItem, Ketchup
harvestcraft:chickenparmasanItem, Chicken Parmasan
harvestcraft:pizzaItem, Pizza
harvestcraft:springsaladItem, Spring Salad
harvestcraft:porklettucewrapItem, Pork Lettuce Wrap
harvestcraft:fishlettucewrapItem, Fish Lettuce Wrap
harvestcraft:bltItem, BLT
harvestcraft:leafychickensandwichItem, Leafy Chicken Sandwich
harvestcraft:leafyfishsandwichItem, Leafy Fish Sandwich
harvestcraft:deluxecheeseburgerItem, Deluxe Cheeseburger
harvestcraft:delightedmealItem, Delighted Meal
harvestcraft:onionsoupItem, Onion Soup
harvestcraft:potatocakesItem, Potato Cakes
harvestcraft:hashItem, Hash
harvestcraft:braisedonionsItem, Braised Onions
harvestcraft:heartybreakfastItem, Hearty Breakfast
harvestcraft:cornonthecobItem, Corn on the Cob
harvestcraft:cornmealItem, Cornmeal
harvestcraft:cornbreadItem, Cornbread
harvestcraft:tortillaItem, Tortilla
harvestcraft:nachoesItem, Nachoes
harvestcraft:tacoItem, Taco
harvestcraft:fishtacoItem, Fish Taco
harvestcraft:creamedcornItem, Creamed Corn
harvestcraft:strawberrysmoothieItem, Strawberry Smoothie
harvestcraft:strawberrypieItem, Strawberry Pie
harvestcraft:strawberrysaladItem, Strawberry Salad
harvestcraft:strawberryjuiceItem, Strawberry Juice
harvestcraft:chocolatestrawberryItem, Chocolate Strawberry
harvestcraft:peanutbutterItem, Peanut Butter
harvestcraft:trailmixItem, Trail Mix
harvestcraft:pbandjItem, PB&J
harvestcraft:peanutbuttercookiesItem, Peanut Butter Cookies
harvestcraft:grapejuiceItem, Grape Juice
harvestcraft:vinegarItem, Vinegar
harvestcraft:grapejellyItem, Grape Jelly
harvestcraft:grapesaladItem, Grape Salad
harvestcraft:raisincookiesItem, Raisin Cookies
harvestcraft:picklesItem, Pickles
harvestcraft:cucumbersaladItem, Cucumber Salad
harvestcraft:cucumbersoupItem, Cucumber Soup
harvestcraft:vegetarianlettucewrapItem, Vegetarian Lettuce Wrap
harvestcraft:marinatedcucumbersItem, Marinated Cucumbers
harvestcraft:ricesoupItem, Rice Soup
harvestcraft:friedriceItem, Fried Rice
harvestcraft:mushroomrisottoItem, Mushroom Risotto
harvestcraft:curryItem, Curry Rice
harvestcraft:rainbowcurryItem, Rainbow Curry
harvestcraft:refriedbeansItem, Refried Beans
harvestcraft:bakedbeansItem, Baked Beans
harvestcraft:beansandriceItem, Beans and Rice
harvestcraft:chiliItem, Chili
harvestcraft:beanburritoItem, Bean Burrito
harvestcraft:stuffedpepperItem, Stuffed Pepper
harvestcraft:veggiestirfryItem, Veggie Stirfry
harvestcraft:grilledskewersItem, Grilled Skewer
harvestcraft:supremepizzaItem, Supreme Pizza
harvestcraft:omeletItem, Omelet
harvestcraft:hotwingsItem, Hot Wings
harvestcraft:chilipoppersItem, Chili Poppers
harvestcraft:extremechiliItem, Extreme Chili
harvestcraft:chilichocolateItem, Chili Chocolate
harvestcraft:lemonaideItem, Lemonade
harvestcraft:lemonbarItem, Lemon Bar
harvestcraft:fishdinnerItem, Fish Dinner
harvestcraft:lemonsmoothieItem, Lemon Smoothie
harvestcraft:lemonmeringueItem, Lemon Meringue
harvestcraft:candiedlemonItem, Candied Lemon
harvestcraft:lemonchickenItem, Lemon Chicken
harvestcraft:blueberrysmoothieItem, Blueberry Smoothie
harvestcraft:blueberrypieItem, Blueberry Pie
harvestcraft:blueberrymuffinItem, Blueberry Muffin
harvestcraft:blueberryjuiceItem, Blueberry Juice
harvestcraft:pancakesItem, Pancakes
harvestcraft:blueberrypancakesItem, Blueberry Pancakes
harvestcraft:cherryjuiceItem, Cherry Juice
harvestcraft:cherrypieItem, Cherry Pie
harvestcraft:chocolatecherryItem, Chocolate Cherry
harvestcraft:cherrysmoothieItem, Cherry Smoothie
harvestcraft:cheesecakeItem, Cheesecake
harvestcraft:cherrycheesecakeItem, Cherry Cheesecake
harvestcraft:stuffedeggplantItem, Stuffed Eggplant
harvestcraft:eggplantparmItem, Eggplant Parm
harvestcraft:raspberryicedteaItem, Raspberry Iced Tea
harvestcraft:chaiteaItem, Chai Tea
harvestcraft:espressoItem, Espresso
harvestcraft:coffeeconlecheItem, Coffee con Leche
harvestcraft:mochaicecreamItem, Mocha Ice Cream
harvestcraft:pickledbeetsItem, Pickled Beets
harvestcraft:beetsaladItem, Beet Salad
harvestcraft:beetsoupItem, Beet Soup
harvestcraft:bakedbeetsItem, Baked Beets
harvestcraft:broccolimacItem, Broccoli Mac
harvestcraft:broccolindipItem, Broccoli n Dip
harvestcraft:creamedbroccolisoupItem, Creamed Broccoli Soup
harvestcraft:sweetpotatopieItem, Sweet Potato Pie
harvestcraft:candiedsweetpotatoesItem, Candied Sweet Potatoes
harvestcraft:mashedsweetpotatoesItem, Mashed Sweet Potatoes
harvestcraft:steamedpeasItem, Steamed Peas
harvestcraft:splitpeasoupItem, Split Pea Soup
harvestcraft:pineappleupsidedowncakeItem, Pineapple Upsidedown Cake
harvestcraft:pineapplehamItem, Pineapple Ham
harvestcraft:pineappleyogurtItem, Pineapple Yogurt
harvestcraft:turnipsoupItem, Turnip Soup
harvestcraft:roastedrootveggiemedleyItem, Roasted Root Veggie Medley
harvestcraft:bakedturnipsItem, Baked Turnips
harvestcraft:gingerbreadItem, Ginger Bread
harvestcraft:gingersnapsItem, Ginger Snaps
harvestcraft:candiedgingerItem, Candied Ginger
harvestcraft:mustardItem, Mustard
harvestcraft:softpretzelandmustardItem, Soft Pretzel and Mustard
harvestcraft:spicymustardporkItem, Spicy Mustard Pork
harvestcraft:spicygreensItem, Spicy Greens
harvestcraft:garlicbreadItem, Garlic Bread
harvestcraft:garlicmashedpotatoesItem, Garlic Mashed Potatoes
harvestcraft:garlicchickenItem, Garlic Chicken
harvestcraft:summerradishsaladItem, Summer Radish Salad
harvestcraft:summersquashwithradishItem, Summer Squash with Radish
harvestcraft:celeryandpeanutbutterItem, Celery and Peanut Butter
harvestcraft:chickencelerycasseroleItem, Chicken Celery Casserole
harvestcraft:peasandceleryItem, Peas and Celery
harvestcraft:celerysoupItem, Celery Soup
harvestcraft:zucchinibreadItem, Zucchini Bread
harvestcraft:zucchinifriesItem, Zucchini Fries
harvestcraft:zestyzucchiniItem, Zesty Zucchini
harvestcraft:zucchinibakeItem, Zucchini Bake
harvestcraft:asparagusquicheItem, Asparagus Quiche
harvestcraft:asparagussoupItem, Asparagus Soup
harvestcraft:walnutraisinbreadItem, Walnut Raisin Bread
harvestcraft:candiedwalnutsItem, Candied Walnuts
harvestcraft:brownieItem, Brownie
harvestcraft:papayajuiceItem, Papaya Juice
harvestcraft:papayasmoothieItem, Papaya Smoothie
harvestcraft:papayayogurtItem, Papaya Yogurt
harvestcraft:starfruitjuiceItem, Starfruit Juice
harvestcraft:starfruitsmoothieItem, Starfruit Smoothie
harvestcraft:starfruityogurtItem, Starfruit Yogurt
harvestcraft:guacamoleItem, Guacamole
harvestcraft:creamofavocadosoupItem, Cream of Avocado Soup
harvestcraft:avocadoburritoItem, Avocado Burrito
harvestcraft:poachedpearItem, Poached Pear
harvestcraft:fruitcrumbleItem, Fruit Crumble
harvestcraft:pearyogurtItem, Pear Yogurt
harvestcraft:plumyogurtItem, Plum Yogurt
harvestcraft:bananasplitItem, Banana Split
harvestcraft:banananutbreadItem, Banana Nut Bread
harvestcraft:bananasmoothieItem, Banana Smoothie
harvestcraft:bananayogurtItem, Banana Yogurt
harvestcraft:coconutmilkItem, Coconut Milk
harvestcraft:chickencurryItem, Chicken Curry
harvestcraft:coconutshrimpItem, Coconut Shrimp
harvestcraft:coconutyogurtItem, Coconut Yogurt
harvestcraft:orangejuiceItem, Orange Juice
harvestcraft:orangechickenItem, Orange Chicken
harvestcraft:orangesmoothieItem, Orange Smoothie
harvestcraft:orangeyogurtItem, Orange Yogurt
harvestcraft:peachjuiceItem, Peach Juice
harvestcraft:peachcobblerItem, Peach Cobbler
harvestcraft:peachsmoothieItem, Peach Smoothie
harvestcraft:peachyogurtItem, Peach Yogurt
harvestcraft:limejuiceItem, Lime Juice
harvestcraft:keylimepieItem, Keylime Pie
harvestcraft:limesmoothieItem, Lime Smoothie
harvestcraft:limeyogurtItem, Lime Yogurt
harvestcraft:mangojuiceItem, Mango Juice
harvestcraft:mangosmoothieItem, Mango Smoothie
harvestcraft:mangoyogurtItem, Mango Yogurt
harvestcraft:pomegranatejuiceItem, Pomegranate Juice
harvestcraft:pomegranatesmoothieItem, Pomegranate Smoothie
harvestcraft:pomegranateyogurtItem, Pomegranate Yogurt
harvestcraft:vanillayogurtItem, Vanilla Yogurt
harvestcraft:cinnamonrollItem, Cinnamon Roll
harvestcraft:frenchtoastItem, French Toast
harvestcraft:marshmellowsItem, Marshmellows
harvestcraft:donutItem, Donut
harvestcraft:chocolatedonutItem, Chocolate Donut
harvestcraft:powdereddonutItem, Powdered Donut
harvestcraft:jellydonutItem, Jelly Donut
harvestcraft:frosteddonutItem, Frosted Donut
harvestcraft:cactussoupItem, Cactus Soup
harvestcraft:wafflesItem, Waffles
harvestcraft:seedsoupItem, Seed Soup
harvestcraft:softpretzelItem, Soft Pretzel
harvestcraft:jellybeansItem, Jellybeans
harvestcraft:biscuitItem, Biscuit
harvestcraft:creamcookieItem, Cream Cookie
harvestcraft:jaffaItem, Jaffa
harvestcraft:friedchickenItem, Fried Chicken
harvestcraft:chocolatesprinklecakeItem, Chocolate Spinkles Cake
harvestcraft:redvelvetcakeItem, Red Velvet Cake
harvestcraft:footlongItem, Footlong
harvestcraft:blueberryyogurtItem, Blueberry Yogurt
harvestcraft:lemonyogurtItem, Lemon Yogurt
harvestcraft:cherryyogurtItem, Cherry Yogurt
harvestcraft:strawberryyogurtItem, Strawberry Yogurt
harvestcraft:grapeyogurtItem, Grape Yogurt
harvestcraft:chocolateyogurtItem, Chocolate Yogurt
harvestcraft:blackberryjuiceItem, Blackberry Juice
harvestcraft:blackberrycobblerItem, Blackberry Cobbler
harvestcraft:blackberrysmoothieItem, Blackberry Smoothie
harvestcraft:blackberryyogurtItem, Blackberry Yogurt
harvestcraft:chocolatemilkItem, Chocolate Milk
harvestcraft:pumpkinyogurtItem, Pumpkin Yogurt
harvestcraft:raspberryjuiceItem, Raspberry Juice
harvestcraft:raspberrypieItem, Raspberry Pie
harvestcraft:raspberrysmoothieItem, Raspberry Smoothie
harvestcraft:raspberryyogurtItem, Raspberry Yogurt
harvestcraft:cinnamonsugardonutItem, Cinnamon Sugar Donut
harvestcraft:melonyogurtItem, Melon Yogurt
harvestcraft:kiwijuiceItem, Kiwi Juice
harvestcraft:kiwismoothieItem, Kiwi Smoothie
harvestcraft:kiwiyogurtItem, Kiwi Yogurt
harvestcraft:plainyogurtItem, Plain Yogurt
harvestcraft:appleyogurtItem, Apple Yogurt
harvestcraft:saltedsunflowerseedsItem, Salted Sunflower Seeds
harvestcraft:sunflowerwheatrollsItem, Sunflower Wheat Rolls
harvestcraft:sunflowerbroccolisaladItem, Sunflower Broccoli Salad
harvestcraft:cranberryjuiceItem, Cranberry Juice
harvestcraft:cranberrysauceItem, Cranberry Sauce
harvestcraft:cranberrybarItem, Cranberry Bar
harvestcraft:peppermintItem, Peppermint
harvestcraft:cactusfruitjuiceItem, Cactus Fruit Juice
harvestcraft:blackpepperItem, Black Pepper
harvestcraft:groundcinnamonItem, Ground Cinnamon
harvestcraft:groundnutmegItem, Ground Nutmeg
harvestcraft:oliveoilItem, Cooking Oil
harvestcraft:baklavaItem, Baklava
harvestcraft:gummybearsItem, Gummy Bears
harvestcraft:baconmushroomburgerItem, Bacon Mushroom Burger
harvestcraft:fruitpunchItem, Fruit Punch
harvestcraft:meatystewItem, Meaty Stew
harvestcraft:mixedsaladItem, Mixed Salad
harvestcraft:pinacoladaItem, Pinacolada
harvestcraft:saladdressingItem, Salad Dressing
harvestcraft:shepardspieItem, Shepherd's Pie
harvestcraft:eggnogItem, Egg Nog
harvestcraft:custardItem, Custard
harvestcraft:sushiItem, Sushi
harvestcraft:gardensoupItem, Garden Soup
harvestcraft:applejellyItem, Apple Jelly
harvestcraft:applejellysandwichItem, Apple Jelly Sandwich
harvestcraft:blackberryjellyItem, Blackberry Jelly
harvestcraft:blackberryjellysandwichItem, Blackberry Jelly Sandwich
harvestcraft:blueberryjellyItem, Blueberry Jelly
harvestcraft:blueberryjellysandwichItem, Blueberry Jelly Sandwich
harvestcraft:cherryjellyItem, Cherry Jelly
harvestcraft:cherryjellysandwichItem, Cherry Jelly Sandwich
harvestcraft:cranberryjellyItem, Cranberry Jelly
harvestcraft:cranberryjellysandwichItem, Cranberry Jelly Sandwich
harvestcraft:kiwijellyItem, Kiwi Jelly
harvestcraft:kiwijellysandwichItem, Kiwi Jelly Sandwich
harvestcraft:lemonjellyItem, Lemon Jelly
harvestcraft:lemonjellysandwichItem, Lemon Jelly Sandwich
harvestcraft:limejellyItem, Lime Jelly
harvestcraft:limejellysandwichItem, Lime Jelly Sandwich
harvestcraft:mangojellyItem, Mango Jelly
harvestcraft:mangojellysandwichItem, Mango Jelly Sandwich
harvestcraft:orangejellyItem, Orange Jelly
harvestcraft:orangejellysandwichItem, Orange Jelly Sandwich
harvestcraft:papayajellyItem, Papaya Jelly
harvestcraft:papayajellysandwichItem, Papaya Jelly Sandwich
harvestcraft:peachjellyItem, Peach Jelly
harvestcraft:peachjellysandwichItem, Peach Jelly Sandwich
harvestcraft:pomegranatejellyItem, Pomegranate Jelly
harvestcraft:pomegranatejellysandwichItem, Pomegranate Jelly Sandwich
harvestcraft:raspberryjellyItem, Raspberry Jelly
harvestcraft:raspberryjellysandwichItem, Raspberry Jelly Sandwich
harvestcraft:starfruitjellyItem, Starfruit Jelly
harvestcraft:starfruitjellysandwichItem, Starfruit Jelly Sandwich
harvestcraft:strawberryjellyItem, Strawberry Jelly
harvestcraft:strawberryjellysandwichItem, Strawberry Jelly Sandwich
harvestcraft:watermelonjellyItem, Watermelon Jelly
harvestcraft:watermelonjellysandwichItem, Watermelon Jelly Sandwich
harvestcraft:bubblywaterItem, Bubbly Water
harvestcraft:cherrysodaItem, Cherry Soda
harvestcraft:colasodaItem, Cola Soda
harvestcraft:gingersodaItem, Ginger Ale
harvestcraft:grapesodaItem, Grape Soda
harvestcraft:lemonlimesodaItem, Lemon-Lime Soda
harvestcraft:orangesodaItem, Orange Soda
harvestcraft:rootbeersodaItem, Root Beer
harvestcraft:strawberrysodaItem, Strawberry Soda
harvestcraft:caramelicecreamItem, Caramel Ice Cream
harvestcraft:mintchocolatechipicemcreamItem, Mint Chocolate Chip Ice Cream
harvestcraft:strawberryicecreamItem, Strawberry Ice Cream
harvestcraft:vanillaicecreamItem, Vanilla Ice Cream
harvestcraft:gingerchickenItem, Ginger Chicken
harvestcraft:oldworldveggiesoupItem, Old World Veggie Soup
harvestcraft:spicebunItem, Spice Bun
harvestcraft:gingeredrhubarbtartItem, Gingered Rhubarb Tart
harvestcraft:lambbarleysoupItem, Lamb Barley Soup
harvestcraft:honeylemonlambItem, Honey Lemon Lamb
harvestcraft:pumpkinoatsconesItem, Pumpkin Oat Scones
harvestcraft:beefjerkyItem, Beef Jerky
harvestcraft:plumjuiceItem, Plum Juice
harvestcraft:pearjuiceItem, Pear Juice
harvestcraft:ovenroastedcauliflowerItem, Oven Roasted Cauliflower
harvestcraft:leekbaconsoupItem, Leek Bacon Soup
harvestcraft:herbbutterparsnipsItem, Herb Butter Parsnips
harvestcraft:scallionbakedpotatoItem, Scallion Baked Potato
harvestcraft:soymilkItem, Soy Milk
harvestcraft:firmtofuItem, Firm Tofu
harvestcraft:silkentofuItem, Silken Tofu
harvestcraft:bamboosteamedriceItem, Bamboo Steamed Rice
harvestcraft:roastedchestnutItem, Roasted Chestnut
harvestcraft:sweetpotatosouffleItem, Sweet Potato Souffle
harvestcraft:cashewchickenItem, Cashew Chicken
harvestcraft:apricotjuiceItem, Apricot Juice
harvestcraft:apricotyogurtItem, Apricot Yogurt
harvestcraft:apricotglazedporkItem, Apricot Glazed Pork
harvestcraft:apricotjellyItem, Apricot Jelly
harvestcraft:apricotjellysandwichItem, Apricot Jelly Sandwich
harvestcraft:apricotsmoothieItem, Apricot Smoothie
harvestcraft:figbarItem, Fig Bar
harvestcraft:figjellyItem, Fig Jelly
harvestcraft:figjellysandwichItem, Fig Jelly Sandwich
harvestcraft:figsmoothieItem, Fig Smoothie
harvestcraft:figyogurtItem, Fig Yogurt
harvestcraft:figjuiceItem, Fig Juice
harvestcraft:grapefruitjuiceItem, Grapfruit Juice
harvestcraft:grapefruitjellyItem, Grapefruit Jelly
harvestcraft:grapefruitjellysandwichItem, Grapefruit Jelly Sandwich
harvestcraft:grapefruitsmoothieItem, Grapefruit Smoothie
harvestcraft:grapefruityogurtItem, Grapefruit Yogurt
harvestcraft:grapefruitsodaItem, Grapefruit Soda
harvestcraft:citrussaladItem, Citrus Salad
harvestcraft:pecanpieItem, Pecan Pie
harvestcraft:pralinesItem, Pralines
harvestcraft:persimmonjuiceItem, Persimmon Juice
harvestcraft:persimmonyogurtItem, Persimmon Yogurt
harvestcraft:persimmonsmoothieItem, Persimmon Smoothie
harvestcraft:persimmonjellyItem, Persimmon Jelly
harvestcraft:persimmonjellysandwichItem, Persimmon Jelly Sandwich
harvestcraft:pistachiobakedsalmonItem, Pistachio Baked Salmon
harvestcraft:baconwrappeddatesItem, Bacon Wrapped Dates
harvestcraft:datenutbreadItem, Date Nut Bread
harvestcraft:maplesyruppancakesItem, Maple Syrup Pancakes
harvestcraft:maplesyrupwafflesItem, Maple Syrup Waffles
harvestcraft:maplesausageItem, Maple Sausage
harvestcraft:mapleoatmealItem, Maple Oatmeal
harvestcraft:peachesandcreamoatmealItem, Peaches and Cream Oatmeal
harvestcraft:cinnamonappleoatmealItem, Cinnamon Apple Oatmeal
harvestcraft:maplecandiedbaconItem, Maple Candied Bacon
harvestcraft:toastsandwichItem, Toast Sandwich
harvestcraft:potatoandcheesepirogiItem, Potato and Cheese Pirogi
harvestcraft:zeppoleItem, Zeppole
harvestcraft:sausageinbreadItem, Sausage in Bread
harvestcraft:chocolatecaramelfudgeItem, Chocolate Caramel Fudge
harvestcraft:lavendershortbreadItem, Lavender Shortbread
harvestcraft:beefwellingtonItem, Beef Wellington
harvestcraft:epicbaconItem, Epic Bacon
harvestcraft:manjuuItem, Manjuu
harvestcraft:chickengumboItem, Chicken Gumbo
harvestcraft:generaltsochickenItem, General Tso's Chicken
harvestcraft:californiarollItem, California Roll
harvestcraft:futomakiItem, Futo Maki
harvestcraft:beansontoastItem, Beans on Toast
harvestcraft:vegemiteItem, Vegemite
harvestcraft:honeycombchocolatebarItem, Honeycomb Chocolate Bar
harvestcraft:cherrycoconutchocolatebarItem, Cherry Coconut Chocolate Bar
harvestcraft:fairybreadItem, Fairy Bread
harvestcraft:lamingtonItem, Lamington
harvestcraft:timtamItem, Tim Tam
harvestcraft:meatpieItem, Meat Pie
harvestcraft:chikorollItem, Chiko Roll
harvestcraft:damperItem, Damper
harvestcraft:beetburgerItem, Beet Burger
harvestcraft:pavlovaItem, Pavlova
harvestcraft:gherkinItem, Gherkin
harvestcraft:mcpamItem, McPam
harvestcraft:ceasarsaladItem, Ceasar Salad
harvestcraft:chaoscookieItem, Chaos Cookie
harvestcraft:chocolatebaconItem, Chocolate Bacon
harvestcraft:lambkebabItem, Lamb Kebab
harvestcraft:nutellaItem, Nutella
harvestcraft:snickersbarItem, Snickers Bar
harvestcraft:spinachpieItem, Spinach Pie
harvestcraft:steamedspinachItem, Steamed Spinach
harvestcraft:vegemiteontoastItem, Vegemite on Toast
harvestcraft:anchovyrawItem, Raw Anchovy
harvestcraft:bassrawItem, Raw Bass
harvestcraft:carprawItem, Raw Carp
harvestcraft:catfishrawItem, Raw Catfish
harvestcraft:charrrawItem, Raw Charr
harvestcraft:clamrawItem, Raw Clam
harvestcraft:crabrawItem, Raw Crab
harvestcraft:crayfishrawItem, Raw Crayfish
harvestcraft:eelrawItem, Raw Eel
harvestcraft:frograwItem, Raw Frog
harvestcraft:grouperrawItem, Raw Grouper
harvestcraft:herringrawItem, Raw Herring
harvestcraft:jellyfishrawItem, Raw Jellyfish
harvestcraft:mudfishrawItem, Raw Mudfish
harvestcraft:octopusrawItem, Raw Octopus
harvestcraft:perchrawItem, Raw Perch
harvestcraft:scalloprawItem, Raw Scallop
harvestcraft:shrimprawItem, Raw Shrimp
harvestcraft:snailrawItem, Raw Snail
harvestcraft:snapperrawItem, Raw Snapper
harvestcraft:tilapiarawItem, Raw Tilapia
harvestcraft:troutrawItem, Raw Trout
harvestcraft:tunarawItem, Raw Tuna
harvestcraft:turtlerawItem, Raw Turtle
harvestcraft:walleyerawItem, Raw Walleye
harvestcraft:holidaycakeItem, Holiday Cake
harvestcraft:clamcookedItem, Cooked Clam
harvestcraft:crabcookedItem, Cooked Crab
harvestcraft:crayfishcookedItem, Cooked Crayfish
harvestcraft:frogcookedItem, Cooked Frog Legs
harvestcraft:octopuscookedItem, Cooked Octopus
harvestcraft:scallopcookedItem, Cooked Scallop
harvestcraft:shrimpcookedItem, Cooked Shrimp
harvestcraft:snailcookedItem, Cooked Snail
harvestcraft:turtlecookedItem, Cooked Turtle
harvestcraft:appleciderItem, Apple Cider
harvestcraft:bangersandmashItem, Bangers and Mash
harvestcraft:batteredsausageItem, Battered Sausage
harvestcraft:batterItem, Batter
harvestcraft:chorizoItem, Chorizo
harvestcraft:coleslawItem, Coleslaw
harvestcraft:energydrinkItem, Energy Drink
harvestcraft:friedonionsItem, Fried Onions
harvestcraft:meatfeastpizzaItem, Meat Feast Pizza
harvestcraft:mincepieItem, Mince Pie
harvestcraft:onionhamburgerItem, Onion Hamburger
harvestcraft:pepperoniItem, Pepperoni
harvestcraft:pickledonionsItem, Pickled Onions
harvestcraft:porksausageItem, Pork Sausage
harvestcraft:raspberrytrifleItem, Raspberry Trifle
harvestcraft:pumpkincheesecakeItem, Pumpkin Cheesecake
harvestcraft:pumpkinmuffinItem, Pumpkin Muffin
harvestcraft:suaderoItem, Suadero
harvestcraft:randomtacoItem, Random Taco
harvestcraft:turkeyrawItem, Raw Turkey
harvestcraft:turkeycookedItem, Cooked Turkey
harvestcraft:rabbitrawItem, Raw Rabbit
harvestcraft:rabbitcookedItem, Cooked Rabbit
harvestcraft:venisonrawItem, Raw Venison
harvestcraft:venisoncookedItem, Cooked Venison
harvestcraft:strawberrymilkshakeItem, Strawberry Milkshake
harvestcraft:chocolatemilkshakeItem, Chocolate Milkshake
harvestcraft:bananamilkshakeItem, Banana Milkeshake
harvestcraft:cornflakesItem, Cornflakes
harvestcraft:coleslawburgerItem, Coleslaw Burger
harvestcraft:roastchickenItem, Roast Chicken
harvestcraft:roastpotatoesItem, Roast Potatoes
harvestcraft:sundayroastItem, Sunday Roast
harvestcraft:bbqpulledporkItem, BBQ Pulled Pork
harvestcraft:lambwithmintsauceItem, Lamb with Mint Sauce
harvestcraft:steakandchipsItem, Steak and Chips
harvestcraft:cherryicecreamItem, Cherry Ice Cream
harvestcraft:pistachioicecreamItem, Pistachio Ice Cream
harvestcraft:neapolitanicecreamItem, Neapolitan Ice Cream
harvestcraft:spumoniicecreamItem, Spumoni Ice Cream
harvestcraft:almondbutterItem, Almond Butter
harvestcraft:cashewbutterItem, Cashew Butter
harvestcraft:chestnutbutterItem, Chestnut Butter
harvestcraft:cornishpastyItem, Cornish Pasty
harvestcraft:cottagepieItem, Cottage Pie
harvestcraft:croissantItem, Croissant
harvestcraft:currypowderItem, Curry Powder
harvestcraft:dimsumItem, Dim Sum
harvestcraft:friedpecanokraItem, Fried Pecan Okra
harvestcraft:gooseberryjellyItem, Gooseberry Jelly
harvestcraft:gooseberryjellysandwichItem, Gooseberry Jelly Sandwich
harvestcraft:gooseberrymilkshakeItem, Gooseberry Milkshake
harvestcraft:gooseberrypieItem, Gooseberry Pie
harvestcraft:gooseberrysmoothieItem, Gooseberry Smoothie
harvestcraft:gooseberryyogurtItem, Gooseberry Yogurt
harvestcraft:greenheartfishItem, Green Heart Fish
harvestcraft:hamsweetpicklesandwichItem, Ham & Sweet Pickle Sandwich
harvestcraft:hushpuppiesItem, Hushpuppies
harvestcraft:kimchiItem, Kimchi
harvestcraft:mochiItem, Mochi
harvestcraft:museliItem, Museli
harvestcraft:naanItem, Naan
harvestcraft:okrachipsItem, Okra Chips
harvestcraft:okracreoleItem, Okra Creole
harvestcraft:pistachiobutterItem, Pistachio Butter
harvestcraft:ploughmanslunchItem, Ploughman's Lunch
harvestcraft:porklomeinItem, Pork Lo Mein
harvestcraft:salmonpattiesItem, Salmon Patties
harvestcraft:sausageItem, Sausage
harvestcraft:sausagerollItem, Sausage Roll
harvestcraft:sesameballItem, Sesame Ball
harvestcraft:sesamesnapsItem, Sesame Snaps
harvestcraft:shrimpokrahushpuppiesItem, Shrimp Pork Okra Hushpuppies
harvestcraft:soysauceItem, Soy Sauce
harvestcraft:sweetpickleItem, Sweet Pickle
harvestcraft:veggiestripsItem, Veggie Strips
harvestcraft:vindalooItem, Vindaloo
harvestcraft:applesmoothieItem, Apple Smoothie
harvestcraft:coconutsmoothieItem, Coconut Smoothie
harvestcraft:cranberrysmoothieItem, Cranberry Smoothie
harvestcraft:cranberryyogurtItem, Cranberry Yogurt
harvestcraft:grapesmoothieItem, Grape Smoothie
harvestcraft:pearsmoothieItem, Pear Smoothie
harvestcraft:pearjellyItem, Pear Jelly
harvestcraft:pearjellysandwichItem, Pear Jelly Sandwich
harvestcraft:plumsmoothieItem, Plum Smoothie
harvestcraft:plumjellyItem, Plum Jelly
harvestcraft:plumjellysandwichItem, Plum Jelly Sandwich
harvestcraft:honeysandwichItem, Honey Sandwich
harvestcraft:cheeseontoastItem, Cheese on Toast
harvestcraft:tunapotatoItem, Tuna Potato
harvestcraft:chocolaterollItem, Chocolate Roll
harvestcraft:jamrollItem, Jam Roll
harvestcraft:coconutcreamItem, Coconut Cream
harvestcraft:crackerItem, Cracker
harvestcraft:garammasalaItem, Garam Masala
harvestcraft:paneerItem, Paneer
harvestcraft:deluxechickencurryItem, Deluxe Chicken Curry
harvestcraft:gravyItem, Gravy
harvestcraft:mangochutneyItem, Mango Chutney
harvestcraft:marzipanItem, Marzipan
harvestcraft:paneertikkamasalaItem, Paneer Tikka Masala
harvestcraft:peaandhamsoupItem, Pea and Ham Soup
harvestcraft:potatoandleeksoupItem, Potato and Leek Soup
harvestcraft:yorkshirepuddingItem, Yorkshire Pudding
harvestcraft:toadintheholeItem, Toad in the Hole
statues:statues.marteau, Hammer
statues:statues.item.showcase:0, Showcase
statues:statues.item.palette, Palette
StorageDrawers:upgradeTemplate, Upgrade Template
StorageDrawers:upgrade:2, Storage Upgrade (II)
StorageDrawers:upgrade:3, Storage Upgrade (III)
StorageDrawers:upgrade:4, Storage Upgrade (IV)
StorageDrawers:upgrade:5, Storage Upgrade (V)
StorageDrawers:upgrade:6, Storage Upgrade (VI)
StorageDrawers:upgradeStatus:1, Status Upgrade (I)
StorageDrawers:upgradeStatus:2, Status Upgrade (II)
StorageDrawers:upgradeVoid, Void Upgrade
StorageDrawers:upgradeCreative:0, Creative Storage Upgrade
StorageDrawers:upgradeCreative:1, Creative Vending Upgrade
StorageDrawers:upgradeRedstone:0, Redstone Upgrade
StorageDrawers:upgradeRedstone:1, Redstone Max Upgrade
StorageDrawers:upgradeRedstone:2, Redstone Min Upgrade
StorageDrawers:upgradeLock, Drawer Key
StorageDrawers:shroudKey, Concealment Key
StorageDrawers:personalKey:0, Personal Key
StorageDrawers:tape, Packing Tape
TardisMod:item.TardisMod.Schematic, item.TardisMod.Schematic.name
TardisMod:item.TardisMod.SonicScrewdriver, Sonic Screwdriver
TardisMod:item.TardisMod.TardisKey, TARDIS Key
TardisMod:item.TardisMod.Component:0, TARDIS Cable Interface - Transmat
TardisMod:item.TardisMod.Component:1, TARDIS Cable Interface - ME Cable
TardisMod:item.TardisMod.Component:2, TARDIS Cable Interface - Energy Conduit
TardisMod:item.TardisMod.Component:3, TARDIS Cable Interface - Itemduct
TardisMod:item.TardisMod.Component:4, TARDIS Cable Interface - Fluiduct
TardisMod:item.TardisMod.Component:5, TARDIS Cable Interface - Chunk Loader
TardisMod:item.TardisMod.Component:6, TARDIS Cable Interface - Computercraft (Unfinished)
TardisMod:item.TardisMod.Component:7, Nanogene Canister
TardisMod:item.TardisMod.Component:8, TARDIS Cable Interface - Essentia
TardisMod:item.TardisMod.CraftingComponent:0, Chronosteel Ingot
TardisMod:item.TardisMod.CraftingComponent:1, Dalekanium Ingot
TardisMod:item.TardisMod.CraftingComponent:2, Kontron Crystal
TardisMod:item.TardisMod.CraftingComponent:3, Upgrade Template
TardisMod:item.TardisMod.ManualItem, Handheld Manual
TardisMod:item.TardisMod.UpgradeItem:0, Broken Upgrade
TardisMod:item.TardisMod.UpgradeItem:1, Upgrade - Explosion Protection
TardisMod:item.TardisMod.UpgradeItem:2, Upgrade - Combat Protection
TardisMod:item.TardisMod.UpgradeItem:3, Upgrade - Missed Control Protection
TardisMod:item.TardisMod.UpgradeItem:4, Upgrade - Speed Level
TardisMod:item.TardisMod.UpgradeItem:5, Upgrade - Shield Level
TardisMod:item.TardisMod.UpgradeItem:6, Upgrade - Max Rooms Level
TardisMod:item.TardisMod.UpgradeItem:7, Upgrade - Energy Level
TardisMod:item.TardisMod.UpgradeItem:8, Upgrade - Energy Regen Level
TardisMod:item.TardisMod.NameTag, Temporal Name Tag
TardisMod:item.TardisMod.Decorator, TARDIS Decorator
TardisMod:item.TardisMod.ChameleonUpgrade:0, Upgrade - Chameleon Circuit
thebetweenlands:testItem, Test Item
thebetweenlands:testItem2, Test Item 2
thebetweenlands:swampTalisman:0, Swamp Talisman
thebetweenlands:swampTalisman:1, Swamp Talisman Piece
thebetweenlands:swampTalisman:2, Swamp Talisman Piece
thebetweenlands:swampTalisman:3, Swamp Talisman Piece
thebetweenlands:swampTalisman:4, Swamp Talisman Piece
thebetweenlands:unknownGeneric:3, Crimson Snail Shell
thebetweenlands:unknownGeneric:4, Ochre Snail Shell
thebetweenlands:unknownGeneric:5, Compost
thebetweenlands:unknownGeneric:6, Dragonfly Wing
thebetweenlands:unknownGeneric:7, Lurker Skin
thebetweenlands:unknownGeneric:8, Swamp Reed
thebetweenlands:unknownGeneric:9, Dried Swamp Reed
thebetweenlands:unknownGeneric:10, Reed Rope
thebetweenlands:unknownGeneric:11, Tangled Root
thebetweenlands:unknownGeneric:12, Plant Tonic
thebetweenlands:unknownGeneric:13, Mud Brick
thebetweenlands:unknownGeneric:14, Syrmorite Ingot
thebetweenlands:unknownGeneric:15, Octine Ingot
thebetweenlands:unknownGeneric:16, Dry Bark
thebetweenlands:unknownGeneric:17, Slimy Bone
thebetweenlands:unknownGeneric:18, Sludge Ball
thebetweenlands:unknownGeneric:19, Snapper Root
thebetweenlands:unknownGeneric:20, Stalker Eye
thebetweenlands:unknownGeneric:21, Sulfur
thebetweenlands:unknownGeneric:22, Valonite Shard
thebetweenlands:unknownGeneric:23, Weedwood Stick
thebetweenlands:unknownGeneric:24, Angler Tooth
thebetweenlands:unknownGeneric:25, Weedwood Bowl
thebetweenlands:unknownGeneric:26, Solid Rubber
thebetweenlands:unknownGeneric:27, Tar Beast Heart
thebetweenlands:unknownGeneric:28, Animated Tar Beast Heart
thebetweenlands:unknownGeneric:29, Tar Drip
thebetweenlands:unknownGeneric:30, Limestone Flux
thebetweenlands:unknownGeneric:31, Swamp Kelp
thebetweenlands:unknownGeneric:32, Inanimate Tarminion
thebetweenlands:unknownGeneric:33, Poison Gland
thebetweenlands:unknownGeneric:34, Aspectrus Fruit
thebetweenlands:unknownGeneric:35, Amate Paper
thebetweenlands:unknownGeneric:36, Shockwave Sword Piece
thebetweenlands:unknownGeneric:37, Shockwave Sword Piece
thebetweenlands:unknownGeneric:38, Shockwave Sword Piece
thebetweenlands:unknownGeneric:39, Shockwave Sword Piece
thebetweenlands:unknownGeneric:40, Pyrad Flame
thebetweenlands:unknownGeneric:41, Amulet Socket
thebetweenlands:unknownGeneric:42, Scabyst
thebetweenlands:groundStuff:0, Ground Leaf
thebetweenlands:groundStuff:1, Ground Cattail
thebetweenlands:groundStuff:2, Ground Swamp Tallgrass
thebetweenlands:groundStuff:3, Ground Shoots
thebetweenlands:groundStuff:4, Ground Arrow Arum
thebetweenlands:groundStuff:5, Ground Button Bush
thebetweenlands:groundStuff:6, Ground Marsh Hibiscus
thebetweenlands:groundStuff:7, Ground Pickerel Weed
thebetweenlands:groundStuff:8, Ground Soft Rush
thebetweenlands:groundStuff:9, Ground Marsh Mallow
thebetweenlands:groundStuff:10, Ground Milkweed
thebetweenlands:groundStuff:11, Ground Blue Iris
thebetweenlands:groundStuff:12, Ground Copper Iris
thebetweenlands:groundStuff:13, Ground Blue Eyed Grass
thebetweenlands:groundStuff:14, Ground Boneset
thebetweenlands:groundStuff:15, Ground Bottle Brush Grass
thebetweenlands:groundStuff:16, Ground Weedwood Bark
thebetweenlands:groundStuff:17, Ground Dried Swamp Reed
thebetweenlands:groundStuff:18, Ground Algae
thebetweenlands:groundStuff:19, Ground Angler Tooth
thebetweenlands:groundStuff:20, Ground Black Hat Mushroom
thebetweenlands:groundStuff:21, Ground Blood Snail Shell
thebetweenlands:groundStuff:22, Ground Bog Bean
thebetweenlands:groundStuff:23, Ground Broom Sedge
thebetweenlands:groundStuff:24, Ground Bulb Capped Mushroom
thebetweenlands:groundStuff:25, Ground Cardinal Flower
thebetweenlands:groundStuff:26, Ground Cave Grass
thebetweenlands:groundStuff:27, Ground Cave Moss
thebetweenlands:groundStuff:28, Ground Crimson Middle Gem
thebetweenlands:groundStuff:29, Ground Deep Water Coral
thebetweenlands:groundStuff:30, Ground Flathead Mushroom
thebetweenlands:groundStuff:31, Ground Golden Club
thebetweenlands:groundStuff:32, Ground Green Middle Gem
thebetweenlands:groundStuff:33, Ground Hanger
thebetweenlands:groundStuff:34, Ground Lichen
thebetweenlands:groundStuff:35, Ground Marsh Marigold
thebetweenlands:groundStuff:36, Ground Mire Coral
thebetweenlands:groundStuff:37, Ground Mire Snail Shell
thebetweenlands:groundStuff:38, Ground Moss
thebetweenlands:groundStuff:39, Ground Nettle
thebetweenlands:groundStuff:40, Ground Phragmites
thebetweenlands:groundStuff:41, Ground Sludgecreep
thebetweenlands:groundStuff:42, Ground Sundew
thebetweenlands:groundStuff:43, Ground Swamp Kelp
thebetweenlands:groundStuff:44, Ground Tangled Root
thebetweenlands:groundStuff:45, Ground Aqua Middle Gem
thebetweenlands:groundStuff:46, Ground Pitcher Plant
thebetweenlands:groundStuff:47, Ground Water Weeds
thebetweenlands:groundStuff:48, Ground Venus Fly Trap
thebetweenlands:groundStuff:49, Ground Volarpad
thebetweenlands:groundStuff:50, Ground Thorns
thebetweenlands:groundStuff:51, Ground Poison Ivy
thebetweenlands:groundStuff:52, Ground Bladderwort Stalk
thebetweenlands:groundStuff:53, Ground Bladderwort Flower
thebetweenlands:plantDrop:0, Leaf
thebetweenlands:plantDrop:1, Algae Clump
thebetweenlands:plantDrop:2, Arrow Arum Leaf
thebetweenlands:plantDrop:3, Blue Eyed Grass Flowers
thebetweenlands:plantDrop:4, Blue Iris Petals
thebetweenlands:plantDrop:5, Mire Coral
thebetweenlands:plantDrop:6, Deep Water Coral
thebetweenlands:plantDrop:7, Bog Bean Flower
thebetweenlands:plantDrop:8, Boneset Flowers
thebetweenlands:plantDrop:9, Bottle Brush Grass Blades
thebetweenlands:plantDrop:10, Broom Sedge Leaves
thebetweenlands:plantDrop:11, Button Bush Flowers
thebetweenlands:plantDrop:12, Cardinal Flower Petals
thebetweenlands:plantDrop:13, Cattail Head
thebetweenlands:plantDrop:14, Cave Grass Blades
thebetweenlands:plantDrop:15, Copper Iris Petals
thebetweenlands:plantDrop:16, Golden Club Flowers
thebetweenlands:plantDrop:17, Lichen Clump
thebetweenlands:plantDrop:18, Marsh Hibiscus Flower
thebetweenlands:plantDrop:19, Marsh Mallow Flower
thebetweenlands:plantDrop:20, Marsh Marigold Flower
thebetweenlands:plantDrop:21, Nettle Leaf
thebetweenlands:plantDrop:22, Phragmite Stems
thebetweenlands:plantDrop:23, Pickerel Weed Flower
thebetweenlands:plantDrop:24, Shoots
thebetweenlands:plantDrop:25, Sludgecreep Leaves
thebetweenlands:plantDrop:26, Soft Rush Leaves
thebetweenlands:plantDrop:27, Sundew Head
thebetweenlands:plantDrop:28, Swamp Tallgrass Blades
thebetweenlands:plantDrop:29, Cave Moss Clump
thebetweenlands:plantDrop:30, Moss
thebetweenlands:plantDrop:31, Milkweed Flower
thebetweenlands:plantDrop:32, Hanger
thebetweenlands:plantDrop:33, Pitcher Plant Trap
thebetweenlands:plantDrop:34, Water Weeds
thebetweenlands:plantDrop:35, Venus Fly Trap Head
thebetweenlands:plantDrop:36, Volarpad Leaf
thebetweenlands:plantDrop:37, Thorn Branch
thebetweenlands:plantDrop:38, Poison Ivy Leaves
thebetweenlands:plantDrop:39, Bladderwort Stalk
thebetweenlands:plantDrop:40, Bladderwort Flower
thebetweenlands:lifeCrystal, Life Crystal
thebetweenlands:weedwoodSword, Weedwood Sword
thebetweenlands:weedwoodPickaxe, Weedwood Pickaxe
thebetweenlands:weedwoodAxe, Weedwood Axe
thebetweenlands:weedwoodShovel, Weedwood Shovel
thebetweenlands:weedwoodBow, Weedwood Bow
thebetweenlands:anglerToothArrow, Angler Tooth Arrow
thebetweenlands:poisonedAnglerToothArrow, Poison Angler Tooth Arrow
thebetweenlands:octineArrow, Octine Arrow
thebetweenlands:basiliskArrow, Basilisk Arrow
thebetweenlands:betweenstoneSword, Bone Sword
thebetweenlands:betweenstonePickaxe, Bone Pickaxe
thebetweenlands:betweenstoneAxe, Bone Axe
thebetweenlands:betweenstoneShovel, Bone Shovel
thebetweenlands:octineSword, Octine Sword
thebetweenlands:octinePickaxe, Octine Pickaxe
thebetweenlands:octineAxe, Octine Axe
thebetweenlands:octineShovel, Octine Shovel
thebetweenlands:valoniteSword, Valonite Sword
thebetweenlands:valonitePickaxe, Valonite Pickaxe
thebetweenlands:valoniteAxe, Valonite Axe
thebetweenlands:valoniteShovel, Valonite Shovel
thebetweenlands:weedwoodBucket, Weedwood Bucket
thebetweenlands:weedwoodBucketTar, Weedwood Tar Bucket
thebetweenlands:weedwoodBucketWater, Weedwood Water Bucket
thebetweenlands:weedwoodBucketStagnantWater, Weedwood Stagnant Water Bucket
thebetweenlands:legendarySword, Legendary Sword
thebetweenlands:sickle, Sickle
thebetweenlands:syrmoriteShears, Syrmorite Shears
thebetweenlands:net, Net
thebetweenlands:shockwaveSword, Shockwave Sword
thebetweenlands:aquaMiddleGem, Aqua Middle Gem
thebetweenlands:crimsonMiddleGem, Crimson Middle Gem
thebetweenlands:greenMiddleGem, Green Middle Gem
thebetweenlands:lurkerSkinHelmet, Lurker Skin Helmet
thebetweenlands:lurkerSkinChestplate, Lurker Skin Chestplate
thebetweenlands:lurkerSkinLeggings, Lurker Skin Leggings
thebetweenlands:lurkerSkinBoots, Lurker Skin Boots
thebetweenlands:boneHelmet, Bone Helmet
thebetweenlands:boneChestplate, Bone Chestplate
thebetweenlands:boneLeggings, Bone Leggings
thebetweenlands:boneBoots, Bone Boots
thebetweenlands:syrmoriteHelmet, Syrmorite Helmet
thebetweenlands:syrmoriteChestplate, Syrmorite Chestplate
thebetweenlands:syrmoriteLeggings, Syrmorite Leggings
thebetweenlands:syrmoriteBoots, Syrmorite Boots
thebetweenlands:legendaryHelmet, Legendary Helmet
thebetweenlands:legendaryChestplate, Legendary Chestplate
thebetweenlands:legendaryLeggings, Legendary Leggings
thebetweenlands:legendaryBoots, Legendary Boots
thebetweenlands:valoniteHelmet, Valonite Helmet
thebetweenlands:valoniteChestplate, Valonite Chestplate
thebetweenlands:valoniteLeggings, Valonite Leggings
thebetweenlands:valoniteBoots, Valonite Boots
thebetweenlands:rubberBoots, Rubber Boots
thebetweenlands:rubberBootsImproved, Boots of the Marsh Runner
thebetweenlands:monsterPlacer:0, Spawn Dark Druid
thebetweenlands:monsterPlacer:1, Spawn Angler
thebetweenlands:monsterPlacer:2, Spawn Sludge
thebetweenlands:monsterPlacer:3, Spawn Swamp Hag
thebetweenlands:monsterPlacer:4, Spawn Tar Beast
thebetweenlands:monsterPlacer:5, Spawn Wight
thebetweenlands:monsterPlacer:6, Spawn Fire Fly
thebetweenlands:monsterPlacer:7, Spawn Sporeling
thebetweenlands:monsterPlacer:8, Spawn Leech
thebetweenlands:monsterPlacer:9, Spawn Dragonfly
thebetweenlands:monsterPlacer:10, Spawn Blood Snail
thebetweenlands:monsterPlacer:11, Spawn Mire Snail
thebetweenlands:monsterPlacer:15, Spawn Silt Crab
thebetweenlands:monsterPlacer:17, Spawn Lurker
thebetweenlands:monsterPlacer:19, Spawn Gecko
thebetweenlands:monsterPlacer:20, Spawn Termite
thebetweenlands:monsterPlacer:21, Spawn Harlequin Toad
thebetweenlands:monsterPlacer:24, Spawn Blind Cave Fish
thebetweenlands:monsterPlacer:25, Spawn Tar Minion
thebetweenlands:monsterPlacer:28, Spawn Peat Mummy
thebetweenlands:monsterPlacer:31, Spawn Dreadful Peat Mummy
thebetweenlands:monsterPlacer:36, Spawn Primordial Malevolence
thebetweenlands:monsterPlacer:41, Spawn Chiromaw
thebetweenlands:monsterPlacer:42, Spawn Pyrad
thebetweenlands:monsterPlacer:49, Spawn Frog
thebetweenlands:monsterPlacer:50, Spawn Gas Cloud
thebetweenlands:sapBall, Ball of Sap
thebetweenlands:rottenFood, Rotten Food
thebetweenlands:middleFruitSeeds, Purple Pear Bush Seeds
thebetweenlands:spores, Spores
thebetweenlands:aspectrusSeeds, Aspectrus Seeds
thebetweenlands:anglerMeatRaw, Raw Angler Meat
thebetweenlands:anglerMeatCooked, Angler Meat Steak
thebetweenlands:frogLegsRaw, Raw Frog's Leg
thebetweenlands:frogLegsCooked, Fried Frog's Leg
thebetweenlands:snailFleshRaw, Raw Snail Flesh
thebetweenlands:snailFleshCooked, Seared Snail Flesh
thebetweenlands:reedDonut, Reed Donut
thebetweenlands:jamDonut, Jam Donut
thebetweenlands:gertsDonut, Gert's Donut
thebetweenlands:krakenTentacle, Kraken Tentacle
thebetweenlands:krakenCalamari, Kraken Calamari
thebetweenlands:middleFruit, Purple Pear
thebetweenlands:mincePie, Mince Pie
thebetweenlands:weepingBluePetal, Weeping Blue Petal
thebetweenlands:wightHeart, Wight's Heart
thebetweenlands:yellowDottedFungus, Yellow Dotted Fungus
thebetweenlands:siltCrabClaw, Silt Crab Claw
thebetweenlands:crabstick, Crabstick
thebetweenlands:nettleSoup, Nettle Soup
thebetweenlands:sludgeJello, Sludge Jello
thebetweenlands:middleFruitJello, Purple Pear Jello
thebetweenlands:sapJello, Sap Jello
thebetweenlands:marshmallow, Green Marshmallow
thebetweenlands:marshmallowPink, Pink Marshmallow
thebetweenlands:flatheadMushroomItem, Flathead Mushroom
thebetweenlands:blackHatMushroomItem, Black Hat Mushroom
thebetweenlands:bulbCappedMushroomItem, Bulb-Capped Mushrooms
thebetweenlands:friedSwampKelp, Fried Swamp Kelp
thebetweenlands:forbiddenFig, Forbidden Fig
thebetweenlands:candyBlue, Blue Candy
thebetweenlands:candyRed, Red Candy
thebetweenlands:candyYellow, Yellow Candy
thebetweenlands:chiromawWing, Chiromaw Wing
thebetweenlands:door_weedwood, Weedwood Door
thebetweenlands:door_rubber, Rubber Tree Plank Door
thebetweenlands:door_syrmorite, Symorite Door
thebetweenlands:shimmerStone, Shimmerstone
thebetweenlands:angryPebble, Angry Pebble
thebetweenlands:itemScroll, Item Scroll
thebetweenlands:bucketOfRubber, Bucket of Liquid Rubber
thebetweenlands:mummyBait, Mummy Bait
thebetweenlands:taintedPotion, Tainted Potion
thebetweenlands:mudFlowerPotItem, Mud Brick Flower Pot
thebetweenlands:pestle, Pestle
thebetweenlands:weedwoodBucketInfusion, Weedwood Infusion Bucket
thebetweenlands:manual, Guide Book (WIP)
thebetweenlands:manualHL, Herblore Book
thebetweenlands:tarminion, Tar Minion
thebetweenlands:volarkite, Volarkite
thebetweenlands:weedwoodRowboat, Weedwood Rowboat
thebetweenlands:itemRope, Tough Climbing Rope
thebetweenlands:fireFly, Fire Fly
thebetweenlands:gecko, Gecko
thebetweenlands:cavingRope, Caving Rope
thebetweenlands:weedwoodSign, Weedwood Sign
thebetweenlands:mossBedItem, Moss Bed
thebetweenlands:amulet:0, Crimson Middle Gem Amulet
thebetweenlands:amulet:0, Green Middle Gem Amulet
thebetweenlands:amulet:0, Aqua Middle Gem Amulet
thebetweenlands:amulet:0, Empty Amulet
thebetweenlands:amuletSlot, Amulet Slot
thebetweenlands:lurkerSkinPouch, Lurker Skin Pouch
thebetweenlands:voodooDoll, Voodoo Doll
thebetweenlands:explorerHat, Explorer's Hat
thebetweenlands:swiftPickaxe, Swift Pickaxe
thebetweenlands:wightsBane, Wight's Bane
thebetweenlands:sludgeSlicer, Sludge Lance
thebetweenlands:critterCruncher, Critter Cruncher
thebetweenlands:hagHacker, Hag Slayer
thebetweenlands:lore, Invalid Lore Item
thebetweenlands:skullMask, Skull Mask
thebetweenlands:recordAstatos, Legendary Disc
thebetweenlands:recordBetweenYouAndMe, Tribeman's Disc
thebetweenlands:recordChristmasOnTheMarsh, Frosty Disc
thebetweenlands:recordTheExplorer, Explorer's Disc
thebetweenlands:recordHagDance, Music Disc
thebetweenlands:recordLonelyFire, Music Disc
thebetweenlands:record16612, Mysterious Disc
thebetweenlands:recordAncient, Temple Disc
thebetweenlands:recordBeneathAGreenSky, Music Disc
thebetweenlands:recordDJWightsMixtape, DJ Wight's Hot New Mixtape
thebetweenlands:recordOnwards, Music Disc
thebetweenlands:recordStuckInTheMud, Music Disc
thebetweenlands:recordWanderingWisps, Music Disc
thebetweenlands:recordWaterlogged, Music Disc
thebetweenlands:elixir:0, Elixir of Strength
thebetweenlands:elixir:1, Elixir of Strength
thebetweenlands:elixir:2, Nimblefeet Elixir
thebetweenlands:elixir:3, Nimblefeet Elixir
thebetweenlands:elixir:4, Elixir of Healing
thebetweenlands:elixir:5, Elixir of Healing
thebetweenlands:elixir:6, Elixir of Ripening
thebetweenlands:elixir:7, Elixir of Ripening
thebetweenlands:elixir:8, Toughskin Elixir
thebetweenlands:elixir:9, Toughskin Elixir
thebetweenlands:elixir:10, Elixir of Feasting
thebetweenlands:elixir:11, Elixir of Feasting
thebetweenlands:elixir:12, Hunter's Sense Brew
thebetweenlands:elixir:13, Hunter's Sense Brew
thebetweenlands:elixir:14, Masking Brew
thebetweenlands:elixir:15, Masking Brew
thebetweenlands:elixir:16, Swiftarm Brew
thebetweenlands:elixir:17, Swiftarm Brew
thebetweenlands:elixir:18, Brew of the Cat's Eye
thebetweenlands:elixir:19, Brew of the Cat's Eye
thebetweenlands:elixir:20, Draught of Sagittarius
thebetweenlands:elixir:21, Draught of Sagittarius
thebetweenlands:elixir:22, Spiderbreed Draught
thebetweenlands:elixir:23, Spiderbreed Draught
thebetweenlands:elixir:24, Lightweight Draught
thebetweenlands:elixir:25, Lightweight Draught
thebetweenlands:elixir:26, Draught of the Unclouded
thebetweenlands:elixir:27, Draught of the Unclouded
thebetweenlands:elixir:28, Shapeshifter's draught of Gillsgrowth
thebetweenlands:elixir:29, Shapeshifter's draught of Gillsgrowth
thebetweenlands:elixir:30, Shapeshifter's draught of Wings
thebetweenlands:elixir:31, Shapeshifter's draught of Wings
thebetweenlands:elixir:32, Hunter's Sense Masterbrew
thebetweenlands:elixir:33, Hunter's Sense Masterbrew
thebetweenlands:elixir:34, Elixir of Weakness
thebetweenlands:elixir:35, Elixir of Weakness
thebetweenlands:elixir:36, Lumbering Elixir
thebetweenlands:elixir:37, Lumbering Elixir
thebetweenlands:elixir:38, Elixir of Draining
thebetweenlands:elixir:39, Elixir of Draining
thebetweenlands:elixir:40, Elixir of Decay
thebetweenlands:elixir:41, Elixir of Decay
thebetweenlands:elixir:42, Poisonsting Elixir
thebetweenlands:elixir:43, Poisonsting Elixir
thebetweenlands:elixir:44, Elixir of Starvation
thebetweenlands:elixir:45, Elixir of Starvation
thebetweenlands:elixir:46, Drunkard's Brew
thebetweenlands:elixir:47, Drunkard's Brew
thebetweenlands:elixir:48, Stenching Brew
thebetweenlands:elixir:49, Stenching Brew
thebetweenlands:elixir:50, Slugarm Brew
thebetweenlands:elixir:51, Slugarm Brew
thebetweenlands:elixir:52, Blindman's Brew
thebetweenlands:elixir:53, Blindman's Brew
thebetweenlands:elixir:54, Weakbow Draught
thebetweenlands:elixir:55, Weakbow Draught
thebetweenlands:elixir:56, Basilisk Draught
thebetweenlands:elixir:57, Basilisk Draught
thebetweenlands:elixir:58, Heavyweight Draught
thebetweenlands:elixir:59, Heavyweight Draught
thebetweenlands:elixir:60, Draught of the Fogged Mind
thebetweenlands:elixir:61, Draught of the Fogged Mind
thebetweenlands:elixir:62, Shapeshifter's draught of the Deformed
thebetweenlands:elixir:63, Shapeshifter's draught of the Deformed
thebetweenlands:elixir:64, Shapeshifter's draught of the Limbless
thebetweenlands:elixir:65, Shapeshifter's draught of the Limbless
thebetweenlands:elixir:66, Masterbrew of Isolated Senses
thebetweenlands:elixir:67, Masterbrew of Isolated Senses
thebetweenlands:elixir:68, Petrify
thebetweenlands:elixir:69, Petrify
thebetweenlands:dentrothystVial:0, Green Dentrothyst Vial
thebetweenlands:dentrothystVial:1, Dirty Dentrothyst Vial
thebetweenlands:dentrothystVial:2, Orange Dentrothyst Vial
thebetweenlands:aspectVial:0, Green Dentrothyst Aspect Vial
thebetweenlands:aspectVial:1, Orange Dentrothyst Aspect Vial
thebetweenlands:aspectVial:0, Green Dentrothyst Aspect Vial - Azuwynn (4)
thebetweenlands:aspectVial:1, Orange Dentrothyst Aspect Vial - Azuwynn (4)
thebetweenlands:aspectVial:0, Green Dentrothyst Aspect Vial - Armaniis (4)
thebetweenlands:aspectVial:1, Orange Dentrothyst Aspect Vial - Armaniis (4)
thebetweenlands:aspectVial:0, Green Dentrothyst Aspect Vial - Byariis (4)
thebetweenlands:aspectVial:1, Orange Dentrothyst Aspect Vial - Byariis (4)
thebetweenlands:aspectVial:0, Green Dentrothyst Aspect Vial - Byrginaz (4)
thebetweenlands:aspectVial:1, Orange Dentrothyst Aspect Vial - Byrginaz (4)
thebetweenlands:aspectVial:0, Green Dentrothyst Aspect Vial - Celawynn (4)
thebetweenlands:aspectVial:1, Orange Dentrothyst Aspect Vial - Celawynn (4)
thebetweenlands:aspectVial:0, Green Dentrothyst Aspect Vial - Dayuniis (4)
thebetweenlands:aspectVial:1, Orange Dentrothyst Aspect Vial - Dayuniis (4)
thebetweenlands:aspectVial:0, Green Dentrothyst Aspect Vial - Fergalaz (4)
thebetweenlands:aspectVial:1, Orange Dentrothyst Aspect Vial - Fergalaz (4)
thebetweenlands:aspectVial:0, Green Dentrothyst Aspect Vial - Firnalaz (4)
thebetweenlands:aspectVial:1, Orange Dentrothyst Aspect Vial - Firnalaz (4)
thebetweenlands:aspectVial:0, Green Dentrothyst Aspect Vial - Freiwynn (4)
thebetweenlands:aspectVial:1, Orange Dentrothyst Aspect Vial - Freiwynn (4)
thebetweenlands:aspectVial:0, Green Dentrothyst Aspect Vial - Geoliirgaz (4)
thebetweenlands:aspectVial:1, Orange Dentrothyst Aspect Vial - Geoliirgaz (4)
thebetweenlands:aspectVial:0, Green Dentrothyst Aspect Vial - Ordaniis (4)
thebetweenlands:aspectVial:1, Orange Dentrothyst Aspect Vial - Ordaniis (4)
thebetweenlands:aspectVial:0, Green Dentrothyst Aspect Vial - Yeowynn (4)
thebetweenlands:aspectVial:1, Orange Dentrothyst Aspect Vial - Yeowynn (4)
thebetweenlands:aspectVial:0, Green Dentrothyst Aspect Vial - Yunugaz (4)
thebetweenlands:aspectVial:1, Orange Dentrothyst Aspect Vial - Yunugaz (4)
thebetweenlands:aspectVial:0, Green Dentrothyst Aspect Vial - Yihinren (4)
thebetweenlands:aspectVial:1, Orange Dentrothyst Aspect Vial - Yihinren (4)
thebetweenlands:ringOfPower, Ring of Power
thebetweenlands:ringOfRecruitment, Ring of Recruitment
thebetweenlands:ringOfFlight, Ring of Ascent
thebetweenlands:ringOfSummoning, Ring of Summoning
erebus:wand_of_preservation, Wand of Preservation
erebus:portalActivator, Staff of Gaea
erebus:materials:0, Exoskeleton Plate
erebus:materials:1, Jade
erebus:materials:2, Bone Shard
erebus:materials:3, Bamboo
erebus:materials:4, Compound Eyes
erebus:materials:5, Compound Goggle Lens
erebus:materials:6, Fly Wing
erebus:materials:7, Petrified Wood
erebus:materials:8, Bio-Velocity
erebus:materials:9, Elastic Fibre
erebus:materials:10, Wasp Sting
erebus:materials:11, Bamboo Shoot
erebus:materials:12, Redgem
erebus:materials:13, Bioluminescence
erebus:materials:14, Supernatural Velocity
erebus:materials:15, Altar Fragment
erebus:materials:16, Reinforced Exoskeleton Plate
erebus:materials:17, Glider Wing
erebus:materials:18, Scorpion Pincer
erebus:materials:19, Camouflage Powder
erebus:materials:20, Nectar
erebus:materials:21, Honey Drip
erebus:materials:22, Poison Gland
erebus:materials:23, Mud Brick
erebus:materials:24, Whetstone Powder
erebus:materials:25, Dragonfly Wing
erebus:materials:26, Weeping Blue Bell Petal
erebus:materials:27, Papyrus
erebus:materials:28, Enhanced Glider Wing
erebus:materials:29, Repellent
erebus:materials:30, Mucus Charge
erebus:materials:31, Nettle Leaves
erebus:materials:32, Nettle Flowers
erebus:materials:33, Dark Fruit Seeds
erebus:materials:34, Moss Ball
erebus:materials:35, Glowshroom
erebus:materials:36, Rhino Beetle Plate
erebus:materials:37, Rhino Beetle Horn
erebus:materials:38, Ant Pheromones
erebus:materials:39, Gaean Gem
erebus:materials:40, Crimson Heart
erebus:materials:41, Tree Resin
erebus:materials:42, Amber Star
erebus:materials:43, Aluminium Ingot
erebus:materials:44, Copper Ingot
erebus:materials:45, Lead Ingot
erebus:materials:46, Silver Ingot
erebus:materials:47, Tin Ingot
erebus:materials:48, Gneiss Rock
erebus:materials:49, Mushroom Hide
erebus:materials:50, Beetle Riding Kit
erebus:materials:51, Beetle Amulet
erebus:materials:52, Umbergolem Torso
erebus:materials:53, Umbergolem Head
erebus:materials:54, Umbergolem Claw
erebus:materials:55, Umbergolem Legs
erebus:materials:56, Jadeberries
erebus:materials:57, Bog Maw Root
erebus:materials:58, Hydrofuge
erebus:materials:59, Water Repellent
erebus:materials:60, Empty Smoothie Glass
erebus:materials:61, Magma Crawler Eye
erebus:materials:62, Stew Pot
erebus:materials:63, Un-cooked Titan Stew
erebus:materials:64, Force Key (Unused WIP)
erebus:materials:65, Soul Crystal
erebus:materials:66, Zombie Ant Plate
erebus:materials:67, Stag Beetle Mandibles
erebus:materials:68, Terpsishroom
erebus:food:0, Beetle Larva
erebus:food:1, Cooked Beetle Larva
erebus:food:2, Grasshopper Leg
erebus:food:3, Cooked Grasshopper Leg
erebus:food:4, Tarantula Leg
erebus:food:5, Crispy Tarantula Leg
erebus:food:6, Bamboo Soup
erebus:food:7, Melonade
erebus:food:8, Sparkly Melonade
erebus:food:9, Larvae-on-a-Stick
erebus:food:10, Honey Sandwich
erebus:food:11, Dark Fruit
erebus:food:12, Raw Titan Chop
erebus:food:13, Cooked Titan Chop
erebus:food:14, Swampberries
erebus:food:15, Cabbage
erebus:food:16, Cooked Titan Stew
erebus:food:17, Raw Prickly Pair
erebus:food:18, Cooked Prickly Pair
erebus:smoothie:0, Green Tea Grasshopper Smoothie
erebus:smoothie:1, Money Honey Smoothie
erebus:smoothie:2, Nothing In The Middle Smoothie
erebus:smoothie:3, Green Giant Smoothie
erebus:smoothie:4, Seedy Goodness Smoothie
erebus:smoothie:5, Givin' Me The Blues Smoothie
erebus:smoothie:6, Hot Hot Baby Smoothie
erebus:smoothie:7, Don't Meddle With The Nettle Smoothie
erebus:smoothie:8, Liquid Gold Smoothie
erebus:smoothie:9, Bryuf's Brew Smoothie
erebus:heartBerries, Heartberries
erebus:lifeBlood, Life Blood
erebus:turnips, Turnips
erebus:sprayCan, Insect Repellent
erebus:wandOfAnimation, Wand Of Animation
erebus:hornOfSummoning, Horn of the Swarm
erebus:nectarCollector, Nectar Collector
erebus:beeTamingAmulet, Bee Pendant
erebus:homingBeecon, Homing Beecon
erebus:homingBeeconAdvanced, Advanced Homing Beecon
erebus:deathCompass, Block o' Bones Compass
erebus:cabbageSeeds, Cabbage Seeds
erebus:idols:0, Mud Scarab Idol
erebus:idols:1, Iron Scarab Idol
erebus:idols:2, Gold Scarab Idol
erebus:idols:3, Jade Scarab Idol
erebus:idols:4, Spawn Mud Idol Guardian
erebus:idols:5, Spawn Iron Idol Guardian
erebus:idols:6, Spawn Gold Idol Guardian
erebus:idols:7, Spawn Jade Idol Guardian
erebus:heart_stag_raw, Heart of the Stag
erebus:heart_stag_cooked, Roasted Heart of the Stag
erebus:flowerSeeds:0, Black Flower Bulb
erebus:flowerSeeds:1, Red Flower Bulb
erebus:flowerSeeds:2, Brown Flower Bulb
erebus:flowerSeeds:3, Blue Flower Bulb
erebus:flowerSeeds:4, Purple Flower Bulb
erebus:flowerSeeds:5, Cyan Flower Bulb
erebus:flowerSeeds:6, Light Gray Flower Bulb
erebus:flowerSeeds:7, Gray Flower Bulb
erebus:flowerSeeds:8, Pink Flower Bulb
erebus:flowerSeeds:9, Yellow Flower Bulb
erebus:flowerSeeds:10, Light Blue Flower Bulb
erebus:flowerSeeds:11, Magenta Flower Bulb
erebus:flowerSeeds:12, Orange Flower Bulb
erebus:flowerSeeds:13, White Flower Bulb
erebus:flowerSeeds:14, Rainbow Flower Bulb
erebus:whetstone:0, Whetstone
erebus:whetstone:1, Whetstone
erebus:whetstone:2, Whetstone
erebus:whetstone:3, Whetstone
erebus:whetstone:4, Whetstone
erebus:whetstone:5, Whetstone
erebus:encrustedDiamond, Encrusted Diamond
erebus:antTamingAmulet, Ant Medallion
erebus:compost, Compost
erebus:planticide, Herbicide
erebus:door_amber, item.erebus.door_amber.name
erebus:door_baobab, item.erebus.door_baobab.name
erebus:door_eucalyptus, item.erebus.door_eucalyptus.name
erebus:door_mahogany, item.erebus.door_mahogany.name
erebus:door_mossbark, item.erebus.door_mossbark.name
erebus:door_asper, item.erebus.door_asper.name
erebus:door_cypress, item.erebus.door_cypress.name
erebus:door_rotten, item.erebus.door_rotten.name
erebus:door_petrified, item.erebus.door_petrified.name
erebus:door_scorched, item.erebus.door_scorched.name
erebus:door_marshwood, item.erebus.door_marshwood.name
erebus:helmetJade, Jade Helmet
erebus:chestplateJade, Jade Chestplate
erebus:leggingsJade, Jade Leggings
erebus:bootsJade, Jade Boots
erebus:swordJade, Jade Sword
erebus:pickaxeJade, Jade Pickaxe
erebus:axeJade, Jade Axe
erebus:shovelJade, Jade Shovel
erebus:paxelJade, Jade Paxel
erebus:hoeJade, Jade Hoe
erebus:helmetExo, Exoskeleton Helmet
erebus:chestplateExo, Exoskeleton Chestplate
erebus:leggingsExo, Exoskeleton Leggings
erebus:bootsExo, Exoskeleton Boots
erebus:exoHelmetRein, Reinforced Exoskeleton Helmet
erebus:exoChestplateRein, Reinforced Exoskeleton Chestplate
erebus:exoLeggingsRein, Reinforced Exoskeleton Leggings
erebus:exoBootsRein, Reinforced Exoskeleton Boots
erebus:clubBone, Caveman's Club
erebus:waspSword, Wasp Sword
erebus:maxSpeedBow, Maximum Speed Bow
erebus:waspDagger, Wasp Dagger
erebus:scorpionPincer, Augmented Scorpion Pincer
erebus:webSlinger, Web Slinger
erebus:witherWebSlinger, Wither Web Slinger
erebus:blockExtractor, Block Extractor
erebus:woodlouseBall, Woodlouse Ball
erebus:rolledNewspaper, Rolled Up Newspaper
erebus:warHammer, Quake Hammer
erebus:reinCompoundGoggles, Reinforced Compound Goggles
erebus:compoundGoggles, Compound Goggles
erebus:sprintLeggings, Sprint Leggings
erebus:jumpBoots, Jump Boots
erebus:armorGlider, Glider Chestplate
erebus:armorGliderPowered, Glider Chestplate Powered
erebus:mushroomHelm, Mush Helm
erebus:spiderTShirt, Tarantula Boss Trophy
erebus:waterStriders, Water Striders
erebus:rhinoHelmet, Rhino Plate Helmet
erebus:rhinoChestplate, Rhino Plate Chestplate
erebus:rhinoLeggings, Rhino Plate Leggings
erebus:rhinoBoots, Rhino Plate Boots
erebus:monsterPlacer:0, Spawn Beetle Larva
erebus:monsterPlacer:1, Spawn Wasp
erebus:monsterPlacer:2, Spawn Centipede
erebus:monsterPlacer:3, Spawn Beetle
erebus:monsterPlacer:4, Spawn Fly
erebus:monsterPlacer:5, Spawn Mosquito
erebus:monsterPlacer:6, Spawn Tarantula
erebus:monsterPlacer:7, Spawn Bot Fly
erebus:monsterPlacer:8, Spawn Scorpion
erebus:monsterPlacer:9, Spawn Solifuge
erebus:monsterPlacer:10, Spawn Grasshopper
erebus:monsterPlacer:11, Spawn Locust
erebus:monsterPlacer:12, Spawn Moth
erebus:monsterPlacer:13, Spawn Rhinoceros Beetle
erebus:monsterPlacer:14, Spawn Antlion
erebus:monsterPlacer:15, Spawn Black Widow
erebus:monsterPlacer:16, Spawn Glowworm
erebus:monsterPlacer:17, Spawn Bombardier Beetle
erebus:monsterPlacer:18, Spawn Scytodes
erebus:monsterPlacer:19, Spawn Money Spider
erebus:monsterPlacer:20, Spawn Praying Mantis
erebus:monsterPlacer:21, Spawn Jumping Spider
erebus:monsterPlacer:22, Spawn Fire Ant
erebus:monsterPlacer:23, Spawn Worker Bee
erebus:monsterPlacer:24, Spawn Velvet Worm
erebus:monsterPlacer:25, Spawn Dragonfly
erebus:monsterPlacer:26, Spawn Snail
erebus:monsterPlacer:27, Spawn Titan Beetle
erebus:monsterPlacer:29, Spawn Crushling
erebus:monsterPlacer:30, Spawn Crop Weevil
erebus:monsterPlacer:31, Spawn Woodlouse
erebus:monsterPlacer:32, Spawn Cicada
erebus:monsterPlacer:33, Spawn Fire Ant Soldier
erebus:monsterPlacer:34, Spawn Lava Web Spider
erebus:monsterPlacer:35, Spawn Antlion Trove Guardian
erebus:monsterPlacer:36, Spawn Chameleon Tick
erebus:monsterPlacer:38, Spawn Midge Swarm
erebus:monsterPlacer:39, Spawn Punchroom
erebus:monsterPlacer:40, Spawn Crushroom
erebus:monsterPlacer:41, Spawn Black Ant
erebus:monsterPlacer:42, Spawn Zombie Ant
erebus:monsterPlacer:43, Spawn Tarantula Brood Mother
erebus:monsterPlacer:44, Spawn Tarantula Baby
erebus:monsterPlacer:45, Spawn Pond Skater
erebus:monsterPlacer:46, Spawn Leech
erebus:monsterPlacer:47, Spawn Bog Maw
erebus:monsterPlacer:48, Spawn Swamp Wisp
erebus:monsterPlacer:49, Spawn Magma Crawler
erebus:monsterPlacer:57, Spawn Antlion Overlord
erebus:monsterPlacer:58, Spawn Honey Pot Ant
erebus:monsterPlacer:59, Spawn Bombardier Beetle Larva
erebus:monsterPlacer:60, Spawn Zombie Ant Soldier
erebus:monsterPlacer:62, Spawn Stag Beetle
erebus:bambucket, Bambucket
erebus:bambucketWater, Water Bambucket
erebus:bambucketHoney, Honey Bambucket
erebus:bambucketBeetleJuice:0, Beetle Juice Bambucket
erebus:bambucketAntiVenom:0, Anti-Venom Bambucket
erebus:bambucketMilk:0, Milk Bambucket
erebus:bambucketFormicAcid, Formic Acid Bambucket (Unused WIP)
erebus:bucketAntiVenom, Anti-Venom Bucket
erebus:bucketBeetleJuice, Beetle Juice Bucket
erebus:bucketHoney, Bucket Of Honey
erebus:bucketFormicAcid, Formic Acid Bucket (Unused WIP)
erebus:bottleAntiVenom, Anti-Venom Bottle
tropicraft:frogLeg, Frog Leg
tropicraft:cookedFrogLeg, Cooked Frog Leg
tropicraft:poisonFrogSkin, Poison Frog Skin
tropicraft:freshMarlin, Fresh Marlin
tropicraft:searedMarlin, Seared Marlin
tropicraft:grapefruit, Grapefruit
tropicraft:lemon, Lemon
tropicraft:lime, Lime
tropicraft:orange, Orange
tropicraft:scale, Iguana Scale
tropicraft:coconutChunk, Coconut Chunk
tropicraft:pineappleCubes, Pineapple Cubes
tropicraft:bambooStick, Bamboo Stick
tropicraft:seaUrchinRoe, Sea Urchin Roe
tropicraft:pearl:0, Solo Pearl
tropicraft:pearl:1, Pearl of Razzle
tropicraft:ore:0, Eudialyte Shard
tropicraft:ore:1, Zircon Crystal
tropicraft:ore:2, Azurite Crystal
tropicraft:ore:3, Zirconium Crystal
tropicraft:ore:4, Smelted Zircon Crystal
tropicraft:ore:5, Unrefined Mineral Sands
tropicraft:ore:5, Unrefined Mineral Sands
tropicraft:ore:5, Unrefined Mineral Sands
tropicraft:ore:6, Raftous Ore
tropicraft:ore:7, Raftous Ore
tropicraft:waterWand, Water Wand
tropicraft:fishingNet, Fishing Net
tropicraft:coffeeBean:0, Coffee Berry
tropicraft:coffeeBean:1, Roasted Coffee Bean
tropicraft:coffeeBean:2, Raw Coffee Bean
tropicraft:scaleBoots, Scale Boots
tropicraft:scaleLeggings, Scale Leggings
tropicraft:scaleChestplate, Scale Chestplate
tropicraft:scaleHelmet, Scale Helmet
tropicraft:fireBoots, Fire Boots
tropicraft:fireLeggings, Fire Leggings
tropicraft:fireChestplate, Fire Chestplate
tropicraft:fireHelmet, Fire Helmet
tropicraft:axeEudialyte, Eudialyte Axe
tropicraft:hoeEudialyte, Eudialyte Hoe
tropicraft:pickaxeEudialyte, Eudialyte Pickaxe
tropicraft:shovelEudialyte, Eudialyte Shovel
tropicraft:swordEudialyte, Eudialyte Sword
tropicraft:axeZircon, Zircon Axe
tropicraft:hoeZircon, Zircon Hoe
tropicraft:pickaxeZircon, Zircon Pickaxe
tropicraft:shovelZircon, Zircon Shovel
tropicraft:swordZircon, Zircon Spear
tropicraft:tikiTorch, Tiki Torch
tropicraft:bambooDoor, Bamboo Door
tropicraft:bucketTropicsWater, item.bucketTropicsWater.name
tropicraft:chair:0, Black Beach Chair
tropicraft:chair:1, Red Beach Chair
tropicraft:chair:2, Green Beach Chair
tropicraft:chair:3, Brown Beach Chair
tropicraft:chair:4, Blue Beach Chair
tropicraft:chair:5, Purple Beach Chair
tropicraft:chair:6, Cyan Beach Chair
tropicraft:chair:7, Silver Beach Chair
tropicraft:chair:8, Gray Beach Chair
tropicraft:chair:9, Pink Beach Chair
tropicraft:chair:10, Lime Beach Chair
tropicraft:chair:11, Yellow Beach Chair
tropicraft:chair:12, Light Blue Beach Chair
tropicraft:chair:13, Magenta Beach Chair
tropicraft:chair:14, Orange Beach Chair
tropicraft:chair:15, White Beach Chair
tropicraft:umbrella:0, Black Beach Umbrella
tropicraft:umbrella:1, Red Beach Umbrella
tropicraft:umbrella:2, Green Beach Umbrella
tropicraft:umbrella:3, Brown Beach Umbrella
tropicraft:umbrella:4, Blue Beach Umbrella
tropicraft:umbrella:5, Purple Beach Umbrella
tropicraft:umbrella:6, Cyan Beach Umbrella
tropicraft:umbrella:7, Silver Beach Umbrella
tropicraft:umbrella:8, Gray Beach Umbrella
tropicraft:umbrella:9, Pink Beach Umbrella
tropicraft:umbrella:10, Lime Beach Umbrella
tropicraft:umbrella:11, Yellow Beach Umbrella
tropicraft:umbrella:12, Light Blue Beach Umbrella
tropicraft:umbrella:13, Magenta Beach Umbrella
tropicraft:umbrella:14, Orange Beach Umbrella
tropicraft:umbrella:15, White Beach Umbrella
tropicraft:flowerPot, Flower Pot
tropicraft:fertilizer, Tropics Fertilizer
tropicraft:curare:0, Curare
tropicraft:curare:1, Curare
tropicraft:curare:2, Curare
tropicraft:curare:3, Curare
tropicraft:curare:4, Curare
tropicraft:curare:5, Curare
tropicraft:curare:6, Curare
tropicraft:dart:0, Dart
tropicraft:dart:1, Dart
tropicraft:dart:2, Dart
tropicraft:dart:3, Dart
tropicraft:dart:4, Dart
tropicraft:dart:5, Dart
tropicraft:dart:6, Dart
tropicraft:blowGun, Empty Blow Gun
tropicraft:axeZirconium, Zirconium Axe
tropicraft:hoeZirconium, Zirconium Hoe
tropicraft:pickaxeZirconium, Zirconium Pickaxe
tropicraft:shovelZirconium, Zirconium Shovel
tropicraft:swordZirconium, Zirconium Spear
tropicraft:shell:0, Solonox Shell
tropicraft:shell:1, Frox Conch
tropicraft:shell:2, Pab Shell
tropicraft:shell:3, Rube Nautilus
tropicraft:shell:4, Starfish Shell
tropicraft:shell:5, Turtle Shell
tropicraft:bambooSpear, Bamboo Spear
tropicraft:coconutBomb, Coconut Bomb
tropicraft:bambooChute, Bamboo Chute
tropicraft:snorkel, Snorkel
tropicraft:flippers, Flippers
tropicraft:dagger, Dagger
tropicraft:fishingRodTropical, item.fishingRodTropical.name
tropicraft:record_buriedtreasure, Buried Treasure
tropicraft:record_easternisles, Eastern Isles
tropicraft:record_lowtide, Low Tide
tropicraft:record_summering, Summering
tropicraft:record_thetribe, The Tribe
tropicraft:record_tradewinds, Trade Winds
tropicraft:portalEnchanter, Portal Enchanter
tropicraft:bambooMug, Bamboo Mug
tropicraft:tropiFrame, Bamboo Item Frame
tropicraft:koaFrame, Koa Item Frame
tropicraft:cocktail:0, Tropical Cocktail
tropicraft:cocktail:0, Tropical Cocktail
tropicraft:cocktail:0, Tropical Cocktail
tropicraft:cocktail:0, Tropical Cocktail
tropicraft:cocktail:0, Tropical Cocktail
tropicraft:cocktail:0, Tropical Cocktail
tropicraft:cocktail:0, Tropical Cocktail
tropicraft:leafBall, Leaf Ball
tropicraft:fishBucket:0, Clownfish
tropicraft:fishBucket:1, Queen Angelfish
tropicraft:fishBucket:2, Yellow Tang
tropicraft:fishBucket:3, Butterflyfish
tropicraft:fishBucket:4, Geophagus Surinamensis
tropicraft:fishBucket:5, Betta Fish
tropicraft:fishBucket:6, Regal Tang
tropicraft:fishBucket:7, Royal Gamma
tropicraft:snareTrap, Snare Trap
tropicraft:encTropica, Encyclopedia Tropica
tropicraft:egg:0, Iguana Egg
tropicraft:egg:1, Starfish Egg
tropicraft:egg:2, Green Frog
tropicraft:egg:3, Poisonous Red Frog
tropicraft:egg:4, Poisonous Yellow Frog
tropicraft:egg:5, Poisonous Blue Frog
tropicraft:egg:6, Eye of Head
tropicraft:egg:7, Marlin Egg
tropicraft:egg:8, Tropical Fish Eggs
tropicraft:egg:9, Ashen Ash
tropicraft:egg:10, Sea Turtle Egg
tropicraft:egg:11, Man O' War
tropicraft:egg:12, Monkey Paw
tropicraft:egg:13, Koa Headband
tropicraft:egg:14, TropiCreeper Hat
tropicraft:egg:15, TropiSkelly Skirt
tropicraft:egg:16, Spotted Eagle Ray
tropicraft:egg:17, Failgull
tropicraft:egg:18, Sea Urchin
yegamolchattels:bannerSmall:0, Small Black Banner
yegamolchattels:bannerSmall:1, Small Red Banner
yegamolchattels:bannerSmall:2, Small Green Banner
yegamolchattels:bannerSmall:3, Small Brown Banner
yegamolchattels:bannerSmall:4, Small Blue Banner
yegamolchattels:bannerSmall:5, Small Purple Banner
yegamolchattels:bannerSmall:6, Small Cyan Banner
yegamolchattels:bannerSmall:7, Small Silver Banner
yegamolchattels:bannerSmall:8, Small Gray Banner
yegamolchattels:bannerSmall:9, Small Pink Banner
yegamolchattels:bannerSmall:10, Small Lime Banner
yegamolchattels:bannerSmall:11, Small Yellow Banner
yegamolchattels:bannerSmall:12, Small Light Blue Banner
yegamolchattels:bannerSmall:13, Small Magenta Banner
yegamolchattels:bannerSmall:14, Small Orange Banner
yegamolchattels:bannerSmall:15, Small White Banner
yegamolchattels:bannerLarge:0, Large Black Banner
yegamolchattels:bannerLarge:1, Large Red Banner
yegamolchattels:bannerLarge:2, Large Green Banner
yegamolchattels:bannerLarge:3, Large Brown Banner
yegamolchattels:bannerLarge:4, Large Blue Banner
yegamolchattels:bannerLarge:5, Large Purple Banner
yegamolchattels:bannerLarge:6, Large Cyan Banner
yegamolchattels:bannerLarge:7, Large Silver Banner
yegamolchattels:bannerLarge:8, Large Gray Banner
yegamolchattels:bannerLarge:9, Large Pink Banner
yegamolchattels:bannerLarge:10, Large Lime Banner
yegamolchattels:bannerLarge:11, Large Yellow Banner
yegamolchattels:bannerLarge:12, Large Light Blue Banner
yegamolchattels:bannerLarge:13, Large Magenta Banner
yegamolchattels:bannerLarge:14, Large Orange Banner
yegamolchattels:bannerLarge:15, Large White Banner
yegamolchattels:entity_vita, item.ygcEntityVita.name
yegamolchattels:flagSmall:0, Small Black Flag
yegamolchattels:flagSmall:1, Small Red Flag
yegamolchattels:flagSmall:2, Small Green Flag
yegamolchattels:flagSmall:3, Small Brown Flag
yegamolchattels:flagSmall:4, Small Blue Flag
yegamolchattels:flagSmall:5, Small Purple Flag
yegamolchattels:flagSmall:6, Small Cyan Flag
yegamolchattels:flagSmall:7, Small Silver Flag
yegamolchattels:flagSmall:8, Small Gray Flag
yegamolchattels:flagSmall:9, Small Pink Flag
yegamolchattels:flagSmall:10, Small Lime Flag
yegamolchattels:flagSmall:11, Small Yellow Flag
yegamolchattels:flagSmall:12, Small Light Blue Flag
yegamolchattels:flagSmall:13, Small Magenta Flag
yegamolchattels:flagSmall:14, Small Orange Flag
yegamolchattels:flagSmall:15, Small White Flag
yegamolchattels:flagLarge:0, Large Black Flag
yegamolchattels:flagLarge:1, Large Red Flag
yegamolchattels:flagLarge:2, Large Green Flag
yegamolchattels:flagLarge:3, Large Brown Flag
yegamolchattels:flagLarge:4, Large Blue Flag
yegamolchattels:flagLarge:5, Large Purple Flag
yegamolchattels:flagLarge:6, Large Cyan Flag
yegamolchattels:flagLarge:7, Large Silver Flag
yegamolchattels:flagLarge:8, Large Gray Flag
yegamolchattels:flagLarge:9, Large Pink Flag
yegamolchattels:flagLarge:10, Large Lime Flag
yegamolchattels:flagLarge:11, Large Yellow Flag
yegamolchattels:flagLarge:12, Large Light Blue Flag
yegamolchattels:flagLarge:13, Large Magenta Flag
yegamolchattels:flagLarge:14, Large Orange Flag
yegamolchattels:flagLarge:15, Large White Flag
yegamolchattels:grindstoneStone, Grindstone
yegamolchattels:mallet, Mallet
yegamolchattels:plank:0, Oak Plank
yegamolchattels:plank:1, Spruce Plank
yegamolchattels:plank:2, Birch Plank
yegamolchattels:plank:3, Jungle Plank
yegamolchattels:plank:4, Acacia Plank
yegamolchattels:plank:5, Dark Oak Plank
yegamolchattels:smooth_plank:0, Smoothed Oak Plank
yegamolchattels:smooth_plank:1, Smoothed Spruce Plank
yegamolchattels:smooth_plank:2, Smoothed Birch Plank
yegamolchattels:smooth_plank:3, Smoothed Jungle Plank
yegamolchattels:smooth_plank:4, Smoothed Acacia Plank
yegamolchattels:smooth_plank:5, Smoothed Dark Oak Plank
yegamolchattels:refined_plank:0, Refined Oak Plank
yegamolchattels:refined_plank:1, Refined Spruce Plank
yegamolchattels:refined_plank:2, Refined Birch Plank
yegamolchattels:refined_plank:3, Refined Jungle Plank
yegamolchattels:refined_plank:4, Refined Acacia Plank
yegamolchattels:refined_plank:5, Refined Dark Oak Plank
yegamolchattels:sandpaper, Sandpaper
yegamolchattels:linseed_oil, Linseed Oil
yegamolchattels:iron_saw, Iron Saw
yegamolchattels:flax_seeds, Flax Seeds
yegamolchattels:flax_fiber, Flax Fiber
yegamolchattels:iron_chisel_point, Point Chisel
yegamolchattels:iron_chisel, Carving Chisel
yegamolchattels:club_hammer, Club Hammer
yegamolchattels:block_fragment, Block Fragment
ForgeMicroblock:sawStone, Stone Saw
ForgeMicroblock:sawIron, Iron Saw
ForgeMicroblock:sawDiamond, Diamond Saw
ForgeMicroblock:stoneRod, Stone Rod
avp:summon.drone, Xenomorph Drone
avp:summon.warrior, Xenomorph Warrior
avp:summon.runner.drone, Xenomorph Runner
avp:summon.runner.warrior, Xenomorph Runner Warrior
avp:summon.crusher, Xenomorph Crusher
avp:summon.spitter, Xenomorph Spitter
avp:summon.praetorian, Xenomorph Praetorian
avp:summon.queen, Xenomorph Queen
avp:summon.predalien, Predalien
avp:summon.deacon, Deacon
avp:summon.deaconshark, Deacon Shark
avp:summon.hammerpede, Hammerpede
avp:summon.trilobite, Trilobite
avp:summon.engineer, Engineer
avp:summon.spacejockey, SpaceJockey
avp:summon.ovamorph, Ovamorph (Egg)
avp:summon.facehugger, Facehugger
avp:summon.royalfacehugger, Royal Facehugger
avp:summon.chestburster, Chestburster
avp:summon.yautja, Yautja (Predator)
avp:summon.yautja.berserker, YautjaBerserker
avp:summon.marine, Marine
avp:summon.synthetic.combat, Combat Synthetic
avp:summon.aqua, Aquatic Xenomorph
avp:summon.ultramorph, Ultramorph
avp:summon.goomutant, Goo Mutant
avp:summon.aethon, Aethon
avp:summon.octohugger, Octohugger
avp:summon.belugaburster, Belugaburster
avp:summon.belugamorph, Belugamorph
avp:summon.chestburster.predalien, Predalien Chestburster
avp:summon.chestburster.queen, Queen Chestburster
avp:summon.chestburster.runner, Runner Chestburster
avp:summon.babyhead, Babyhead
avp:summon.batxeno, Chiropteramorph
avp:summon.boiler, Boiler
avp:summon.dracoburster, Dracoburster
avp:summon.dracoegg, Dracovamorph
avp:summon.dracomorph, Dracomorph
avp:summon.myceliomorph, Myceliomorph
avp:summon.pantheramorph, Pantheramorph
avp:summon.predatorhound, Hellhound
avp:summon.ursuidae, Ursuidae
avp:summon.vardamonkey, Scelemur
avp:summon.yautjamutant, Mutant Yautja
avp:helm.pressure, Advanced SE Helmet
avp:body.pressure, Advanced SE Vest
avp:legwear.pressure, Advanced SE Legwear
avp:boots.pressure, Advanced SE Boots
avp:helm.mk50, MK50 Helmet
avp:body.mk50, MK50 Chest Guard
avp:legwear.mk50, MK50 Jumpsuit
avp:boots.mk50, MK50 Boots
avp:helm.tactical, Tactical Helmet
avp:body.tactical, Tactical Vest
avp:legwear.tactical, Tactical Legwear
avp:boots.tactical, Tactical Boots
avp:helm.xeno, Alien Helm
avp:body.xeno, Alien Chest Armor
avp:legwear.xeno, Alien Leg Armor
avp:boots.xeno, Alien Foot Armor
avp:helm.celtic, Biomask
avp:body.celtic, Celtic Chest Armor
avp:legwear.celtic, Celtic Leg Armor
avp:boots.celtic, Celtic Foot Armor
avp:gun.m240icu, M240 Incinerator Unit
avp:gun.flamethrower.nostromo, Flamethrower
avp:gun.pistol, 88Mod4
avp:gun.m4, M4 Carbine
avp:gun.sniper, Semi-Automatic Sniper Rifle
avp:gun.m41a, M41A Pulse Rifle
avp:gun.m56sg, M56 SmartGun
avp:gun.ak47, AK47 Assault Rifle
avp:bucket.blackgoo, Bucket of Black Goo
avp:bucket.mist, Bucket of Reactive Mist
avp:ammo.ar, Assault Rifle Rounds
avp:ammo.ac, Assault Carbine Rounds
avp:ammo.pistol, Pistol Rounds
avp:ammo.smg, Sub Machine-Gun Rounds
avp:ammo.sniper, Sniper Rounds
avp:ammo.flamethrower, Flamethrower Fuel
avp:grenade.m40, M40 Grenade
avp:grenade.incindiary, M40 Incendiary Grenade
avp:wristblade, Wristbracer
avp:plasmacannon, Plasma Caster
avp:mine.laser, Laser Mine
avp:smartdisc, Smart Disc
avp:shuriken, Shuriken
avp:tool.celtic.spear, Celtic Spear
avp:tool.celtic.shovel, Celtic Shovel
avp:tool.celtic.sword, Celtic Sword
avp:tool.celtic.hoe, Celtic Hoe
avp:tool.celtic.axe, Celtic Axe
avp:tool.celtic.pick, Celtic Pickaxe
avp:artifact.tech, Yautja Artifact
avp:food.doritos, Doritos
avp:food.doritos.coolranch, Doritos (Cool Ranch)
avp:device.nbtdrive, NBT Drive
avp:device.supplychute, Weyland-Yutani Supply Chute
avp:device.supplychute.marines, USCM Supply Chute
avp:device.supplychute.seegson, Seegson Supply Chute
avp:part.pistol.stock, 88Mod4 Stock
avp:part.pistol.barrel, 88Mod4 Barrel
avp:part.pistol.action, 88Mod4 Action
avp:part.sniper.stock, Sniper Stock
avp:part.sniper.barrel, Sniper Barrel
avp:part.sniper.action, Sniper Action
avp:part.sniper.scope, Sniper Peripherals
avp:part.sniper.peripherals, Sniper Peripherals
avp:part.m41a.stock, M41A Stock
avp:part.m41a.action, M41A Action
avp:part.m41a.barrel, M41A Barrel
avp:part.m41a.peripherals, M41A Peripherals
avp:part.m56sg.stock, M56SG Stock
avp:part.m56sg.action, M56SG Action
avp:part.m56sg.barrel, M56SG Barrel
avp:part.m56sg.supportframe, M56SG Support Frame
avp:part.m56sg.aimingmodule, M56SG Aiming Module
avp:part.m4.stock, M4 Stock
avp:part.m4.action, M4 Action
avp:part.m4.barrel, M4 Barrel
avp:part.ak47.action, AK-47 Action
avp:part.ak47.stock, AK-47 Stock
avp:part.ak47.barrel, AK-47 Barrel
avp:part.processor, Microprocessor
avp:part.solidstatedrive, Solid State Drive
avp:part.regulator, Regulator
avp:part.capacitor, Capacitor
avp:part.transistor, Transistor
avp:part.motherboard, Motherboard
avp:part.ram, Random Access Memory
avp:part.resistor, Resistor
avp:part.led, Light Emitting Diode (LED)
avp:part.diode, Diode
avp:part.ic, Integrated Circuit
avp:part.powersupply, Power Supply
avp:part.led.display, 7 Segment LED Display
avp:ingot.copper, Copper Ingot
avp:ingot.lithium, Lithium Ingot
avp:ingot.aluminum, Aluminum Ingot
avp:silicon, Silicon
avp:carbon, Carbon
avp:apc, APC
avp:motiontracker, F.E.M.S 5.547.60 Motion Tracker
avp:wristbracer.blades, Wristbracer Blades
avp:polycarbonate, Polycarbonate
avp:royaljelly, Royal Jelly
avp:blackgoo.item, Black Goo
avp:phial.goo, Phial Goo
avp:phial.empty, Phial Empty
avp:tool.maintenancejack, Maintenance Jack
avp:industrialbricks.invertedridge, Industrial Bricks Inverted Ridge
avp:industrialbricks.smartinvertedridge, Industrial Bricks Smart Inverted Ridge
avp:industrialbricks.smartridge, Industrial Bricks Smart Ridge
avp:industrialglass, Industrial Glass
avp:industrialglass.slope, Industrial Glass Slope
avp:industrialglass.corner, Industrial Glass Corner
avp:industrialglass.invertedcorner, Industrial Glass Inverted Corner
avp:industrialglass.ridge, Industrial Glass Ridge
avp:industrialglass.invertedridge, Industrial Glass Inverted Ridge
avp:industrialglass.smartinvertedridge, Industrial Glass Smart Inverted Ridge
avp:industrialglass.smartridge, Industrial Glass Smart Ridge
avp:metalpanel1, Metal Panel
avp:metalpanel1.slope, Metal Panel Slope
avp:metalpanel1.corner, Metal Panel Corner
avp:metalpanel1.invertedcorner, Metal Panel Inverted Corner
avp:metalpanel1.ridge, Metal Panel Ridge
avp:metalpanel1.invertedridge, Metal Panel Inverted Ridge
avp:metalpanel1.smartinvertedridge, Metal Panel Smart Inverted Ridge
avp:metalpanel1.smartridge, Metal Panel Smart Ridge
avp:metalpanel2, Metal Panel
avp:metalpanel2.slope, Metal Panel Slope
avp:metalpanel2.corner, Metal Panel Corner
avp:metalpanel2.invertedcorner, Metal Panel Inverted Corner
avp:metalpanel2.ridge, Metal Panel Ridge
avp:metalpanel2.invertedridge, Metal Panel Inverted Ridge
avp:metalpanel2.smartinvertedridge, Metal Panel Smart Inverted Ridge
avp:metalpanel2.smartridge, Metal Panel Smart Ridge
avp:metalpanel3, Metal Panel
avp:metalpanel3.slope, Metal Panel Slope
avp:metalpanel3.corner, Metal Panel Corner
avp:metalpanel3.invertedcorner, Metal Panel Inverted Corner
avp:metalpanel3.ridge, Metal Panel Ridge
avp:metalpanel3.invertedridge, Metal Panel Inverted Ridge
avp:metalpanel3.smartinvertedridge, Metal Panel Smart Inverted Ridge
avp:metalpanel3.smartridge, Metal Panel Smart Ridge
avp:hiveresin.standard, Hive Resin
avp:hiveresin.standard.slope, Hive Resin Slope
avp:hiveresin.standard.corner, Hive Resin Corner
avp:hiveresin.standard.invertedcorner, Hive Resin Inverted Corner
avp:hiveresin.standard.ridge, Hive Resin Ridge
avp:hiveresin.standard.invertedridge, Hive Resin Inverted Ridge
avp:hiveresin.standard.smartinvertedridge, Hive Resin Smart Inverted Ridge
avp:hiveresin.standard.smartridge, Hive Resin Smart Ridge
avp:shippanel, Ship Panel
avp:shippanel.slope, Ship Panel Slope
avp:shippanel.corner, Ship Panel Corner
avp:shippanel.invertedcorner, Ship Panel Inverted Corner
avp:shippanel.ridge, Ship Panel Ridge
avp:shippanel.invertedridge, Ship Panel Inverted Ridge
avp:shippanel.smartinvertedridge, Ship Panel Smart Inverted Ridge
avp:shippanel.smartridge, Ship Panel Smart Ridge
avp:shippannelyautja, Ship Panel Yautja
avp:shippannelyautja.slope, Ship Panel Yautja Slope
avp:shippannelyautja.corner, Ship Panel Yautja Corner
avp:shippannelyautja.invertedcorner, Ship Panel Yautja Inverted Corner
avp:shippannelyautja.ridge, Ship Panel Yautja Ridge
avp:shippannelyautja.invertedridge, Ship Panel Yautja Inverted Ridge
avp:shippannelyautja.smartinvertedridge, Ship Panel Yautja Smart Inverted Ridge
avp:shippannelyautja.smartridge, Ship Panel Yautja Smart Ridge
avp:tileovamorphdesign, Ovamorph Design
avp:tileovamorphdesign.slope, Ovamorph Design Slope
avp:tileovamorphdesign.corner, Ovamorph Design Corner
avp:tileovamorphdesign.invertedcorner, Ovamorph Design Inverted Corner
avp:tileovamorphdesign.ridge, Ovamorph Design Ridge
avp:tileovamorphdesign.invertedridge, Ovamorph Design Inverted Ridge
avp:tileovamorphdesign.smartinvertedridge, Ovamorph Design Smart Inverted Ridge
avp:tileovamorphdesign.smartridge, Ovamorph Design Smart Ridge
avp:tilefacehuggerdesign, Facehugger Design
avp:tilefacehuggerdesign.slope, Facehugger Design Slope
avp:tilefacehuggerdesign.corner, Facehugger Design Corner
avp:tilefacehuggerdesign.invertedcorner, Facehugger Design Inverted Corner
avp:tilefacehuggerdesign.ridge, Facehugger Design Ridge
avp:tilefacehuggerdesign.invertedridge, Facehugger Design Inverted Ridge
avp:tilefacehuggerdesign.smartinvertedridge, Facehugger Design Smart Inverted Ridge
avp:tilefacehuggerdesign.smartridge, Facehugger Design Smart Ridge
avp:tilealiendesign, Alien Design
avp:tilealiendesign.slope, Alien Design Slope
avp:tilealiendesign.corner, Alien Design Corner
avp:tilealiendesign.invertedcorner, Alien Design Inverted Corner
avp:tilealiendesign.ridge, Alien Design Ridge
avp:tilealiendesign.invertedridge, Alien Design Inverted Ridge
avp:tilealiendesign.smartinvertedridge, Alien Design Smart Inverted Ridge
avp:tilealiendesign.smartridge, Alien Design Smart Ridge
avp:shipwallbase, Ship Wall Base
avp:shipwallbase.slope, Ship Wall Base Slope
avp:shipwallbase.corner, Ship Wall Base Corner
avp:shipwallbase.invertedcorner, Ship Wall Base Inverted Corner
avp:shipwallbase.ridge, Ship Wall Base Ridge
avp:shipwallbase.invertedridge, Ship Wall Base Inverted Ridge
avp:shipwallbase.smartinvertedridge, Ship Wall Base Smart Inverted Ridge
avp:shipwallbase.smartridge, Ship Wall Base Smart Ridge
avp:shipsupportpillar, Ship Support Pillar
avp:shipsupportpillar.slope, Ship Support Pillar Slope
avp:shipsupportpillar.corner, Ship Support Pillar Corner
avp:shipsupportpillar.invertedcorner, Ship Support Pillar Inverted Corner
avp:shipsupportpillar.ridge, Ship Support Pillar Ridge
avp:shipsupportpillar.invertedridge, Ship Support Pillar Inverted Ridge
avp:shipsupportpillar.smartinvertedridge, Ship Support Pillar Smart Inverted Ridge
avp:shipsupportpillar.smartridge, Ship Support Pillar Smart Ridge
avp:shipdecor1, Ship Decor
avp:shipdecor1.slope, Ship Decor Slope
avp:shipdecor1.corner, Ship Decor Corner
avp:shipdecor1.invertedcorner, Ship Decor Inverted Corner
avp:shipdecor1.ridge, Ship Decor Ridge
avp:shipdecor1.invertedridge, Ship Decor Inverted Ridge
avp:shipdecor1.smartinvertedridge, Ship Decor Smart Inverted Ridge
avp:shipdecor1.smartridge, Ship Decor Smart Ridge
avp:shipdecor2, Ship Decor
avp:shipdecor2.slope, Ship Decor Slope
avp:shipdecor2.corner, Ship Decor Corner
avp:shipdecor2.invertedcorner, Ship Decor Inverted Corner
avp:shipdecor2.ridge, Ship Decor Ridge
avp:shipdecor2.invertedridge, Ship Decor Inverted Ridge
avp:shipdecor2.smartinvertedridge, Ship Decor Smart Inverted Ridge
avp:shipdecor2.smartridge, Ship Decor Smart Ridge
avp:shipdecor3, Ship Decor
avp:shipdecor3.slope, Ship Decor Slope
avp:shipdecor3.corner, Ship Decor Corner
avp:shipdecor3.invertedcorner, Ship Decor Inverted Corner
avp:shipdecor3.ridge, Ship Decor Ridge
avp:shipdecor3.invertedridge, Ship Decor Inverted Ridge
avp:shipdecor3.smartinvertedridge, Ship Decor Smart Inverted Ridge
avp:shipdecor3.smartridge, Ship Decor Smart Ridge
avp:shipbrick, Ship Brick
avp:shipbrick.slope, Ship Brick Slope
avp:shipbrick.corner, Ship Brick Corner
avp:shipbrick.invertedcorner, Ship Brick Inverted Corner
avp:shipbrick.ridge, Ship Brick Ridge
avp:shipbrick.invertedridge, Ship Brick Inverted Ridge
avp:shipbrick.smartinvertedridge, Ship Brick Smart Inverted Ridge
avp:shipbrick.smartridge, Ship Brick Smart Ridge
avp:templebricksingle, Temple Brick Single
avp:templebricksingle.slope, Temple Brick Single Slope
avp:templebricksingle.corner, Temple Brick Single Corner
avp:templebricksingle.invertedcorner, Temple Brick Single Inverted Corner
avp:templebricksingle.ridge, Temple Brick Single Ridge
avp:templebricksingle.invertedridge, Temple Brick Single Inverted Ridge
avp:templebricksingle.smartinvertedridge, Temple Brick Single Smart Inverted Ridge
avp:templebricksingle.smartridge, Temple Brick Single Smart Ridge
avp:templebrick, Temple Brick 
avp:templebrick.slope, Temple Brick Slope
avp:templebrick.corner, Temple Brick Corner
avp:templebrick.invertedcorner, Temple Brick Inverted Corner
avp:templebrick.ridge, Temple Brick Ridge
avp:templebrick.invertedridge, Temple Brick Inverted Ridge
avp:templebrick.smartinvertedridge, Temple Brick Smart Inverted Ridge
avp:templebrick.smartridge, Temple Brick Smart Ridge
avp:templetile, Temple Tile 
avp:templetile.slope, Temple Tile Slope
avp:templetile.corner, Temple Tile Corner
avp:templetile.invertedcorner, Temple Tile Inverted Corner
avp:templetile.ridge, Temple Tile Ridge
avp:templetile.invertedridge, Temple Tile Inverted Ridge
avp:templetile.smartinvertedridge, Temple Tile Smart Inverted Ridge
avp:templetile.smartridge, Temple Tile Smart Ridge
avp:templewallbase, Temple Wall Base 
avp:templewallbase.slope, Temple Wall Base Slope
avp:templewallbase.corner, Temple Wall Base Corner
avp:templewallbase.invertedcorner, Temple Wall Base Inverted Corner
avp:templewallbase.ridge, Temple Wall Base Ridge
avp:templewallbase.invertedridge, Temple Wall Base Inverted Ridge
avp:templewallbase.smartinvertedridge, Temple Wall Base Smart Inverted Ridge
avp:templewallbase.smartridge, Temple Wall Base Smart Ridge
avp:templefloor, Temple Floor 
avp:templefloor.slope, Temple Floor Slope
avp:templefloor.corner, Temple Floor Corner
avp:templefloor.invertedcorner, Temple Floor Inverted Corner
avp:templefloor.ridge, Temple Floor Ridge
avp:templefloor.invertedridge, Temple Floor Inverted Ridge
avp:templefloor.smartinvertedridge, Temple Floor Smart Inverted Ridge
avp:templefloor.smartridge, Temple Floor Smart Ridge
avp:skulls, Skulls 
avp:skulls.slope, Skulls Slope
avp:skulls.corner, Skulls Corner
avp:skulls.invertedcorner, Skulls Inverted Corner
avp:skulls.ridge, Skulls Ridge
avp:skulls.invertedridge, Skulls Inverted Ridge
avp:skulls.smartinvertedridge, Skulls Smart Inverted Ridge
avp:skulls.smartridge, Skulls Smart Ridge
avp:plasticblock, Plastic Block 
avp:plasticblock.slope, Plastic Block Slope
avp:plasticblock.corner, Plastic Block Corner
avp:plasticblock.invertedcorner, Plastic Block Inverted Corner
avp:plasticblock.ridge, Plastic Block Ridge
avp:plasticblock.invertedridge, Plastic Block Inverted Ridge
avp:plasticblock.smartinvertedridge, Plastic Block Smart Inverted Ridge
avp:plasticblock.smartridge, Plastic Block Smart Ridge
avp:paddingpanel, Geometric Padding Panel
avp:paddingpanel.slope, Geometric Padding Panel Slope
avp:paddingpanel.corner, Geometric Padding Panel Corner
avp:paddingpanel.invertedcorner, Geometric Padding Panel Inverted Corner
avp:paddingpanel.ridge, Geometric Padding Panel Ridge
avp:paddingpanel.invertedridge, Geometric Padding Panel Inverted Ridge
avp:paddingpanel.smartinvertedridge, Geometric Padding Panel Smart Inverted Ridge
avp:paddingpanel.smartridge, Geometric Padding Panel Smart Ridge
avp:plastictile, Plastic Tile 
avp:plastictile.slope, Plastic Tile Slope
avp:plastictile.corner, Plastic Tile Corner
avp:plastictile.invertedcorner, Plastic Tile Inverted Corner
avp:plastictile.ridge, Plastic Tile Ridge
avp:plastictile.invertedridge, Plastic Tile Inverted Ridge
avp:plastictile.smartinvertedridge, Plastic Tile Smart Inverted Ridge
avp:plastictile.smartridge, Plastic Tile Smart Ridge
avp:plastictiletri, Plastic Tile Triangles
avp:plastictiletri.slope, Plastic Tile Triangles Slope
avp:plastictiletri.corner, Plastic Tile Triangles Corner
avp:plastictiletri.invertedcorner, Plastic Tile Triangles Inverted Corner
avp:plastictiletri.ridge, Plastic Tile Triangles Ridge
avp:plastictiletri.invertedridge, Plastic Tile Triangles Inverted Ridge
avp:plastictiletri.smartinvertedridge, Plastic Tile Triangles Smart Inverted Ridge
avp:plastictiletri.smartridge, Plastic Tile Triangles Smart Ridge
avp:plastictilecircle, Plastic Tile Circle
avp:plastictilecircle.slope, Plastic Tile Circle Slope
avp:plastictilecircle.corner, Plastic Tile Circle Corner
avp:plastictilecircle.invertedcorner, Plastic Tile Circle Inverted Corner
avp:plastictilecircle.ridge, Plastic Tile Circle Ridge
avp:plastictilecircle.invertedridge, Plastic Tile Circle Inverted Ridge
avp:plastictilecircle.smartinvertedridge, Plastic Tile Circle Smart Inverted Ridge
avp:plastictilecircle.smartridge, Plastic Tile Circle Smart Ridge
avp:engineershipfloor, Engineer Ship Floor 
avp:engineershipfloor.slope, Engineer Ship Floor Slope
avp:engineershipfloor.corner, Engineer Ship Floor Corner
avp:engineershipfloor.invertedcorner, Engineer Ship Floor Inverted Corner
avp:engineershipfloor.ridge, Engineer Ship Floor Ridge
avp:engineershipfloor.invertedridge, Engineer Ship Floor Inverted Ridge
avp:engineershipfloor.smartinvertedridge, Engineer Ship Floor Smart Inverted Ridge
avp:engineershipfloor.smartridge, Engineer Ship Floor Smart Ridge
avp:engineershipbrick, Engineer Ship Brick 
avp:engineershipbrick.slope, Engineer Ship Brick Slope
avp:engineershipbrick.corner, Engineer Ship Brick Corner
avp:engineershipbrick.invertedcorner, Engineer Ship Brick Inverted Corner
avp:engineershipbrick.ridge, Engineer Ship Brick Ridge
avp:engineershipbrick.invertedridge, Engineer Ship Brick Inverted Ridge
avp:engineershipbrick.smartinvertedridge, Engineer Ship Brick Smart Inverted Ridge
avp:engineershipbrick.smartridge, Engineer Ship Brick Smart Ridge
avp:engineershipbrick1, Engineer Ship Brick 
avp:engineershipbrick1.slope, Engineer Ship Brick Slope
avp:engineershipbrick1.corner, Engineer Ship Brick Corner
avp:engineershipbrick1.invertedcorner, Engineer Ship Brick Inverted Corner
avp:engineershipbrick1.ridge, Engineer Ship Brick Ridge
avp:engineershipbrick1.invertedridge, Engineer Ship Brick Inverted Ridge
avp:engineershipbrick1.smartinvertedridge, Engineer Ship Brick Smart Inverted Ridge
avp:engineershipbrick1.smartridge, Engineer Ship Brick Smart Ridge
avp:engineershipbrick2, Engineer Ship Hieroglyphics 
avp:engineershipbrick2.slope, Engineer Ship Hieroglyphics Slope
avp:engineershipbrick2.corner, Engineer Ship Hieroglyphics Corner
avp:engineershipbrick2.invertedcorner, Engineer Ship Hieroglyphics Inverted Corner
avp:engineershipbrick2.ridge, Engineer Ship Hieroglyphics Ridge
avp:engineershipbrick2.invertedridge, Engineer Ship Hieroglyphics Inverted Ridge
avp:engineershipbrick2.smartinvertedridge, Engineer Ship Hieroglyphics Smart Inverted Ridge
avp:engineershipbrick2.smartridge, Engineer Ship Hieroglyphics Smart Ridge
avp:engineershipbrick3, Engineer Ship Brick 
avp:engineershipbrick3.slope, Engineer Ship Brick Slope
avp:engineershipbrick3.corner, Engineer Ship Brick Corner
avp:engineershipbrick3.invertedcorner, Engineer Ship Brick Inverted Corner
avp:engineershipbrick3.ridge, Engineer Ship Brick Ridge
avp:engineershipbrick3.invertedridge, Engineer Ship Brick Inverted Ridge
avp:engineershipbrick3.smartinvertedridge, Engineer Ship Brick Smart Inverted Ridge
avp:engineershipbrick3.smartridge, Engineer Ship Brick Smart Ridge
avp:engineershipgravel, Engineer Ship Gravel 
avp:engineershipgravel.slope, Engineer Ship Gravel Slope
avp:engineershipgravel.corner, Engineer Ship Gravel Corner
avp:engineershipgravel.invertedcorner, Engineer Ship Gravel Inverted Corner
avp:engineershipgravel.ridge, Engineer Ship Gravel Ridge
avp:engineershipgravel.invertedridge, Engineer Ship Gravel Inverted Ridge
avp:engineershipgravel.smartinvertedridge, Engineer Ship Gravel Smart Inverted Ridge
avp:engineershipgravel.smartridge, Engineer Ship Gravel Smart Ridge
avp:engineershipwall, Engineer Ship Wall 
avp:engineershipwall.slope, Engineer Ship Wall Slope
avp:engineershipwall.corner, Engineer Ship Wall Corner
avp:engineershipwall.invertedcorner, Engineer Ship Wall Inverted Corner
avp:engineershipwall.ridge, Engineer Ship Wall Ridge
avp:engineershipwall.invertedridge, Engineer Ship Wall Inverted Ridge
avp:engineershipwall.smartinvertedridge, Engineer Ship Wall Smart Inverted Ridge
avp:engineershipwall.smartridge, Engineer Ship Wall Smart Ridge
avp:engineershipwall1, Engineer Ship Wall 
avp:engineershipwall1.slope, Engineer Ship Wall Slope
avp:engineershipwall1.corner, Engineer Ship Wall Corner
avp:engineershipwall1.invertedcorner, Engineer Ship Wall Inverted Corner
avp:engineershipwall1.ridge, Engineer Ship Wall Ridge
avp:engineershipwall1.invertedridge, Engineer Ship Wall Inverted Ridge
avp:engineershipwall1.smartinvertedridge, Engineer Ship Wall Smart Inverted Ridge
avp:engineershipwall1.smartridge, Engineer Ship Wall Smart Ridge
avp:engineershipwall2, Engineer Ship Wall 
avp:engineershipwall2.slope, Engineer Ship Wall Slope
avp:engineershipwall2.corner, Engineer Ship Wall Corner
avp:engineershipwall2.invertedcorner, Engineer Ship Wall Inverted Corner
avp:engineershipwall2.ridge, Engineer Ship Wall Ridge
avp:engineershipwall2.invertedridge, Engineer Ship Wall Inverted Ridge
avp:engineershipwall2.smartinvertedridge, Engineer Ship Wall Smart Inverted Ridge
avp:engineershipwall2.smartridge, Engineer Ship Wall Smart Ridge
avp:engineershipwall3, Engineer Ship Hieroglyphics Wall 
avp:engineershipwall3.slope, Engineer Ship Hieroglyphics Wall Slope
avp:engineershipwall3.corner, Engineer Ship Hieroglyphics Wall Corner
avp:engineershipwall3.invertedcorner, Engineer Ship Hieroglyphics Wall Inverted Corner
avp:engineershipwall3.ridge, Engineer Ship Hieroglyphics Wall Ridge
avp:engineershipwall3.invertedridge, Engineer Ship Hieroglyphics Wall Inverted Ridge
avp:engineershipwall3.smartinvertedridge, Engineer Ship Hieroglyphics Wall Smart Inverted Ridge
avp:engineershipwall3.smartridge, Engineer Ship Hieroglyphics Wall Smart Ridge
avp:engineershipwall4, Engineer Ship Hieroglyphics Wall 
avp:engineershipwall4.slope, Engineer Ship Hieroglyphics Wall Slope
avp:engineershipwall4.corner, Engineer Ship Hieroglyphics Wall Corner
avp:engineershipwall4.invertedcorner, Engineer Ship Hieroglyphics Wall Inverted Corner
avp:engineershipwall4.ridge, Engineer Ship Hieroglyphics Wall Ridge
avp:engineershipwall4.invertedridge, Engineer Ship Hieroglyphics Wall Inverted Ridge
avp:engineershipwall4.smartinvertedridge, Engineer Ship Hieroglyphics Wall Smart Inverted Ridge
avp:engineershipwall4.smartridge, Engineer Ship Hieroglyphics Wall Smart Ridge
avp:engineershiprock, Engineer Ship Rock 
avp:engineershiprock.slope, Engineer Ship Rock Slope
avp:engineershiprock.corner, Engineer Ship Rock Corner
avp:engineershiprock.invertedcorner, Engineer Ship Rock Inverted Corner
avp:engineershiprock.ridge, Engineer Ship Rock Ridge
avp:engineershiprock.invertedridge, Engineer Ship Rock Inverted Ridge
avp:engineershiprock.smartinvertedridge, Engineer Ship Rock Smart Inverted Ridge
avp:engineershiprock.smartridge, Engineer Ship Rock Smart Ridge
avp:engineershiprock1, Engineer Ship Rock 
avp:engineershiprock1.slope, Engineer Ship Rock Slope
avp:engineershiprock1.corner, Engineer Ship Rock Corner
avp:engineershiprock1.invertedcorner, Engineer Ship Rock Inverted Corner
avp:engineershiprock1.ridge, Engineer Ship Rock Ridge
avp:engineershiprock1.invertedridge, Engineer Ship Rock Inverted Ridge
avp:engineershiprock1.smartinvertedridge, Engineer Ship Rock Smart Inverted Ridge
avp:engineershiprock1.smartridge, Engineer Ship Rock Smart Ridge
avp:engineershiprock2, Engineer Ship Rock 
avp:engineershiprock2.slope, Engineer Ship Rock Slope
avp:engineershiprock2.corner, Engineer Ship Rock Corner
avp:engineershiprock2.invertedcorner, Engineer Ship Rock Inverted Corner
avp:engineershiprock2.ridge, Engineer Ship Rock Ridge
avp:engineershiprock2.invertedridge, Engineer Ship Rock Inverted Ridge
avp:engineershiprock2.smartinvertedridge, Engineer Ship Rock Smart Inverted Ridge
avp:engineershiprock2.smartridge, Engineer Ship Rock Smart Ridge
avp:engineershiprock3, Engineer Ship Rock 
avp:engineershiprock3.slope, Engineer Ship Rock Slope
avp:engineershiprock3.corner, Engineer Ship Rock Corner
avp:engineershiprock3.invertedcorner, Engineer Ship Rock Inverted Corner
avp:engineershiprock3.ridge, Engineer Ship Rock Ridge
avp:engineershiprock3.invertedridge, Engineer Ship Rock Inverted Ridge
avp:engineershiprock3.smartinvertedridge, Engineer Ship Rock Smart Inverted Ridge
avp:engineershiprock3.smartridge, Engineer Ship Rock Smart Ridge
avp:engineershipcolumn1, Engineer Ship Column
avp:engineershipcolumn1.slope, Engineer Ship Column Slope
avp:engineershipcolumn1.corner, Engineer Ship Column Corner
avp:engineershipcolumn1.invertedcorner, Engineer Ship Column Inverted Corner
avp:engineershipcolumn1.ridge, Engineer Ship Column Ridge
avp:engineershipcolumn1.invertedridge, Engineer Ship Column Inverted Ridge
avp:engineershipcolumn1.smartinvertedridge, Engineer Ship Column Smart Inverted Ridge
avp:engineershipcolumn1.smartridge, Engineer Ship Column Smart Ridge
avp:engineershipcolumn2, Engineer Ship Column
avp:engineershipcolumn2.slope, Engineer Ship Column Slope
avp:engineershipcolumn2.corner, Engineer Ship Column Corner
avp:engineershipcolumn2.invertedcorner, Engineer Ship Column Inverted Corner
avp:engineershipcolumn2.ridge, Engineer Ship Column Ridge
avp:engineershipcolumn2.invertedridge, Engineer Ship Column Inverted Ridge
avp:engineershipcolumn2.smartinvertedridge, Engineer Ship Column Smart Inverted Ridge
avp:engineershipcolumn2.smartridge, Engineer Ship Column Smart Ridge
avp:engineershipmaterial0, Engineer Ship Material 
avp:engineershipmaterial0.slope, Engineer Ship Material Slope
avp:engineershipmaterial0.corner, Engineer Ship Material Corner
avp:engineershipmaterial0.invertedcorner, Engineer Ship Material Inverted Corner
avp:engineershipmaterial0.ridge, Engineer Ship Material Ridge
avp:engineershipmaterial0.invertedridge, Engineer Ship Material Inverted Ridge
avp:engineershipmaterial0.smartinvertedridge, Engineer Ship Material Smart Inverted Ridge
avp:engineershipmaterial0.smartridge, Engineer Ship Material Smart Ridge
avp:engineershipmaterial1, Engineer Ship Material 
avp:engineershipmaterial1.slope, Engineer Ship Material Slope
avp:engineershipmaterial1.corner, Engineer Ship Material Corner
avp:engineershipmaterial1.invertedcorner, Engineer Ship Material Inverted Corner
avp:engineershipmaterial1.ridge, Engineer Ship Material Ridge
avp:engineershipmaterial1.invertedridge, Engineer Ship Material Inverted Ridge
avp:engineershipmaterial1.smartinvertedridge, Engineer Ship Material Smart Inverted Ridge
avp:engineershipmaterial1.smartridge, Engineer Ship Material Smart Ridge
avp:engineershipmaterial2, Engineer Ship Material 
avp:engineershipmaterial2.slope, Engineer Ship Material Slope
avp:engineershipmaterial2.corner, Engineer Ship Material Corner
avp:engineershipmaterial2.invertedcorner, Engineer Ship Material Inverted Corner
avp:engineershipmaterial2.ridge, Engineer Ship Material Ridge
avp:engineershipmaterial2.invertedridge, Engineer Ship Material Inverted Ridge
avp:engineershipmaterial2.smartinvertedridge, Engineer Ship Material Smart Inverted Ridge
avp:engineershipmaterial2.smartridge, Engineer Ship Material Smart Ridge